Figure: medium_4
File Number: 2
Nodes: 100
Edges: 2527
Max Generations: 1000
Population Size: 100
Mutation Rate: 0.02
Colors Used: 36
Runtime: 40.38

Generation,Average Fitness,Best Fitness
0,138.38,108
1,133.86,96
2,129.16,96
3,125.32,96
4,121.0,86
5,118.0,86
6,116.6,86
7,115.56,80
8,113.98,80
9,109.98,80
10,106.98,78
11,105.42,76
12,104.56,76
13,99.94,76
14,99.4,70
15,95.2,70
16,92.38,70
17,89.6,70
18,89.4,70
19,87.16,70
20,84.14,62
21,83.34,62
22,82.88,62
23,82.74,62
24,80.62,56
25,77.6,50
26,76.0,50
27,74.88,50
28,73.2,50
29,72.22,46
30,72.48,46
31,71.22,46
32,69.7,46
33,69.36,40
34,67.58,40
35,66.68,40
36,64.9,40
37,65.38,40
38,65.02,40
39,64.18,36
40,61.04,36
41,62.46,36
42,61.6,36
43,59.22,36
44,57.46,36
45,57.78,36
46,58.46,36
47,58.08,36
48,57.16,36
49,56.34,36
50,56.18,36
51,56.94,36
52,56.48,36
53,55.66,34
54,54.48,32
55,53.52,32
56,51.96,32
57,52.48,32
58,53.1,32
59,50.68,26
60,48.92,26
61,48.58,26
62,48.62,26
63,48.92,26
64,48.02,26
65,46.74,26
66,45.66,26
67,45.34,26
68,46.88,26
69,46.3,26
70,44.98,26
71,45.38,26
72,42.98,26
73,43.36,26
74,44.06,26
75,44.52,26
76,43.54,26
77,43.4,26
78,44.02,26
79,41.9,24
80,41.58,24
81,41.34,24
82,40.06,22
83,39.1,16
84,38.66,16
85,38.34,16
86,37.72,16
87,38.44,16
88,36.84,16
89,35.64,16
90,36.24,16
91,35.56,16
92,36.28,16
93,34.68,16
94,34.22,16
95,32.86,16
96,31.6,16
97,31.6,16
98,31.36,16
99,31.84,14
100,31.74,14
101,31.0,14
102,31.02,14
103,31.84,14
104,31.08,14
105,31.72,14
106,33.5,14
107,31.9,14
108,33.96,14
109,34.7,14
110,34.42,14
111,36.14,14
112,36.88,14
113,37.9,14
114,38.94,14
115,37.34,14
116,33.78,14
117,32.8,14
118,32.02,14
119,32.28,14
120,31.58,14
121,32.16,14
122,31.72,14
123,31.32,14
124,31.44,14
125,32.04,14
126,32.08,14
127,31.74,14
128,32.02,14
129,31.78,14
130,31.76,14
131,32.02,14
132,32.04,14
133,32.38,14
134,32.2,14
135,32.86,14
136,32.86,14
137,31.54,14
138,31.56,12
139,32.04,12
140,32.02,12
141,31.66,12
142,31.72,12
143,31.96,12
144,31.38,12
145,29.82,12
146,30.54,10
147,30.58,10
148,32.0,10
149,32.32,10
150,32.66,10
151,31.98,10
152,33.58,10
153,32.52,10
154,31.48,10
155,31.52,10
156,31.48,10
157,30.68,10
158,32.08,10
159,33.62,10
160,32.86,10
161,33.02,10
162,33.1,10
163,33.4,10
164,33.84,10
165,32.56,10
166,33.3,10
167,32.18,10
168,32.36,10
169,31.6,10
170,32.82,10
171,32.92,10
172,31.8,10
173,32.34,10
174,31.56,10
175,31.66,10
176,31.8,10
177,31.62,10
178,31.68,10
179,30.76,10
180,29.2,10
181,30.34,10
182,30.76,10
183,29.06,10
184,29.52,10
185,31.38,10
186,31.34,10
187,31.88,10
188,32.94,10
189,32.84,10
190,31.4,10
191,31.72,10
192,31.9,10
193,32.2,10
194,31.64,10
195,30.88,10
196,32.98,10
197,33.46,10
198,33.68,10
199,34.54,10
200,35.24,10
201,35.7,10
202,35.42,10
203,34.98,10
204,34.3,10
205,35.32,10
206,34.04,10
207,34.02,8
208,31.52,8
209,30.58,8
210,27.92,8
211,29.22,8
212,28.12,8
213,28.5,8
214,29.66,8
215,29.76,8
216,29.26,8
217,28.8,8
218,29.24,8
219,30.62,8
220,32.0,8
221,30.08,8
222,29.36,8
223,29.7,8
224,30.16,8
225,28.8,8
226,30.12,8
227,31.2,8
228,30.48,8
229,30.7,8
230,31.56,8
231,31.36,8
232,30.92,8
233,31.06,8
234,30.52,8
235,31.28,8
236,29.9,8
237,30.18,8
238,30.02,8
239,29.32,8
240,28.76,8
241,27.42,8
242,27.72,8
243,27.26,6
244,28.0,6
245,27.5,6
246,27.52,6
247,27.62,6
248,25.78,6
249,25.62,6
250,26.08,6
251,26.0,6
252,26.84,6
253,28.4,6
254,29.38,6
255,29.82,6
256,29.32,6
257,30.32,6
258,30.46,6
259,30.04,6
260,29.26,6
261,29.48,6
262,29.64,6
263,28.78,6
264,29.54,6
265,28.62,6
266,26.9,6
267,27.0,6
268,25.22,6
269,26.1,6
270,27.28,6
271,25.92,6
272,25.48,6
273,25.72,6
274,26.52,6
275,26.14,6
276,27.46,6
277,28.94,6
278,27.94,6
279,26.84,6
280,27.12,6
281,25.54,6
282,25.28,6
283,24.96,6
284,24.44,6
285,23.9,6
286,23.74,6
287,23.5,6
288,25.24,6
289,25.36,6
290,27.18,6
291,27.56,6
292,27.24,6
293,26.6,6
294,27.64,6
295,27.62,6
296,27.24,6
297,27.78,6
298,27.82,6
299,28.06,6
300,27.8,6
301,27.02,6
302,27.66,6
303,27.5,6
304,28.2,6
305,28.62,6
306,28.3,6
307,28.64,6
308,27.72,6
309,28.7,6
310,28.76,6
311,28.92,6
312,26.9,6
313,26.36,6
314,27.82,6
315,28.66,6
316,28.34,6
317,26.26,6
318,25.08,6
319,24.46,6
320,24.74,6
321,24.96,6
322,25.8,6
323,25.96,6
324,26.8,6
325,27.44,6
326,28.3,6
327,27.54,6
328,28.8,6
329,29.4,6
330,28.52,6
331,28.36,6
332,28.1,6
333,27.96,6
334,27.06,6
335,26.36,6
336,26.9,6
337,26.84,6
338,27.96,6
339,26.44,6
340,25.44,6
341,24.36,6
342,25.18,6
343,26.62,6
344,25.82,6
345,28.02,6
346,27.76,6
347,28.32,6
348,27.52,6
349,27.64,6
350,26.92,6
351,27.44,6
352,28.08,6
353,28.12,6
354,28.52,6
355,28.98,6
356,28.4,6
357,28.68,6
358,28.28,6
359,28.82,6
360,28.48,6
361,28.7,6
362,30.0,6
363,27.96,6
364,27.86,6
365,28.6,6
366,29.82,6
367,28.92,6
368,27.84,6
369,26.34,6
370,25.3,6
371,24.64,6
372,25.48,6
373,25.42,6
374,25.76,6
375,25.12,6
376,23.52,6
377,24.32,6
378,24.56,6
379,24.6,6
380,23.44,6
381,23.06,6
382,22.56,6
383,23.64,6
384,24.3,6
385,25.72,6
386,25.6,6
387,25.74,6
388,25.68,6
389,25.94,6
390,26.04,6
391,25.88,6
392,25.08,6
393,24.98,6
394,25.06,6
395,24.68,6
396,25.52,6
397,23.94,6
398,24.14,6
399,24.66,6
400,25.78,6
401,25.18,6
402,25.04,6
403,22.7,6
404,23.44,6
405,24.94,6
406,25.76,6
407,25.26,6
408,25.36,6
409,25.4,6
410,25.44,6
411,25.48,4
412,26.56,4
413,26.08,4
414,27.88,4
415,28.26,4
416,27.58,4
417,27.86,4
418,26.32,4
419,28.44,4
420,25.64,4
421,25.22,4
422,27.06,4
423,27.0,4
424,27.94,4
425,26.56,4
426,25.5,4
427,25.6,4
428,27.36,4
429,28.16,4
430,27.2,4
431,26.2,4
432,25.16,4
433,24.54,4
434,25.18,4
435,25.12,4
436,25.64,4
437,26.56,4
438,26.6,4
439,27.16,4
440,26.74,4
441,25.16,4
442,24.42,4
443,23.52,4
444,23.9,4
445,24.48,4
446,24.4,4
447,23.72,4
448,24.04,4
449,24.82,4
450,24.72,4
451,25.3,4
452,24.56,4
453,23.7,4
454,25.02,4
455,25.88,4
456,27.4,4
457,26.12,4
458,25.86,4
459,26.4,4
460,27.2,4
461,28.12,4
462,27.44,4
463,27.48,4
464,27.66,4
465,26.82,4
466,26.7,4
467,25.38,4
468,24.98,4
469,24.56,4
470,23.96,4
471,22.78,4
472,22.26,4
473,23.0,4
474,22.66,4
475,23.98,4
476,24.7,4
477,25.14,4
478,26.44,4
479,26.6,4
480,26.92,4
481,26.84,4
482,26.42,4
483,26.46,4
484,27.34,4
485,26.24,4
486,24.78,4
487,24.66,4
488,24.12,4
489,24.84,4
490,24.42,4
491,23.78,4
492,23.8,4
493,23.22,4
494,23.82,4
495,23.66,4
496,23.02,4
497,23.36,4
498,22.98,4
499,23.7,4
500,24.44,4
501,22.94,4
502,22.58,4
503,23.94,4
504,25.34,4
505,25.38,4
506,25.9,4
507,26.56,4
508,26.98,4
509,27.54,4
510,27.14,4
511,26.8,4
512,26.86,4
513,27.72,4
514,28.02,4
515,26.86,4
516,27.24,4
517,25.44,4
518,25.88,4
519,27.7,4
520,28.96,4
521,27.94,4
522,29.32,4
523,29.68,4
524,28.84,4
525,29.86,4
526,28.0,4
527,27.74,4
528,27.7,4
529,26.08,4
530,24.58,4
531,24.58,4
532,24.48,4
533,24.38,4
534,24.48,4
535,25.58,4
536,26.0,4
537,25.66,4
538,25.26,4
539,26.84,4
540,27.16,4
541,25.62,4
542,26.16,4
543,25.54,4
544,26.48,4
545,26.28,4
546,26.74,4
547,27.26,4
548,27.7,4
549,27.38,4
550,27.12,4
551,27.04,4
552,27.52,4
553,27.12,4
554,25.76,4
555,24.84,4
556,24.56,4
557,23.98,4
558,23.88,4
559,23.18,4
560,23.04,4
561,22.38,4
562,22.16,4
563,22.16,4
564,23.86,4
565,23.5,4
566,23.66,4
567,24.44,4
568,22.88,4
569,22.84,4
570,22.88,4
571,22.04,4
572,23.14,4
573,25.06,4
574,25.7,4
575,25.74,4
576,24.72,4
577,25.56,4
578,26.1,4
579,25.16,4
580,25.12,4
581,25.7,4
582,24.2,4
583,24.62,4
584,25.68,4
585,26.88,4
586,27.8,4
587,28.38,4
588,27.46,4
589,27.22,4
590,27.38,4
591,25.78,4
592,24.76,4
593,24.94,4
594,25.16,4
595,25.62,4
596,27.02,4
597,26.12,4
598,24.56,4
599,24.9,4
600,25.32,4
601,25.58,4
602,25.68,4
603,25.12,4
604,24.0,4
605,23.28,4
606,23.24,4
607,24.88,4
608,23.12,4
609,24.98,4
610,27.28,4
611,27.34,4
612,26.9,4
613,28.88,4
614,29.3,4
615,27.4,4
616,28.62,4
617,27.56,4
618,27.06,4
619,26.54,4
620,26.36,4
621,26.1,4
622,25.7,4
623,25.1,4
624,24.58,4
625,25.52,4
626,25.32,4
627,24.84,4
628,23.96,4
629,23.7,4
630,23.1,4
631,23.52,4
632,23.66,4
633,24.48,4
634,24.48,4
635,25.08,4
636,24.96,4
637,24.72,4
638,26.14,4
639,25.44,4
640,24.12,4
641,25.02,4
642,25.46,4
643,26.78,4
644,26.28,4
645,26.32,4
646,25.98,4
647,27.24,4
648,26.4,4
649,24.88,4
650,25.88,4
651,26.2,4
652,27.36,4
653,26.52,4
654,27.32,4
655,28.68,4
656,28.92,4
657,28.08,4
658,29.8,4
659,27.24,4
660,26.58,4
661,27.02,4
662,27.38,4
663,28.74,4
664,28.3,4
665,27.32,4
666,25.6,4
667,25.92,4
668,24.76,4
669,25.72,4
670,26.56,4
671,27.08,4
672,27.72,4
673,29.38,4
674,31.2,4
675,31.34,4
676,29.9,4
677,30.24,4
678,30.04,4
679,29.94,4
680,29.88,4
681,29.24,4
682,28.82,4
683,27.7,4
684,28.08,4
685,26.12,4
686,25.42,4
687,24.12,4
688,21.62,4
689,22.82,4
690,22.84,4
691,21.8,4
692,23.16,4
693,23.98,4
694,24.28,4
695,23.5,4
696,23.12,4
697,24.36,4
698,24.22,4
699,24.06,4
700,23.72,4
701,24.84,4
702,26.54,4
703,25.76,4
704,25.72,4
705,23.34,4
706,22.66,4
707,22.7,4
708,23.36,4
709,24.46,4
710,23.9,4
711,23.44,4
712,23.26,4
713,22.02,4
714,21.62,4
715,22.98,4
716,22.4,4
717,22.3,4
718,21.98,4
719,21.8,4
720,22.9,4
721,23.12,4
722,21.7,4
723,23.0,4
724,23.88,4
725,24.98,4
726,24.96,4
727,25.2,4
728,25.02,4
729,25.18,4
730,25.9,4
731,26.16,4
732,27.9,4
733,27.18,4
734,26.82,4
735,26.46,4
736,26.66,4
737,27.64,4
738,28.48,2
739,27.06,2
740,26.88,2
741,25.94,2
742,25.68,2
743,25.8,2
744,24.88,2
745,24.26,2
746,24.42,2
747,23.82,2
748,25.18,2
749,25.18,2
750,25.9,2
751,24.58,2
752,25.08,2
753,25.44,2
754,25.94,2
755,26.98,2
756,27.6,2
757,27.02,2
758,27.9,2
759,28.12,2
760,27.38,2
761,27.7,2
762,28.68,2
763,28.66,2
764,27.82,2
765,26.68,2
766,27.18,2
767,26.82,2
768,26.76,2
769,25.66,2
770,27.02,2
771,27.64,2
772,25.76,2
773,27.0,2
774,28.34,2
775,27.62,2
776,27.78,2
777,27.74,2
778,27.96,2
779,26.96,2
780,27.62,2
781,27.2,2
782,27.2,2
783,28.46,2
784,28.28,2
785,29.52,2
786,29.76,2
787,30.92,2
788,29.3,2
789,28.6,2
790,27.86,2
791,27.04,2
792,26.32,2
793,25.62,2
794,25.9,2
795,25.2,2
796,24.98,2
797,26.58,2
798,26.6,2
799,27.4,2
800,27.28,2
801,27.66,2
802,28.56,2
803,28.14,2
804,28.28,2
805,27.54,2
806,27.9,2
807,28.04,2
808,28.92,2
809,29.6,2
810,29.7,2
811,29.04,2
812,27.84,2
813,25.74,2
814,26.14,2
815,25.52,2
816,25.38,2
817,23.86,2
818,22.44,2
819,23.08,2
820,24.46,2
821,25.46,2
822,24.44,2
823,23.92,2
824,22.78,2
825,22.78,2
826,21.54,2
827,23.4,2
828,23.38,2
829,24.16,2
830,24.78,2
831,25.42,2
832,26.78,2
833,27.94,2
834,27.32,2
835,27.3,2
836,27.2,2
837,27.28,2
838,25.66,2
839,25.48,2
840,26.96,2
841,27.14,2
842,27.1,2
843,27.54,2
844,26.74,2
845,26.32,2
846,25.84,2
847,25.46,2
848,25.42,2
849,24.12,2
850,24.22,2
851,24.72,2
852,25.72,2
853,23.44,2
854,22.0,2
855,22.86,2
856,23.24,2
857,23.0,2
858,22.82,2
859,23.7,2
860,22.42,2
861,22.54,2
862,23.04,2
863,22.9,2
864,22.86,2
865,22.1,2
866,22.52,2
867,22.3,2
868,23.5,2
869,21.56,2
870,21.38,2
871,20.52,2
872,20.46,2
873,21.6,2
874,21.62,2
875,22.92,2
876,24.04,2
877,24.68,2
878,24.94,2
879,25.3,2
880,23.98,2
881,23.1,2
882,24.32,2
883,24.56,2
884,24.86,2
885,23.96,2
886,23.08,2
887,22.8,2
888,21.96,2
889,21.98,2
890,23.02,2
891,24.44,2
892,24.06,2
893,24.28,2
894,23.6,2
895,22.04,2
896,22.36,2
897,22.14,2
898,21.66,2
899,22.42,2
900,23.58,2
901,24.54,2
902,24.02,2
903,24.72,2
904,25.26,2
905,25.5,2
906,26.98,2
907,26.66,2
908,25.88,2
909,25.46,2
910,26.38,2
911,26.4,2
912,25.98,2
913,24.74,2
914,24.76,2
915,25.42,2
916,25.06,2
917,24.3,2
918,24.34,2
919,23.86,2
920,22.94,2
921,23.36,2
922,23.82,2
923,24.1,2
924,24.98,2
925,25.44,2
926,24.16,2
927,23.34,2
928,23.36,2
929,24.72,2
930,24.96,2
931,23.62,2
932,23.66,2
933,23.78,2
934,23.92,2
935,24.14,2
936,23.84,2
937,23.36,2
938,24.06,2
939,23.26,2
940,22.44,2
941,21.62,2
942,22.64,2
943,23.96,2
944,23.52,2
945,23.52,2
946,24.48,2
947,24.36,2
948,23.58,2
949,23.92,2
950,23.9,2
951,24.16,2
952,24.2,2
953,25.74,2
954,25.5,2
955,25.24,2
956,26.42,2
957,27.12,2
958,27.7,2
959,26.1,2
960,25.2,2
961,25.66,2
962,23.44,2
963,24.34,2
964,23.84,2
965,24.58,2
966,24.56,2
967,23.52,2
968,24.0,2
969,23.8,2
970,24.4,2
971,23.54,2
972,23.84,2
973,23.62,2
974,24.58,2
975,24.12,2
976,25.36,2
977,24.6,2
978,24.72,2
979,24.5,2
980,23.88,2
981,23.2,2
982,23.66,2
983,22.78,2
984,23.54,2
985,21.54,2
986,21.74,2
987,19.7,2
988,19.76,2
989,20.18,2
990,21.22,2
991,19.88,2
992,20.02,2
993,21.6,2
994,22.06,2
995,22.96,2
996,23.32,2
997,23.84,2
998,25.5,2
999,25.06,2
