Figure: small_1
File Number: 13
Nodes: 11
Edges: 20
Max Generations: 1000
Population Size: 100
Mutation Rate: 0.01
Colors Used: 4
Runtime: 0.00

Generation,Average Fitness,Best Fitness
0,6.86,3
1,6.11,2
2,5.57,2
3,4.92,1
4,4.5,1
5,4.31,1
6,3.64,1
7,3.29,1
8,3.15,1
9,2.84,1
10,2.83,1
11,2.17,1
12,1.81,1
13,1.71,1
14,1.52,1
15,1.53,1
16,1.41,1
17,1.25,1
18,1.38,1
19,1.32,1
20,1.08,1
21,1.15,1
22,1.14,1
23,1.14,1
24,1.14,1
25,1.27,1
26,1.23,1
27,1.19,1
28,1.21,1
29,1.14,1
30,1.16,1
31,1.24,1
32,1.14,1
33,1.19,1
34,1.12,1
35,1.24,1
36,1.19,1
37,1.21,1
38,1.14,1
39,1.16,1
40,1.22,1
41,1.15,1
42,1.12,1
43,1.29,1
44,1.25,1
45,1.21,1
46,1.22,1
47,1.14,1
48,1.22,1
49,1.04,1
50,1.21,1
51,1.2,1
52,1.24,1
53,1.11,1
54,1.22,1
55,1.1,1
56,1.11,1
57,1.29,1
58,1.33,1
59,1.16,1
60,1.26,1
61,1.24,1
62,1.22,1
63,1.13,1
64,1.08,1
65,1.17,1
66,1.1,1
67,1.15,1
68,1.17,1
69,1.06,1
70,1.14,1
71,1.12,1
72,1.15,1
73,1.37,1
74,1.4,1
75,1.09,1
76,1.23,1
77,1.28,1
78,1.22,1
79,1.13,1
80,1.16,1
81,1.08,1
82,1.09,1
83,1.05,1
84,1.15,1
85,1.24,1
86,1.33,1
87,1.21,1
88,1.32,1
89,1.11,1
90,1.1,1
91,1.25,1
92,1.12,1
93,1.13,1
94,1.26,1
95,1.1,1
96,1.09,1
97,1.07,1
98,1.13,1
99,1.09,1
100,1.1,1
101,1.16,1
102,1.11,1
103,1.11,1
104,1.17,1
105,1.15,1
106,1.24,1
107,1.27,1
108,1.26,1
109,1.22,1
110,1.19,1
111,1.18,1
112,1.18,1
113,1.1,1
114,1.2,1
115,1.08,1
116,1.18,1
117,1.23,1
118,1.22,1
119,1.09,1
120,1.2,1
121,1.13,1
122,1.07,1
123,1.11,1
124,1.27,1
125,1.14,1
126,1.24,1
127,1.14,1
128,1.17,1
129,1.14,1
130,1.08,1
131,1.12,1
132,1.23,1
133,1.2,1
134,1.23,1
135,1.17,1
136,1.15,1
137,1.19,1
138,1.24,1
139,1.11,1
140,1.15,1
141,1.13,1
142,1.18,1
143,1.15,1
144,1.09,1
145,1.05,1
146,1.22,1
147,1.09,1
148,1.1,1
149,1.24,1
150,1.09,1
151,1.13,1
152,1.05,1
153,1.13,1
154,1.33,1
155,1.17,1
156,1.18,1
157,1.27,1
158,1.2,1
159,1.18,1
160,1.26,1
161,1.13,1
162,1.12,1
163,1.25,1
164,1.16,1
165,1.13,1
166,1.08,1
167,1.1,1
168,1.12,1
169,1.19,1
170,1.14,1
171,1.18,1
172,1.25,1
173,1.17,1
174,1.08,1
175,1.29,1
176,1.21,1
177,1.25,1
178,1.26,1
179,1.28,1
180,1.23,1
181,1.15,1
182,1.19,1
183,1.14,1
184,1.23,1
185,1.21,1
186,1.19,1
187,1.16,1
188,1.07,1
189,1.23,1
190,1.26,1
191,1.21,1
192,1.16,1
193,1.18,1
194,1.22,1
195,1.31,1
196,1.26,1
197,1.34,1
198,1.4,1
199,1.17,1
200,1.19,1
201,1.12,1
202,1.12,1
203,1.07,1
204,1.13,1
205,1.17,1
206,1.17,1
207,1.11,1
208,1.13,1
209,1.12,1
210,1.18,1
211,1.07,1
212,1.18,1
213,1.04,1
214,1.08,1
215,1.18,1
216,1.19,1
217,1.14,1
218,1.14,1
219,1.12,1
220,1.15,1
221,1.1,1
222,1.1,1
223,1.06,1
224,1.16,1
225,1.09,1
226,1.15,1
227,1.15,1
228,1.16,1
229,1.12,1
230,1.1,1
231,1.14,1
232,1.13,1
233,1.17,1
234,1.13,1
235,1.1,1
236,1.11,1
237,1.17,1
238,1.13,1
239,1.06,1
240,1.16,1
241,1.1,1
242,1.19,1
243,1.13,1
244,1.1,1
245,1.24,1
246,1.23,1
247,1.11,1
248,1.14,1
249,1.16,1
250,1.09,1
251,1.14,1
252,1.16,1
253,1.27,1
254,1.14,1
255,1.07,1
256,1.09,1
257,1.33,1
258,1.28,1
259,1.1,1
260,1.18,1
261,1.04,1
262,1.1,1
263,1.13,1
264,1.3,1
265,1.17,1
266,1.25,1
267,1.16,1
268,1.21,1
269,1.18,1
270,1.14,1
271,1.28,1
272,1.11,1
273,1.13,1
274,1.17,1
275,1.09,1
276,1.2,1
277,1.24,1
278,1.06,1
279,1.19,1
280,1.27,1
281,1.17,1
282,1.12,1
283,1.09,1
284,1.18,1
285,1.15,1
286,1.29,1
287,1.18,1
288,1.2,1
289,1.07,1
290,1.17,1
291,1.2,1
292,1.11,1
293,1.13,1
294,1.14,1
295,1.17,1
296,1.16,1
297,1.26,1
298,1.15,1
299,1.12,1
300,1.21,1
301,1.12,1
302,1.4,1
303,1.18,1
304,1.33,1
305,1.22,1
306,1.19,1
307,1.15,1
308,1.23,1
309,1.18,1
310,1.13,1
311,1.2,1
312,1.16,1
313,1.02,1
314,1.03,1
315,1.2,1
316,1.15,1
317,1.13,1
318,1.17,1
319,1.14,1
320,1.14,1
321,1.15,1
322,1.06,1
323,1.1,1
324,1.16,1
325,1.17,1
326,1.05,1
327,1.18,1
328,1.19,1
329,1.14,1
330,1.17,1
331,1.23,1
332,1.15,1
333,1.15,1
334,1.17,1
335,1.17,1
336,1.15,1
337,1.25,1
338,1.29,1
339,1.21,1
340,1.37,1
341,1.2,1
342,1.1,1
343,1.1,1
344,1.18,1
345,1.2,1
346,1.18,1
347,1.09,1
348,1.07,1
349,1.12,1
350,1.09,1
351,1.19,1
352,1.23,1
353,1.21,1
354,1.14,1
355,1.12,1
356,1.06,1
357,1.18,1
358,1.03,1
359,1.08,1
360,1.22,1
361,1.14,1
362,1.29,1
363,1.07,1
364,1.18,1
365,1.15,1
366,1.26,1
367,1.15,1
368,1.2,1
369,1.13,1
370,1.17,1
371,1.25,1
372,1.12,1
373,1.24,1
374,1.21,1
375,1.3,1
376,1.26,1
377,1.15,1
378,1.07,1
379,1.22,1
380,1.13,1
381,1.22,1
382,1.21,1
383,1.12,1
384,1.28,1
385,1.21,1
386,1.25,1
387,1.08,1
388,1.13,1
389,1.11,1
390,1.08,1
391,1.1,1
392,1.15,1
393,1.32,1
394,1.3,1
395,1.22,1
396,1.26,1
397,1.15,1
398,1.18,1
399,1.21,1
400,1.21,1
401,1.1,1
402,1.09,1
403,1.08,1
404,1.19,1
405,1.04,1
406,1.06,1
407,1.1,1
408,1.18,1
409,1.28,1
410,1.21,1
411,1.13,1
412,1.09,1
413,1.17,1
414,1.07,1
415,1.07,1
416,1.06,1
417,1.23,1
418,1.12,1
419,1.21,1
420,1.17,1
421,1.28,1
422,1.23,1
423,1.19,1
424,1.21,1
425,1.15,1
426,1.09,1
427,1.09,1
428,1.11,1
429,1.08,1
430,1.2,1
431,1.1,1
432,1.27,1
433,1.18,1
434,1.08,1
435,1.1,1
436,1.09,1
437,1.14,1
438,1.08,1
439,1.17,1
440,1.19,1
441,1.12,1
442,1.37,1
443,1.26,1
444,1.09,1
445,1.17,1
446,1.25,1
447,1.22,1
448,1.19,1
449,1.23,1
450,1.33,1
451,1.34,1
452,1.16,1
453,1.19,1
454,1.04,1
455,1.17,1
456,1.22,1
457,1.17,1
458,1.2,1
459,1.2,1
460,1.13,1
461,1.2,1
462,1.23,1
463,1.16,1
464,1.22,1
465,1.23,1
466,1.12,1
467,1.15,1
468,1.18,1
469,1.22,1
470,1.2,1
471,1.13,1
472,1.2,1
473,1.29,1
474,1.09,1
475,1.09,1
476,1.08,1
477,1.08,1
478,1.21,1
479,1.15,1
480,1.11,1
481,1.23,1
482,1.12,1
483,1.19,1
484,1.31,1
485,1.21,1
486,1.22,1
487,1.21,1
488,1.18,1
489,1.28,1
490,1.25,1
491,1.23,1
492,1.17,1
493,1.15,1
494,1.21,1
495,1.18,1
496,1.18,1
497,1.14,1
498,1.08,1
499,1.17,1
500,1.16,1
501,1.12,1
502,1.13,1
503,1.24,1
504,1.16,1
505,1.18,1
506,1.12,1
507,1.11,1
508,1.22,1
509,1.12,1
510,1.16,1
511,1.26,1
512,1.14,1
513,1.18,1
514,1.16,1
515,1.13,1
516,1.21,1
517,1.2,1
518,1.22,1
519,1.18,1
520,1.23,1
521,1.1,1
522,1.26,1
523,1.21,1
524,1.14,1
525,1.15,1
526,1.13,1
527,1.18,1
528,1.17,1
529,1.15,1
530,1.09,1
531,1.12,1
532,1.2,1
533,1.14,1
534,1.15,1
535,1.07,1
536,1.1,1
537,1.25,1
538,1.25,1
539,1.43,1
540,1.21,1
541,1.01,1
542,1.19,1
543,1.19,1
544,1.19,1
545,1.08,1
546,1.27,1
547,1.34,1
548,1.15,1
549,1.27,1
550,1.22,1
551,1.09,1
552,1.04,1
553,1.21,1
554,1.2,1
555,1.1,1
556,1.09,1
557,1.1,1
558,1.12,1
559,1.24,1
560,1.1,1
561,1.22,1
562,1.25,1
563,1.1,1
564,1.18,1
565,1.14,1
566,1.07,1
567,1.12,1
568,1.17,1
569,1.25,1
570,1.27,1
571,1.27,1
572,1.22,1
573,1.26,1
574,1.26,1
575,1.2,1
576,1.1,1
577,1.23,1
578,1.29,1
579,1.21,1
580,1.17,1
581,1.09,1
582,1.08,1
583,1.19,1
584,1.19,1
585,1.29,1
586,1.16,1
587,1.08,1
588,1.17,1
589,1.15,1
590,1.1,1
591,1.1,1
592,1.15,1
593,1.25,1
594,1.11,1
595,1.09,1
596,1.14,1
597,1.26,1
598,1.09,1
599,1.23,1
600,1.24,1
601,1.19,1
602,1.21,1
603,1.15,1
604,1.14,1
605,1.4,1
606,1.16,1
607,1.06,1
608,1.07,1
609,1.13,1
610,1.13,1
611,1.1,1
612,1.16,1
613,1.06,1
614,1.1,1
615,1.23,1
616,1.06,1
617,1.23,1
618,1.19,1
619,1.09,1
620,1.16,1
621,1.22,1
622,1.09,1
623,1.22,1
624,1.28,1
625,1.18,1
626,1.12,1
627,1.1,1
628,1.16,1
629,1.18,1
630,1.14,1
631,1.14,1
632,1.05,1
633,1.23,1
634,1.21,1
635,1.27,1
636,1.14,1
637,1.27,1
638,1.15,1
639,1.07,1
640,1.2,1
641,1.07,1
642,1.15,1
643,1.15,1
644,1.24,1
645,1.09,1
646,1.13,1
647,1.2,1
648,1.08,1
649,1.21,1
650,1.27,1
651,1.21,1
652,1.09,1
653,1.05,1
654,1.14,1
655,1.18,1
656,1.16,1
657,1.1,1
658,1.09,1
659,1.16,1
660,1.17,1
661,1.19,1
662,1.32,1
663,1.15,1
664,1.21,1
665,1.19,1
666,1.25,1
667,1.17,1
668,1.24,1
669,1.03,1
670,1.14,1
671,1.1,1
672,1.1,1
673,1.21,1
674,1.15,1
675,1.11,1
676,1.15,1
677,1.14,1
678,1.18,1
679,1.08,1
680,1.17,1
681,1.05,1
682,1.03,1
683,1.09,1
684,1.2,1
685,1.1,1
686,1.22,1
687,1.21,1
688,1.16,1
689,1.15,1
690,1.14,1
691,1.32,1
692,1.25,1
693,1.12,1
694,1.07,1
695,1.22,1
696,1.27,1
697,1.18,1
698,1.19,1
699,1.19,1
700,1.2,1
701,1.12,1
702,1.26,1
703,1.26,1
704,1.14,1
705,1.06,1
706,1.08,1
707,1.1,1
708,1.05,1
709,1.19,1
710,1.1,1
711,1.11,1
712,1.28,1
713,1.25,1
714,1.14,1
715,1.1,1
716,1.01,1
717,1.19,1
718,1.26,1
719,1.24,1
720,1.12,1
721,1.14,1
722,1.1,1
723,1.08,1
724,1.1,1
725,1.14,1
726,1.07,1
727,1.2,1
728,1.15,1
729,1.12,1
730,1.15,1
731,1.17,1
732,1.08,1
733,1.06,1
734,1.13,1
735,1.19,1
736,1.15,1
737,1.16,1
738,1.05,1
739,1.14,1
740,1.32,1
741,1.23,1
742,1.21,1
743,1.1,1
744,1.12,1
745,1.11,1
746,1.11,1
747,1.06,1
748,1.16,1
749,1.31,1
750,1.16,1
751,1.28,1
752,1.16,1
753,1.12,1
754,1.11,1
755,1.15,1
756,1.19,1
757,1.13,1
758,1.12,1
759,1.13,1
760,1.05,1
761,1.08,1
762,1.15,1
763,1.13,1
764,1.15,1
765,1.03,1
766,1.11,1
767,1.15,1
768,1.21,1
769,1.18,1
770,1.2,1
771,1.19,1
772,1.16,1
773,1.16,1
774,1.32,1
775,1.12,1
776,1.09,1
777,1.23,1
778,1.12,1
779,1.22,1
780,1.24,1
781,1.18,1
782,1.34,1
783,1.28,1
784,1.24,1
785,1.11,1
786,1.16,1
787,1.07,1
788,1.23,1
789,1.26,1
790,1.14,1
791,1.08,1
792,1.14,1
793,1.08,1
794,1.16,1
795,1.08,1
796,1.09,1
797,1.21,1
798,1.15,1
799,1.14,1
800,1.19,1
801,1.2,1
802,1.19,1
803,1.13,1
804,1.15,1
805,1.19,1
806,1.18,1
807,1.15,1
808,1.2,1
809,1.18,1
810,1.21,1
811,1.13,1
812,1.14,1
813,1.38,1
814,1.22,1
815,1.1,1
816,1.1,1
817,1.14,1
818,1.23,1
819,1.22,1
820,1.18,1
821,1.07,1
822,1.06,1
823,1.21,1
824,1.04,1
825,1.16,1
826,1.08,1
827,1.14,1
828,1.32,1
829,1.11,1
830,1.13,1
831,1.22,1
832,1.12,1
833,1.19,1
834,1.27,1
835,1.08,1
836,1.19,1
837,1.13,1
838,1.23,1
839,1.21,1
840,1.24,1
841,1.24,1
842,1.07,1
843,1.13,1
844,1.17,1
845,1.15,1
846,1.36,1
847,1.1,1
848,1.19,1
849,1.25,1
850,1.1,1
851,1.27,1
852,1.07,1
853,1.17,1
854,1.17,1
855,1.2,1
856,1.14,1
857,1.1,1
858,1.08,1
859,1.13,1
860,1.26,1
861,1.16,1
862,1.09,1
863,1.13,1
864,1.1,1
865,1.2,1
866,1.08,1
867,1.22,1
868,1.19,1
869,1.29,1
870,1.2,1
871,1.27,1
872,1.18,1
873,1.25,1
874,1.21,1
875,1.16,1
876,1.17,1
877,1.18,1
878,1.14,1
879,1.2,1
880,1.19,1
881,1.16,1
882,1.23,1
883,1.24,1
884,1.18,1
885,1.16,1
886,1.08,1
887,1.17,1
888,1.21,1
889,1.26,1
890,1.14,1
891,1.12,1
892,1.13,1
893,1.22,1
894,1.3,1
895,1.19,1
896,1.12,1
897,1.06,1
898,1.13,1
899,1.1,1
900,1.05,1
901,1.11,1
902,1.09,1
903,1.13,1
904,1.18,1
905,1.16,1
906,1.11,1
907,1.13,1
908,1.18,1
909,1.18,1
910,1.19,1
911,1.22,1
912,1.23,1
913,1.15,1
914,1.16,1
915,1.12,1
916,1.11,1
917,1.14,1
918,1.1,1
919,1.16,1
920,1.24,1
921,1.16,1
922,1.14,1
923,1.23,1
924,1.25,1
925,1.15,1
926,1.07,1
927,1.06,1
928,1.11,1
929,1.2,1
930,1.17,1
931,1.12,1
932,1.13,1
933,1.1,1
934,1.14,1
935,1.13,1
936,1.09,1
937,1.15,1
938,1.08,1
939,1.14,1
940,1.12,1
941,1.19,1
942,1.2,1
943,1.24,1
944,1.02,1
945,1.24,1
946,1.15,1
947,1.1,1
948,1.09,1
949,1.2,1
950,1.25,1
951,1.07,1
952,1.22,1
953,1.12,1
954,1.22,1
955,1.19,1
956,1.27,1
957,1.14,1
958,1.19,1
959,1.3,1
960,1.14,1
961,1.2,1
962,1.2,1
963,1.11,1
964,1.2,1
965,1.2,1
966,1.19,1
967,1.16,1
968,1.17,1
969,1.04,1
970,1.25,1
971,1.12,1
972,1.11,1
973,1.14,1
974,1.09,1
975,1.1,1
976,1.2,1
977,1.2,1
978,1.2,1
979,1.06,1
980,1.22,1
981,1.12,1
982,1.18,1
983,1.27,1
984,1.15,1
985,1.16,1
986,1.07,1
987,1.09,1
988,1.16,1
989,1.25,1
990,1.11,1
991,1.16,1
992,1.13,1
993,1.17,1
994,1.08,1
995,1.13,1
996,1.09,1
997,1.21,1
998,1.09,1
999,1.16,1
