Figure: small_1
File Number: 18
Nodes: 11
Edges: 20
Max Generations: 1000
Population Size: 100
Mutation Rate: 0.01
Colors Used: 4
Runtime: 0.00

Generation,Average Fitness,Best Fitness
0,6.46,1
1,5.47,1
2,5.16,1
3,4.9,1
4,4.41,1
5,4.11,1
6,4.05,1
7,3.82,1
8,3.72,1
9,3.32,1
10,3.12,1
11,2.98,1
12,2.68,1
13,2.42,1
14,2.14,1
15,1.75,1
16,1.61,1
17,1.24,1
18,1.12,1
19,1.25,1
20,1.16,1
21,1.08,1
22,1.26,1
23,1.14,1
24,1.36,1
25,1.28,1
26,1.09,1
27,1.07,1
28,1.18,1
29,1.06,1
30,1.15,1
31,1.12,1
32,1.24,1
33,1.1,1
34,1.2,1
35,1.17,1
36,1.28,1
37,1.27,1
38,1.15,1
39,1.2,1
40,1.14,1
41,1.26,1
42,1.15,1
43,1.18,1
44,1.3,1
45,1.11,1
46,1.22,1
47,1.14,1
48,1.21,1
49,1.05,1
50,1.25,1
51,1.1,1
52,1.14,1
53,1.1,1
54,1.12,1
55,1.2,1
56,1.16,1
57,1.23,1
58,1.19,1
59,1.16,1
60,1.09,1
61,1.21,1
62,1.27,1
63,1.15,1
64,1.17,1
65,1.29,1
66,1.19,1
67,1.25,1
68,1.34,1
69,1.29,1
70,1.36,1
71,1.08,1
72,1.18,1
73,1.18,1
74,1.25,1
75,1.1,1
76,1.21,1
77,1.24,1
78,1.23,1
79,1.19,1
80,1.11,1
81,1.04,1
82,1.2,1
83,1.19,1
84,1.23,1
85,1.25,1
86,1.33,1
87,1.17,1
88,1.21,1
89,1.17,1
90,1.14,1
91,1.2,1
92,1.06,1
93,1.19,1
94,1.13,1
95,1.13,1
96,1.18,1
97,1.22,1
98,1.14,1
99,1.11,1
100,1.15,1
101,1.14,1
102,1.18,1
103,1.08,1
104,1.2,1
105,1.09,1
106,1.18,1
107,1.21,1
108,1.17,1
109,1.2,1
110,1.29,1
111,1.24,1
112,1.21,1
113,1.2,1
114,1.29,1
115,1.44,1
116,1.3,1
117,1.23,1
118,1.26,1
119,1.27,1
120,1.28,1
121,1.37,1
122,1.14,1
123,1.08,1
124,1.18,1
125,1.12,1
126,1.15,1
127,1.11,1
128,1.16,1
129,1.06,1
130,1.14,1
131,1.03,1
132,1.18,1
133,1.29,1
134,1.4,1
135,1.19,1
136,1.36,1
137,1.17,1
138,1.24,1
139,1.29,1
140,1.06,1
141,1.17,1
142,1.08,1
143,1.17,1
144,1.16,1
145,1.07,1
146,1.22,1
147,1.18,1
148,1.09,1
149,1.07,1
150,1.29,1
151,1.07,1
152,1.26,1
153,1.1,1
154,1.16,1
155,1.15,1
156,1.17,1
157,1.18,1
158,1.07,1
159,1.24,1
160,1.22,1
161,1.26,1
162,1.22,1
163,1.08,1
164,1.07,1
165,1.1,1
166,1.12,1
167,1.15,1
168,1.12,1
169,1.16,1
170,1.03,1
171,1.11,1
172,1.14,1
173,1.21,1
174,1.15,1
175,1.14,1
176,1.31,1
177,1.18,1
178,1.31,1
179,1.23,1
180,1.27,1
181,1.16,1
182,1.19,1
183,1.14,1
184,1.26,1
185,1.19,1
186,1.11,1
187,1.18,1
188,1.16,1
189,1.12,1
190,1.04,1
191,1.33,1
192,1.13,1
193,1.02,1
194,1.22,1
195,1.19,1
196,1.12,1
197,1.27,1
198,1.25,1
199,1.31,1
200,1.16,1
201,1.15,1
202,1.12,1
203,1.21,1
204,1.13,1
205,1.15,1
206,1.32,1
207,1.35,1
208,1.14,1
209,1.26,1
210,1.21,1
211,1.22,1
212,1.21,1
213,1.18,1
214,1.45,1
215,1.24,1
216,1.19,1
217,1.16,1
218,1.24,1
219,1.16,1
220,1.17,1
221,1.19,1
222,1.1,1
223,1.16,1
224,1.08,1
225,1.09,1
226,1.07,1
227,1.35,1
228,1.25,1
229,1.13,1
230,1.11,1
231,1.19,1
232,1.1,1
233,1.19,1
234,1.16,1
235,1.22,1
236,1.21,1
237,1.07,1
238,1.28,1
239,1.24,1
240,1.24,1
241,1.27,1
242,1.2,1
243,1.3,1
244,1.13,1
245,1.15,1
246,1.21,1
247,1.09,1
248,1.05,1
249,1.14,1
250,1.06,1
251,1.09,1
252,1.12,1
253,1.11,1
254,1.13,1
255,1.08,1
256,1.06,1
257,1.29,1
258,1.16,1
259,1.18,1
260,1.15,1
261,1.12,1
262,1.05,1
263,1.22,1
264,1.18,1
265,1.3,1
266,1.51,1
267,1.31,1
268,1.05,1
269,1.16,1
270,1.16,1
271,1.22,1
272,1.37,1
273,1.16,1
274,1.27,1
275,1.1,1
276,1.15,1
277,1.36,1
278,1.27,1
279,1.25,1
280,1.23,1
281,1.14,1
282,1.3,1
283,1.21,1
284,1.13,1
285,1.13,1
286,1.14,1
287,1.2,1
288,1.12,1
289,1.22,1
290,1.15,1
291,1.09,1
292,1.03,1
293,1.41,1
294,1.19,1
295,1.07,1
296,1.16,1
297,1.2,1
298,1.11,1
299,1.1,1
300,1.07,1
301,1.07,1
302,1.21,1
303,1.17,1
304,1.11,1
305,1.19,1
306,1.11,1
307,1.3,1
308,1.39,1
309,1.26,1
310,1.15,1
311,1.17,1
312,1.25,1
313,1.23,1
314,1.13,1
315,1.27,1
316,1.24,1
317,1.18,1
318,1.18,1
319,1.13,1
320,1.26,1
321,1.25,1
322,1.22,1
323,1.09,1
324,1.35,1
325,1.19,1
326,1.19,1
327,1.17,1
328,1.39,1
329,1.18,1
330,1.14,1
331,1.25,1
332,1.16,1
333,1.2,1
334,1.21,1
335,1.18,1
336,1.3,1
337,1.17,1
338,1.27,1
339,1.14,1
340,1.15,1
341,1.07,1
342,1.14,1
343,1.36,1
344,1.2,1
345,1.25,1
346,1.07,1
347,1.33,1
348,1.08,1
349,1.16,1
350,1.12,1
351,1.07,1
352,1.04,1
353,1.17,1
354,1.29,1
355,1.18,1
356,1.18,1
357,1.12,1
358,1.04,1
359,1.24,1
360,1.25,1
361,1.19,1
362,1.15,1
363,1.03,1
364,1.06,1
365,1.27,1
366,1.23,1
367,1.19,1
368,1.04,1
369,1.18,1
370,1.16,1
371,1.19,1
372,1.22,1
373,1.24,1
374,1.24,1
375,1.42,1
376,1.16,1
377,1.08,1
378,1.12,1
379,1.26,1
380,1.4,1
381,1.12,1
382,1.31,1
383,1.19,1
384,1.27,1
385,1.18,1
386,1.2,1
387,1.13,1
388,1.13,1
389,1.23,1
390,1.2,1
391,1.2,1
392,1.28,1
393,1.12,1
394,1.27,1
395,1.39,1
396,1.38,1
397,1.31,1
398,1.4,1
399,1.21,1
400,1.07,1
401,1.39,1
402,1.18,1
403,1.31,1
404,1.31,1
405,1.13,1
406,1.12,1
407,1.3,1
408,1.35,1
409,1.24,1
410,1.18,1
411,1.18,1
412,1.06,1
413,1.18,1
414,1.12,1
415,1.29,1
416,1.1,1
417,1.18,1
418,1.17,1
419,1.12,1
420,1.19,1
421,1.26,1
422,1.27,1
423,1.27,1
424,1.3,1
425,1.25,1
426,1.19,1
427,1.08,1
428,1.4,1
429,1.38,1
430,1.27,1
431,1.33,1
432,1.06,1
433,1.3,1
434,1.15,1
435,1.29,1
436,1.22,1
437,1.2,1
438,1.17,1
439,1.22,1
440,1.11,1
441,1.05,1
442,1.13,1
443,1.22,1
444,1.23,1
445,1.12,1
446,1.19,1
447,1.26,1
448,1.13,1
449,1.06,1
450,1.24,1
451,1.11,1
452,1.15,1
453,1.14,1
454,1.19,1
455,1.14,1
456,1.22,1
457,1.18,1
458,1.2,1
459,1.2,1
460,1.13,1
461,1.22,1
462,1.24,1
463,1.24,1
464,1.08,1
465,1.03,1
466,1.21,1
467,1.17,1
468,1.2,1
469,1.16,1
470,1.08,1
471,1.33,1
472,1.21,1
473,1.12,1
474,1.23,1
475,1.13,1
476,1.12,1
477,1.21,1
478,1.11,1
479,1.15,1
480,1.24,1
481,1.17,1
482,1.25,1
483,1.12,1
484,1.03,1
485,1.2,1
486,1.35,1
487,1.09,1
488,1.06,1
489,1.17,1
490,1.3,1
491,1.14,1
492,1.16,1
493,1.14,1
494,1.23,1
495,1.15,1
496,1.06,1
497,1.16,1
498,1.17,1
499,1.19,1
500,1.17,1
501,1.22,1
502,1.24,1
503,1.3,1
504,1.17,1
505,1.17,1
506,1.37,1
507,1.11,1
508,1.16,1
509,1.24,1
510,1.24,1
511,1.12,1
512,1.04,1
513,1.16,1
514,1.09,1
515,1.1,1
516,1.24,1
517,1.2,1
518,1.09,1
519,1.11,1
520,1.11,1
521,1.23,1
522,1.22,1
523,1.24,1
524,1.24,1
525,1.18,1
526,1.16,1
527,1.2,1
528,1.2,1
529,1.11,1
530,1.09,1
531,1.24,1
532,1.21,1
533,1.2,1
534,1.2,1
535,1.27,1
536,1.21,1
537,1.21,1
538,1.08,1
539,1.16,1
540,1.1,1
541,1.26,1
542,1.12,1
543,1.09,1
544,1.11,1
545,1.05,1
546,1.11,1
547,1.28,1
548,1.15,1
549,1.15,1
550,1.04,1
551,1.12,1
552,1.14,1
553,1.13,1
554,1.14,1
555,1.17,1
556,1.07,1
557,1.24,1
558,1.14,1
559,1.27,1
560,1.12,1
561,1.1,1
562,1.08,1
563,1.09,1
564,1.19,1
565,1.23,1
566,1.25,1
567,1.1,1
568,1.13,1
569,1.2,1
570,1.13,1
571,1.1,1
572,1.07,1
573,1.22,1
574,1.02,1
575,1.25,1
576,1.13,1
577,1.22,1
578,1.18,1
579,1.12,1
580,1.22,1
581,1.27,1
582,1.11,1
583,1.26,1
584,1.13,1
585,1.14,1
586,1.22,1
587,1.07,1
588,1.29,1
589,1.23,1
590,1.22,1
591,1.31,1
592,1.28,1
593,1.1,1
594,1.18,1
595,1.39,1
596,1.25,1
597,1.23,1
598,1.24,1
599,1.44,1
600,1.24,1
601,1.1,1
602,1.05,1
603,1.2,1
604,1.21,1
605,1.22,1
606,1.22,1
607,1.08,1
608,1.5,1
609,1.2,1
610,1.21,1
611,1.45,1
612,1.23,1
613,1.06,1
614,1.11,1
615,1.04,1
616,1.31,1
617,1.25,1
618,1.28,1
619,1.27,1
620,1.1,1
621,1.2,1
622,1.11,1
623,1.07,1
624,1.14,1
625,1.26,1
626,1.2,1
627,1.11,1
628,1.12,1
629,1.21,1
630,1.16,1
631,1.06,1
632,1.13,1
633,1.11,1
634,1.2,1
635,1.1,1
636,1.11,1
637,1.19,1
638,1.19,1
639,1.08,1
640,1.15,1
641,1.16,1
642,1.35,1
643,1.27,1
644,1.19,1
645,1.11,1
646,1.07,1
647,1.2,1
648,1.23,1
649,1.23,1
650,1.09,1
651,1.1,1
652,1.08,1
653,1.05,1
654,1.26,1
655,1.1,1
656,1.13,1
657,1.08,1
658,1.13,1
659,1.15,1
660,1.22,1
661,1.16,1
662,1.04,1
663,1.29,1
664,1.33,1
665,1.16,1
666,1.13,1
667,1.12,1
668,1.15,1
669,1.21,1
670,1.14,1
671,1.26,1
672,1.17,1
673,1.2,1
674,1.27,1
675,1.17,1
676,1.17,1
677,1.21,1
678,1.15,1
679,1.19,1
680,1.09,1
681,1.09,1
682,1.27,1
683,1.23,1
684,1.26,1
685,1.23,1
686,1.1,1
687,1.02,1
688,1.27,1
689,1.11,1
690,1.24,1
691,1.23,1
692,1.31,1
693,1.19,1
694,1.28,1
695,1.11,1
696,1.09,1
697,1.11,1
698,1.1,1
699,1.19,1
700,1.17,1
701,1.23,1
702,1.08,1
703,1.23,1
704,1.27,1
705,1.09,1
706,1.19,1
707,1.09,1
708,1.17,1
709,1.33,1
710,1.25,1
711,1.23,1
712,1.27,1
713,1.11,1
714,1.07,1
715,1.21,1
716,1.27,1
717,1.15,1
718,1.16,1
719,1.22,1
720,1.24,1
721,1.24,1
722,1.1,1
723,1.08,1
724,1.11,1
725,1.28,1
726,1.35,1
727,1.35,1
728,1.29,1
729,1.15,1
730,1.23,1
731,1.14,1
732,1.2,1
733,1.23,1
734,1.23,1
735,1.12,1
736,1.19,1
737,1.1,1
738,1.34,1
739,1.19,1
740,1.19,1
741,1.01,1
742,1.2,1
743,1.31,1
744,1.37,1
745,1.26,1
746,1.22,1
747,1.34,1
748,1.05,1
749,1.12,1
750,1.16,1
751,1.1,1
752,1.09,1
753,1.15,1
754,1.08,1
755,1.13,1
756,1.14,1
757,1.23,1
758,1.34,1
759,1.09,1
760,1.28,1
761,1.08,1
762,1.15,1
763,1.21,1
764,1.3,1
765,1.15,1
766,1.06,1
767,1.15,1
768,1.2,1
769,1.31,1
770,1.18,1
771,1.21,1
772,1.16,1
773,1.33,1
774,1.21,1
775,1.17,1
776,1.16,1
777,1.23,1
778,1.14,1
779,1.27,1
780,1.1,1
781,1.09,1
782,1.22,1
783,1.13,1
784,1.13,1
785,1.22,1
786,1.12,1
787,1.27,1
788,1.21,1
789,1.16,1
790,1.16,1
791,1.19,1
792,1.1,1
793,1.15,1
794,1.2,1
795,1.22,1
796,1.08,1
797,1.13,1
798,1.19,1
799,1.22,1
800,1.16,1
801,1.18,1
802,1.25,1
803,1.18,1
804,1.24,1
805,1.19,1
806,1.33,1
807,1.28,1
808,1.13,1
809,1.08,1
810,1.28,1
811,1.3,1
812,1.19,1
813,1.19,1
814,1.15,1
815,1.19,1
816,1.13,1
817,1.07,1
818,1.38,1
819,1.23,1
820,1.21,1
821,1.33,1
822,1.2,1
823,1.09,1
824,1.27,1
825,1.16,1
826,1.08,1
827,1.13,1
828,1.31,1
829,1.12,1
830,1.09,1
831,1.03,1
832,1.27,1
833,1.1,1
834,1.06,1
835,1.25,1
836,1.17,1
837,1.29,1
838,1.08,1
839,1.08,1
840,1.04,1
841,1.08,1
842,1.42,1
843,1.1,1
844,1.12,1
845,1.11,1
846,1.13,1
847,1.22,1
848,1.13,1
849,1.14,1
850,1.17,1
851,1.23,1
852,1.06,1
853,1.22,1
854,1.32,1
855,1.15,1
856,1.24,1
857,1.17,1
858,1.27,1
859,1.35,1
860,1.25,1
861,1.21,1
862,1.39,1
863,1.08,1
864,1.14,1
865,1.17,1
866,1.1,1
867,1.22,1
868,1.17,1
869,1.07,1
870,1.26,1
871,1.16,1
872,1.17,1
873,1.16,1
874,1.19,1
875,1.34,1
876,1.16,1
877,1.17,1
878,1.17,1
879,1.2,1
880,1.11,1
881,1.21,1
882,1.31,1
883,1.19,1
884,1.2,1
885,1.15,1
886,1.15,1
887,1.19,1
888,1.23,1
889,1.19,1
890,1.04,1
891,1.15,1
892,1.45,1
893,1.1,1
894,1.24,1
895,1.21,1
896,1.34,1
897,1.41,1
898,1.34,1
899,1.16,1
900,1.16,1
901,1.14,1
902,1.27,1
903,1.19,1
904,1.21,1
905,1.21,1
906,1.15,1
907,1.24,1
908,1.14,1
909,1.16,1
910,1.16,1
911,1.18,1
912,1.1,1
913,1.27,1
914,1.06,1
915,1.19,1
916,1.19,1
917,1.12,1
918,1.27,1
919,1.2,1
920,1.22,1
921,1.24,1
922,1.25,1
923,1.08,1
924,1.17,1
925,1.29,1
926,1.46,1
927,1.21,1
928,1.05,1
929,1.34,1
930,1.08,1
931,1.26,1
932,1.09,1
933,1.24,1
934,1.25,1
935,1.15,1
936,1.25,1
937,1.13,1
938,1.09,1
939,1.04,1
940,1.24,1
941,1.33,1
942,1.16,1
943,1.19,1
944,1.13,1
945,1.09,1
946,1.1,1
947,1.24,1
948,1.16,1
949,1.22,1
950,1.1,1
951,1.18,1
952,1.21,1
953,1.16,1
954,1.23,1
955,1.17,1
956,1.24,1
957,1.32,1
958,1.14,1
959,1.2,1
960,1.31,1
961,1.21,1
962,1.25,1
963,1.29,1
964,1.19,1
965,1.16,1
966,1.18,1
967,1.15,1
968,1.25,1
969,1.26,1
970,1.18,1
971,1.37,1
972,1.18,1
973,1.1,1
974,1.06,1
975,1.17,1
976,1.18,1
977,1.19,1
978,1.17,1
979,1.14,1
980,1.23,1
981,1.26,1
982,1.27,1
983,1.21,1
984,1.13,1
985,1.05,1
986,1.54,1
987,1.38,1
988,1.17,1
989,1.26,1
990,1.11,1
991,1.24,1
992,1.29,1
993,1.32,1
994,1.24,1
995,1.39,1
996,1.26,1
997,1.21,1
998,1.14,1
999,1.15,1
