Figure: small_1
File Number: 19
Nodes: 11
Edges: 20
Max Generations: 1000
Population Size: 100
Mutation Rate: 0.01
Colors Used: 4
Runtime: 0.00

Generation,Average Fitness,Best Fitness
0,6.59,2
1,5.76,2
2,5.23,1
3,4.91,1
4,4.57,1
5,3.96,1
6,3.93,1
7,2.9,1
8,2.55,1
9,2.17,1
10,1.46,1
11,1.26,1
12,1.22,1
13,1.24,1
14,1.24,1
15,1.13,1
16,1.1,1
17,1.16,1
18,1.14,1
19,1.14,1
20,1.03,1
21,1.12,1
22,1.12,1
23,1.09,1
24,1.25,1
25,1.17,1
26,1.14,1
27,1.14,1
28,1.17,1
29,1.22,1
30,1.22,1
31,1.07,1
32,1.07,1
33,1.14,1
34,1.22,1
35,1.21,1
36,1.11,1
37,1.14,1
38,1.18,1
39,1.09,1
40,1.11,1
41,1.11,1
42,1.16,1
43,1.15,1
44,1.14,1
45,1.16,1
46,1.15,1
47,1.15,1
48,1.04,1
49,1.13,1
50,1.04,1
51,1.09,1
52,1.03,1
53,1.08,1
54,1.04,1
55,1.13,1
56,1.26,1
57,1.16,1
58,1.08,1
59,1.2,1
60,1.23,1
61,1.1,1
62,1.13,1
63,1.09,1
64,1.2,1
65,1.04,1
66,1.02,1
67,1.2,1
68,1.15,1
69,1.13,1
70,1.15,1
71,1.11,1
72,1.16,1
73,1.22,1
74,1.08,1
75,1.11,1
76,1.25,1
77,1.09,1
78,1.12,1
79,1.06,1
80,1.25,1
81,1.16,1
82,1.21,1
83,1.11,1
84,1.06,1
85,1.04,1
86,1.03,1
87,1.15,1
88,1.13,1
89,1.15,1
90,1.17,1
91,1.17,1
92,1.12,1
93,1.12,1
94,1.08,1
95,1.09,1
96,1.07,1
97,1.1,1
98,1.16,1
99,1.11,1
100,1.19,1
101,1.14,1
102,1.04,1
103,1.2,1
104,1.15,1
105,1.16,1
106,1.16,1
107,1.11,1
108,1.08,1
109,1.07,1
110,1.05,1
111,1.13,1
112,1.08,1
113,1.05,1
114,1.14,1
115,1.03,1
116,1.06,1
117,1.12,1
118,1.13,1
119,1.06,1
120,1.12,1
121,1.23,1
122,1.28,1
123,1.08,1
124,1.18,1
125,1.07,1
126,1.21,1
127,1.14,1
128,1.1,1
129,1.09,1
130,1.07,1
131,1.16,1
132,1.23,1
133,1.06,1
134,1.05,1
135,1.08,1
136,1.08,1
137,1.06,1
138,1.05,1
139,1.04,1
140,1.07,1
141,1.13,1
142,1.06,1
143,1.06,1
144,1.17,1
145,1.14,1
146,1.11,1
147,1.06,1
148,1.11,1
149,1.12,1
150,1.14,1
151,1.02,1
152,1.05,1
153,1.15,1
154,1.03,1
155,1.12,1
156,1.25,1
157,1.16,1
158,1.03,1
159,1.09,1
160,1.04,1
161,1.1,1
162,1.12,1
163,1.11,1
164,1.11,1
165,1.13,1
166,1.08,1
167,1.1,1
168,1.03,1
169,1.13,1
170,1.11,1
171,1.12,1
172,1.06,1
173,1.13,1
174,1.12,1
175,1.15,1
176,1.15,1
177,1.1,1
178,1.09,1
179,1.16,1
180,1.08,1
181,1.09,1
182,1.12,1
183,1.07,1
184,1.16,1
185,1.13,1
186,1.14,1
187,1.07,1
188,1.07,1
189,1.16,1
190,1.06,1
191,1.16,1
192,1.21,1
193,1.11,1
194,1.1,1
195,1.14,1
196,1.22,1
197,1.16,1
198,1.17,1
199,1.11,1
200,1.17,1
201,1.14,1
202,1.03,1
203,1.16,1
204,1.12,1
205,1.19,1
206,1.09,1
207,1.13,1
208,1.12,1
209,1.18,1
210,1.11,1
211,1.11,1
212,1.2,1
213,1.11,1
214,1.01,1
215,1.09,1
216,1.04,1
217,1.18,1
218,1.08,1
219,1.12,1
220,1.13,1
221,1.07,1
222,1.2,1
223,1.2,1
224,1.13,1
225,1.14,1
226,1.15,1
227,1.11,1
228,1.12,1
229,1.11,1
230,1.11,1
231,1.11,1
232,1.14,1
233,1.1,1
234,1.05,1
235,1.2,1
236,1.14,1
237,1.18,1
238,1.18,1
239,1.11,1
240,1.07,1
241,1.08,1
242,1.1,1
243,1.15,1
244,1.12,1
245,1.11,1
246,1.23,1
247,1.11,1
248,1.17,1
249,1.05,1
250,1.08,1
251,1.15,1
252,1.09,1
253,1.08,1
254,1.1,1
255,1.14,1
256,1.08,1
257,1.15,1
258,1.13,1
259,1.16,1
260,1.15,1
261,1.1,1
262,1.08,1
263,1.12,1
264,1.15,1
265,1.13,1
266,1.08,1
267,1.06,1
268,1.1,1
269,1.13,1
270,1.08,1
271,1.13,1
272,1.26,1
273,1.1,1
274,1.15,1
275,1.29,1
276,1.19,1
277,1.13,1
278,1.21,1
279,1.13,1
280,1.15,1
281,1.15,1
282,1.11,1
283,1.14,1
284,1.21,1
285,1.13,1
286,1.18,1
287,1.14,1
288,1.11,1
289,1.17,1
290,1.1,1
291,1.14,1
292,1.15,1
293,1.07,1
294,1.07,1
295,1.07,1
296,1.17,1
297,1.08,1
298,1.17,1
299,1.14,1
300,1.13,1
301,1.18,1
302,1.15,1
303,1.2,1
304,1.1,1
305,1.13,1
306,1.1,1
307,1.13,1
308,1.06,1
309,1.13,1
310,1.1,1
311,1.11,1
312,1.17,1
313,1.12,1
314,1.09,1
315,1.31,1
316,1.26,1
317,1.11,1
318,1.17,1
319,1.11,1
320,1.16,1
321,1.25,1
322,1.19,1
323,1.1,1
324,1.15,1
325,1.19,1
326,1.18,1
327,1.04,1
328,1.1,1
329,1.15,1
330,1.29,1
331,1.07,1
332,1.08,1
333,1.11,1
334,1.18,1
335,1.17,1
336,1.15,1
337,1.11,1
338,1.07,1
339,1.15,1
340,1.1,1
341,1.15,1
342,1.11,1
343,1.14,1
344,1.17,1
345,1.12,1
346,1.12,1
347,1.04,1
348,1.04,1
349,1.14,1
350,1.14,1
351,1.23,1
352,1.11,1
353,1.19,1
354,1.06,1
355,1.26,1
356,1.11,1
357,1.08,1
358,1.05,1
359,1.15,1
360,1.12,1
361,1.12,1
362,1.2,1
363,1.11,1
364,1.21,1
365,1.09,1
366,1.09,1
367,1.09,1
368,1.1,1
369,1.16,1
370,1.12,1
371,1.12,1
372,1.08,1
373,1.07,1
374,1.11,1
375,1.06,1
376,1.05,1
377,1.12,1
378,1.15,1
379,1.05,1
380,1.14,1
381,1.18,1
382,1.15,1
383,1.17,1
384,1.19,1
385,1.25,1
386,1.08,1
387,1.1,1
388,1.18,1
389,1.26,1
390,1.13,1
391,1.15,1
392,1.18,1
393,1.01,1
394,1.1,1
395,1.09,1
396,1.15,1
397,1.11,1
398,1.14,1
399,1.2,1
400,1.08,1
401,1.09,1
402,1.13,1
403,1.13,1
404,1.24,1
405,1.14,1
406,1.09,1
407,1.08,1
408,1.18,1
409,1.07,1
410,1.03,1
411,1.06,1
412,1.08,1
413,1.07,1
414,1.1,1
415,1.27,1
416,1.12,1
417,1.16,1
418,1.12,1
419,1.16,1
420,1.18,1
421,1.17,1
422,1.15,1
423,1.13,1
424,1.15,1
425,1.16,1
426,1.12,1
427,1.12,1
428,1.1,1
429,1.05,1
430,1.14,1
431,1.2,1
432,1.14,1
433,1.14,1
434,1.08,1
435,1.07,1
436,1.16,1
437,1.14,1
438,1.18,1
439,1.1,1
440,1.12,1
441,1.08,1
442,1.03,1
443,1.12,1
444,1.24,1
445,1.17,1
446,1.19,1
447,1.19,1
448,1.12,1
449,1.17,1
450,1.14,1
451,1.07,1
452,1.1,1
453,1.16,1
454,1.16,1
455,1.07,1
456,1.16,1
457,1.05,1
458,1.17,1
459,1.1,1
460,1.27,1
461,1.23,1
462,1.15,1
463,1.21,1
464,1.13,1
465,1.11,1
466,1.07,1
467,1.16,1
468,1.13,1
469,1.09,1
470,1.18,1
471,1.15,1
472,1.15,1
473,1.13,1
474,1.19,1
475,1.17,1
476,1.2,1
477,1.13,1
478,1.22,1
479,1.02,1
480,1.16,1
481,1.17,1
482,1.05,1
483,1.15,1
484,1.14,1
485,1.12,1
486,1.2,1
487,1.11,1
488,1.17,1
489,1.14,1
490,1.03,1
491,1.07,1
492,1.1,1
493,1.13,1
494,1.21,1
495,1.18,1
496,1.08,1
497,1.11,1
498,1.14,1
499,1.13,1
500,1.13,1
501,1.16,1
502,1.2,1
503,1.19,1
504,1.26,1
505,1.13,1
506,1.22,1
507,1.11,1
508,1.18,1
509,1.06,1
510,1.1,1
511,1.14,1
512,1.11,1
513,1.07,1
514,1.03,1
515,1.11,1
516,1.17,1
517,1.09,1
518,1.16,1
519,1.12,1
520,1.21,1
521,1.3,1
522,1.19,1
523,1.14,1
524,1.11,1
525,1.08,1
526,1.18,1
527,1.11,1
528,1.11,1
529,1.07,1
530,1.1,1
531,1.07,1
532,1.05,1
533,1.09,1
534,1.05,1
535,1.18,1
536,1.03,1
537,1.14,1
538,1.07,1
539,1.14,1
540,1.11,1
541,1.13,1
542,1.1,1
543,1.02,1
544,1.07,1
545,1.09,1
546,1.08,1
547,1.08,1
548,1.12,1
549,1.17,1
550,1.19,1
551,1.08,1
552,1.21,1
553,1.11,1
554,1.06,1
555,1.13,1
556,1.08,1
557,1.19,1
558,1.13,1
559,1.11,1
560,1.12,1
561,1.07,1
562,1.05,1
563,1.07,1
564,1.06,1
565,1.08,1
566,1.08,1
567,1.13,1
568,1.18,1
569,1.17,1
570,1.22,1
571,1.17,1
572,1.1,1
573,1.08,1
574,1.05,1
575,1.08,1
576,1.13,1
577,1.07,1
578,1.05,1
579,1.16,1
580,1.16,1
581,1.06,1
582,1.15,1
583,1.14,1
584,1.13,1
585,1.06,1
586,1.28,1
587,1.03,1
588,1.13,1
589,1.1,1
590,1.1,1
591,1.03,1
592,1.1,1
593,1.09,1
594,1.04,1
595,1.11,1
596,1.09,1
597,1.16,1
598,1.23,1
599,1.05,1
600,1.18,1
601,1.11,1
602,1.12,1
603,1.04,1
604,1.08,1
605,1.14,1
606,1.11,1
607,1.13,1
608,1.11,1
609,1.04,1
610,1.11,1
611,1.12,1
612,1.15,1
613,1.1,1
614,1.12,1
615,1.09,1
616,1.11,1
617,1.17,1
618,1.08,1
619,1.11,1
620,1.12,1
621,1.16,1
622,1.17,1
623,1.05,1
624,1.11,1
625,1.1,1
626,1.2,1
627,1.09,1
628,1.1,1
629,1.09,1
630,1.08,1
631,1.17,1
632,1.1,1
633,1.24,1
634,1.17,1
635,1.22,1
636,1.07,1
637,1.11,1
638,1.09,1
639,1.15,1
640,1.08,1
641,1.06,1
642,1.12,1
643,1.04,1
644,1.09,1
645,1.12,1
646,1.14,1
647,1.05,1
648,1.03,1
649,1.12,1
650,1.1,1
651,1.18,1
652,1.07,1
653,1.08,1
654,1.12,1
655,1.24,1
656,1.12,1
657,1.24,1
658,1.12,1
659,1.08,1
660,1.09,1
661,1.1,1
662,1.14,1
663,1.22,1
664,1.09,1
665,1.1,1
666,1.18,1
667,1.12,1
668,1.07,1
669,1.17,1
670,1.13,1
671,1.15,1
672,1.21,1
673,1.17,1
674,1.09,1
675,1.09,1
676,1.04,1
677,1.21,1
678,1.21,1
679,1.2,1
680,1.15,1
681,1.12,1
682,1.09,1
683,1.12,1
684,1.2,1
685,1.05,1
686,1.11,1
687,1.05,1
688,1.13,1
689,1.18,1
690,1.18,1
691,1.18,1
692,1.08,1
693,1.05,1
694,1.09,1
695,1.02,1
696,1.06,1
697,1.08,1
698,1.06,1
699,1.06,1
700,1.15,1
701,1.17,1
702,1.13,1
703,1.17,1
704,1.13,1
705,1.18,1
706,1.12,1
707,1.11,1
708,1.14,1
709,1.11,1
710,1.26,1
711,1.05,1
712,1.13,1
713,1.11,1
714,1.15,1
715,1.13,1
716,1.09,1
717,1.17,1
718,1.19,1
719,1.17,1
720,1.09,1
721,1.14,1
722,1.07,1
723,1.19,1
724,1.08,1
725,1.1,1
726,1.08,1
727,1.16,1
728,1.08,1
729,1.07,1
730,1.13,1
731,1.1,1
732,1.2,1
733,1.12,1
734,1.14,1
735,1.13,1
736,1.27,1
737,1.14,1
738,1.08,1
739,1.1,1
740,1.11,1
741,1.11,1
742,1.17,1
743,1.13,1
744,1.15,1
745,1.06,1
746,1.08,1
747,1.03,1
748,1.15,1
749,1.17,1
750,1.16,1
751,1.25,1
752,1.12,1
753,1.09,1
754,1.17,1
755,1.11,1
756,1.14,1
757,1.15,1
758,1.04,1
759,1.06,1
760,1.05,1
761,1.1,1
762,1.09,1
763,1.18,1
764,1.04,1
765,1.15,1
766,1.19,1
767,1.08,1
768,1.09,1
769,1.09,1
770,1.06,1
771,1.23,1
772,1.13,1
773,1.12,1
774,1.09,1
775,1.12,1
776,1.12,1
777,1.03,1
778,1.13,1
779,1.15,1
780,1.09,1
781,1.21,1
782,1.18,1
783,1.09,1
784,1.2,1
785,1.11,1
786,1.14,1
787,1.18,1
788,1.26,1
789,1.08,1
790,1.13,1
791,1.05,1
792,1.11,1
793,1.09,1
794,1.12,1
795,1.12,1
796,1.14,1
797,1.12,1
798,1.08,1
799,1.2,1
800,1.18,1
801,1.19,1
802,1.09,1
803,1.13,1
804,1.12,1
805,1.09,1
806,1.13,1
807,1.1,1
808,1.14,1
809,1.1,1
810,1.06,1
811,1.2,1
812,1.07,1
813,1.2,1
814,1.11,1
815,1.12,1
816,1.1,1
817,1.32,1
818,1.05,1
819,1.19,1
820,1.13,1
821,1.21,1
822,1.16,1
823,1.14,1
824,1.09,1
825,1.16,1
826,1.09,1
827,1.16,1
828,1.11,1
829,1.11,1
830,1.11,1
831,1.17,1
832,1.13,1
833,1.14,1
834,1.2,1
835,1.05,1
836,1.12,1
837,1.13,1
838,1.05,1
839,1.09,1
840,1.16,1
841,1.04,1
842,1.18,1
843,1.25,1
844,1.1,1
845,1.13,1
846,1.25,1
847,1.14,1
848,1.17,1
849,1.14,1
850,1.23,1
851,1.13,1
852,1.15,1
853,1.07,1
854,1.11,1
855,1.05,1
856,1.14,1
857,1.09,1
858,1.12,1
859,1.1,1
860,1.1,1
861,1.1,1
862,1.08,1
863,1.1,1
864,1.12,1
865,1.1,1
866,1.13,1
867,1.11,1
868,1.08,1
869,1.13,1
870,1.13,1
871,1.16,1
872,1.12,1
873,1.17,1
874,1.16,1
875,1.1,1
876,1.08,1
877,1.1,1
878,1.12,1
879,1.09,1
880,1.02,1
881,1.08,1
882,1.16,1
883,1.14,1
884,1.18,1
885,1.09,1
886,1.16,1
887,1.09,1
888,1.19,1
889,1.16,1
890,1.09,1
891,1.2,1
892,1.16,1
893,1.2,1
894,1.13,1
895,1.19,1
896,1.07,1
897,1.14,1
898,1.16,1
899,1.12,1
900,1.18,1
901,1.15,1
902,1.07,1
903,1.2,1
904,1.16,1
905,1.23,1
906,1.04,1
907,1.08,1
908,1.19,1
909,1.08,1
910,1.12,1
911,1.08,1
912,1.04,1
913,1.18,1
914,1.14,1
915,1.06,1
916,1.08,1
917,1.11,1
918,1.03,1
919,1.18,1
920,1.11,1
921,1.18,1
922,1.14,1
923,1.15,1
924,1.09,1
925,1.11,1
926,1.08,1
927,1.12,1
928,1.08,1
929,1.21,1
930,1.13,1
931,1.09,1
932,1.19,1
933,1.1,1
934,1.15,1
935,1.2,1
936,1.07,1
937,1.04,1
938,1.14,1
939,1.08,1
940,1.09,1
941,1.11,1
942,1.12,1
943,1.14,1
944,1.16,1
945,1.25,1
946,1.16,1
947,1.13,1
948,1.21,1
949,1.13,1
950,1.11,1
951,1.13,1
952,1.08,1
953,1.08,1
954,1.09,1
955,1.13,1
956,1.15,1
957,1.08,1
958,1.1,1
959,1.07,1
960,1.09,1
961,1.21,1
962,1.09,1
963,1.03,1
964,1.04,1
965,1.18,1
966,1.24,1
967,1.14,1
968,1.11,1
969,1.08,1
970,1.16,1
971,1.05,1
972,1.15,1
973,1.19,1
974,1.04,1
975,1.04,1
976,1.15,1
977,1.14,1
978,1.12,1
979,1.22,1
980,1.13,1
981,1.2,1
982,1.15,1
983,1.1,1
984,1.03,1
985,1.01,1
986,1.09,1
987,1.16,1
988,1.21,1
989,1.1,1
990,1.12,1
991,1.15,1
992,1.18,1
993,1.23,1
994,1.17,1
995,1.16,1
996,1.21,1
997,1.06,1
998,1.04,1
999,1.02,1
