Figure: small_1
File Number: 24
Nodes: 11
Edges: 20
Max Generations: 1000
Population Size: 100
Mutation Rate: 0.01
Colors Used: 4
Runtime: 0.00

Generation,Average Fitness,Best Fitness
0,7.01,1
1,5.92,1
2,5.28,1
3,5.0,1
4,4.53,1
5,3.63,1
6,3.33,1
7,3.31,1
8,2.95,1
9,2.53,1
10,2.09,1
11,1.95,1
12,2.03,1
13,1.54,1
14,1.48,1
15,1.3,1
16,1.21,1
17,1.14,1
18,1.2,1
19,1.16,1
20,1.21,1
21,1.07,1
22,1.07,1
23,1.23,1
24,1.21,1
25,1.17,1
26,1.07,1
27,1.12,1
28,1.02,1
29,1.21,1
30,1.07,1
31,1.25,1
32,1.05,1
33,1.15,1
34,1.07,1
35,1.18,1
36,1.1,1
37,1.1,1
38,1.02,1
39,1.12,1
40,1.14,1
41,1.12,1
42,1.12,1
43,1.15,1
44,1.11,1
45,1.18,1
46,1.16,1
47,1.1,1
48,1.1,1
49,1.06,1
50,1.08,1
51,1.11,1
52,1.09,1
53,1.13,1
54,1.13,1
55,1.06,1
56,1.13,1
57,1.1,1
58,1.07,1
59,1.12,1
60,1.19,1
61,1.12,1
62,1.12,1
63,1.06,1
64,1.11,1
65,1.08,1
66,1.1,1
67,1.14,1
68,1.07,1
69,1.14,1
70,1.04,1
71,1.18,1
72,1.1,1
73,1.09,1
74,1.13,1
75,1.15,1
76,1.09,1
77,1.24,1
78,1.2,1
79,1.09,1
80,1.04,1
81,1.17,1
82,1.25,1
83,1.13,1
84,1.14,1
85,1.14,1
86,1.21,1
87,1.05,1
88,1.11,1
89,1.12,1
90,1.24,1
91,1.08,1
92,1.08,1
93,1.18,1
94,1.1,1
95,1.07,1
96,1.14,1
97,1.06,1
98,1.1,1
99,1.1,1
100,1.15,1
101,1.02,1
102,1.15,1
103,1.08,1
104,1.17,1
105,1.13,1
106,1.15,1
107,1.2,1
108,1.13,1
109,1.16,1
110,1.1,1
111,1.06,1
112,1.14,1
113,1.12,1
114,1.02,1
115,1.04,1
116,1.14,1
117,1.23,1
118,1.12,1
119,1.1,1
120,1.16,1
121,1.04,1
122,1.05,1
123,1.11,1
124,1.07,1
125,1.1,1
126,1.1,1
127,1.12,1
128,1.01,1
129,1.13,1
130,1.1,1
131,1.09,1
132,1.09,1
133,1.18,1
134,1.07,1
135,1.06,1
136,1.11,1
137,1.07,1
138,1.21,1
139,1.14,1
140,1.09,1
141,1.14,1
142,1.09,1
143,1.08,1
144,1.09,1
145,1.1,1
146,1.05,1
147,1.21,1
148,1.11,1
149,1.09,1
150,1.06,1
151,1.13,1
152,1.11,1
153,1.21,1
154,1.24,1
155,1.04,1
156,1.15,1
157,1.12,1
158,1.21,1
159,1.11,1
160,1.19,1
161,1.15,1
162,1.17,1
163,1.1,1
164,1.1,1
165,1.1,1
166,1.1,1
167,1.07,1
168,1.05,1
169,1.09,1
170,1.18,1
171,1.23,1
172,1.16,1
173,1.09,1
174,1.12,1
175,1.17,1
176,1.22,1
177,1.22,1
178,1.14,1
179,1.13,1
180,1.12,1
181,1.13,1
182,1.1,1
183,1.07,1
184,1.14,1
185,1.17,1
186,1.11,1
187,1.2,1
188,1.12,1
189,1.17,1
190,1.11,1
191,1.08,1
192,1.17,1
193,1.15,1
194,1.19,1
195,1.1,1
196,1.08,1
197,1.08,1
198,1.1,1
199,1.11,1
200,1.16,1
201,1.1,1
202,1.06,1
203,1.07,1
204,1.09,1
205,1.2,1
206,1.15,1
207,1.1,1
208,1.08,1
209,1.08,1
210,1.18,1
211,1.07,1
212,1.15,1
213,1.04,1
214,1.06,1
215,1.09,1
216,1.08,1
217,1.1,1
218,1.12,1
219,1.13,1
220,1.09,1
221,1.14,1
222,1.19,1
223,1.11,1
224,1.1,1
225,1.12,1
226,1.09,1
227,1.14,1
228,1.13,1
229,1.21,1
230,1.06,1
231,1.09,1
232,1.04,1
233,1.04,1
234,1.11,1
235,1.11,1
236,1.2,1
237,1.12,1
238,1.08,1
239,1.13,1
240,1.24,1
241,1.07,1
242,1.19,1
243,1.24,1
244,1.08,1
245,1.13,1
246,1.12,1
247,1.16,1
248,1.05,1
249,1.17,1
250,1.08,1
251,1.05,1
252,1.1,1
253,1.12,1
254,1.1,1
255,1.09,1
256,1.14,1
257,1.12,1
258,1.18,1
259,1.04,1
260,1.21,1
261,1.06,1
262,1.09,1
263,1.07,1
264,1.18,1
265,1.15,1
266,1.1,1
267,1.14,1
268,1.14,1
269,1.13,1
270,1.15,1
271,1.07,1
272,1.17,1
273,1.18,1
274,1.13,1
275,1.07,1
276,1.15,1
277,1.06,1
278,1.14,1
279,1.08,1
280,1.17,1
281,1.16,1
282,1.16,1
283,1.12,1
284,1.1,1
285,1.11,1
286,1.22,1
287,1.09,1
288,1.14,1
289,1.11,1
290,1.08,1
291,1.19,1
292,1.13,1
293,1.15,1
294,1.14,1
295,1.18,1
296,1.09,1
297,1.08,1
298,1.05,1
299,1.12,1
300,1.11,1
301,1.1,1
302,1.15,1
303,1.04,1
304,1.13,1
305,1.15,1
306,1.1,1
307,1.19,1
308,1.13,1
309,1.13,1
310,1.07,1
311,1.15,1
312,1.04,1
313,1.14,1
314,1.17,1
315,1.09,1
316,1.13,1
317,1.15,1
318,1.1,1
319,1.07,1
320,1.11,1
321,1.21,1
322,1.02,1
323,1.09,1
324,1.04,1
325,1.13,1
326,1.18,1
327,1.1,1
328,1.12,1
329,1.1,1
330,1.08,1
331,1.05,1
332,1.12,1
333,1.15,1
334,1.21,1
335,1.13,1
336,1.15,1
337,1.14,1
338,1.12,1
339,1.08,1
340,1.06,1
341,1.09,1
342,1.16,1
343,1.05,1
344,1.1,1
345,1.11,1
346,1.09,1
347,1.08,1
348,1.13,1
349,1.15,1
350,1.13,1
351,1.09,1
352,1.14,1
353,1.1,1
354,1.12,1
355,1.16,1
356,1.13,1
357,1.09,1
358,1.13,1
359,1.08,1
360,1.1,1
361,1.1,1
362,1.16,1
363,1.13,1
364,1.1,1
365,1.07,1
366,1.12,1
367,1.19,1
368,1.15,1
369,1.09,1
370,1.26,1
371,1.14,1
372,1.07,1
373,1.06,1
374,1.11,1
375,1.11,1
376,1.04,1
377,1.04,1
378,1.14,1
379,1.18,1
380,1.13,1
381,1.06,1
382,1.02,1
383,1.14,1
384,1.12,1
385,1.12,1
386,1.12,1
387,1.18,1
388,1.22,1
389,1.18,1
390,1.17,1
391,1.08,1
392,1.16,1
393,1.13,1
394,1.13,1
395,1.2,1
396,1.17,1
397,1.12,1
398,1.13,1
399,1.16,1
400,1.09,1
401,1.19,1
402,1.09,1
403,1.25,1
404,1.13,1
405,1.1,1
406,1.26,1
407,1.15,1
408,1.12,1
409,1.18,1
410,1.06,1
411,1.14,1
412,1.2,1
413,1.07,1
414,1.09,1
415,1.06,1
416,1.1,1
417,1.19,1
418,1.13,1
419,1.14,1
420,1.09,1
421,1.25,1
422,1.08,1
423,1.12,1
424,1.18,1
425,1.14,1
426,1.14,1
427,1.16,1
428,1.17,1
429,1.14,1
430,1.13,1
431,1.06,1
432,1.13,1
433,1.1,1
434,1.2,1
435,1.1,1
436,1.07,1
437,1.11,1
438,1.08,1
439,1.16,1
440,1.11,1
441,1.11,1
442,1.13,1
443,1.15,1
444,1.09,1
445,1.09,1
446,1.16,1
447,1.05,1
448,1.08,1
449,1.12,1
450,1.11,1
451,1.2,1
452,1.11,1
453,1.1,1
454,1.15,1
455,1.14,1
456,1.21,1
457,1.11,1
458,1.07,1
459,1.05,1
460,1.15,1
461,1.15,1
462,1.17,1
463,1.1,1
464,1.08,1
465,1.12,1
466,1.14,1
467,1.03,1
468,1.06,1
469,1.17,1
470,1.16,1
471,1.13,1
472,1.03,1
473,1.13,1
474,1.06,1
475,1.07,1
476,1.1,1
477,1.03,1
478,1.09,1
479,1.06,1
480,1.12,1
481,1.15,1
482,1.12,1
483,1.17,1
484,1.09,1
485,1.1,1
486,1.15,1
487,1.22,1
488,1.25,1
489,1.14,1
490,1.13,1
491,1.1,1
492,1.16,1
493,1.09,1
494,1.16,1
495,1.08,1
496,1.06,1
497,1.11,1
498,1.1,1
499,1.05,1
500,1.16,1
501,1.08,1
502,1.08,1
503,1.03,1
504,1.11,1
505,1.07,1
506,1.13,1
507,1.23,1
508,1.18,1
509,1.12,1
510,1.14,1
511,1.08,1
512,1.17,1
513,1.1,1
514,1.15,1
515,1.09,1
516,1.04,1
517,1.1,1
518,1.04,1
519,1.08,1
520,1.12,1
521,1.12,1
522,1.07,1
523,1.12,1
524,1.05,1
525,1.11,1
526,1.15,1
527,1.14,1
528,1.19,1
529,1.15,1
530,1.08,1
531,1.06,1
532,1.07,1
533,1.09,1
534,1.02,1
535,1.11,1
536,1.16,1
537,1.12,1
538,1.16,1
539,1.1,1
540,1.04,1
541,1.08,1
542,1.14,1
543,1.06,1
544,1.04,1
545,1.11,1
546,1.09,1
547,1.33,1
548,1.12,1
549,1.1,1
550,1.08,1
551,1.13,1
552,1.1,1
553,1.09,1
554,1.07,1
555,1.12,1
556,1.17,1
557,1.01,1
558,1.17,1
559,1.06,1
560,1.12,1
561,1.2,1
562,1.2,1
563,1.11,1
564,1.17,1
565,1.16,1
566,1.13,1
567,1.12,1
568,1.06,1
569,1.01,1
570,1.18,1
571,1.15,1
572,1.05,1
573,1.1,1
574,1.17,1
575,1.16,1
576,1.15,1
577,1.25,1
578,1.12,1
579,1.06,1
580,1.09,1
581,1.04,1
582,1.08,1
583,1.08,1
584,1.07,1
585,1.15,1
586,1.1,1
587,1.12,1
588,1.02,1
589,1.09,1
590,1.03,1
591,1.14,1
592,1.19,1
593,1.11,1
594,1.15,1
595,1.13,1
596,1.13,1
597,1.09,1
598,1.19,1
599,1.11,1
600,1.16,1
601,1.18,1
602,1.1,1
603,1.18,1
604,1.1,1
605,1.15,1
606,1.07,1
607,1.24,1
608,1.21,1
609,1.13,1
610,1.15,1
611,1.2,1
612,1.1,1
613,1.11,1
614,1.09,1
615,1.09,1
616,1.04,1
617,1.1,1
618,1.13,1
619,1.1,1
620,1.18,1
621,1.16,1
622,1.2,1
623,1.11,1
624,1.17,1
625,1.12,1
626,1.26,1
627,1.17,1
628,1.15,1
629,1.15,1
630,1.09,1
631,1.11,1
632,1.07,1
633,1.12,1
634,1.13,1
635,1.15,1
636,1.04,1
637,1.18,1
638,1.15,1
639,1.13,1
640,1.17,1
641,1.15,1
642,1.18,1
643,1.11,1
644,1.05,1
645,1.16,1
646,1.09,1
647,1.1,1
648,1.14,1
649,1.17,1
650,1.17,1
651,1.11,1
652,1.08,1
653,1.11,1
654,1.17,1
655,1.17,1
656,1.14,1
657,1.12,1
658,1.05,1
659,1.14,1
660,1.08,1
661,1.14,1
662,1.16,1
663,1.14,1
664,1.14,1
665,1.12,1
666,1.13,1
667,1.1,1
668,1.12,1
669,1.15,1
670,1.1,1
671,1.15,1
672,1.1,1
673,1.04,1
674,1.19,1
675,1.17,1
676,1.21,1
677,1.22,1
678,1.13,1
679,1.19,1
680,1.15,1
681,1.17,1
682,1.11,1
683,1.14,1
684,1.26,1
685,1.12,1
686,1.09,1
687,1.18,1
688,1.06,1
689,1.23,1
690,1.15,1
691,1.14,1
692,1.04,1
693,1.07,1
694,1.04,1
695,1.14,1
696,1.07,1
697,1.17,1
698,1.23,1
699,1.21,1
700,1.13,1
701,1.14,1
702,1.12,1
703,1.16,1
704,1.14,1
705,1.07,1
706,1.12,1
707,1.17,1
708,1.19,1
709,1.16,1
710,1.03,1
711,1.05,1
712,1.15,1
713,1.04,1
714,1.1,1
715,1.17,1
716,1.15,1
717,1.11,1
718,1.09,1
719,1.14,1
720,1.17,1
721,1.12,1
722,1.1,1
723,1.07,1
724,1.09,1
725,1.1,1
726,1.16,1
727,1.12,1
728,1.18,1
729,1.14,1
730,1.09,1
731,1.1,1
732,1.16,1
733,1.08,1
734,1.29,1
735,1.13,1
736,1.28,1
737,1.14,1
738,1.12,1
739,1.11,1
740,1.15,1
741,1.16,1
742,1.1,1
743,1.13,1
744,1.15,1
745,1.2,1
746,1.16,1
747,1.08,1
748,1.1,1
749,1.1,1
750,1.12,1
751,1.12,1
752,1.03,1
753,1.09,1
754,1.09,1
755,1.08,1
756,1.14,1
757,1.1,1
758,1.05,1
759,1.04,1
760,1.12,1
761,1.17,1
762,1.08,1
763,1.12,1
764,1.23,1
765,1.16,1
766,1.05,1
767,1.1,1
768,1.14,1
769,1.17,1
770,1.02,1
771,1.15,1
772,1.18,1
773,1.1,1
774,1.15,1
775,1.05,1
776,1.02,1
777,1.13,1
778,1.14,1
779,1.2,1
780,1.21,1
781,1.18,1
782,1.06,1
783,1.08,1
784,1.23,1
785,1.26,1
786,1.2,1
787,1.12,1
788,1.17,1
789,1.11,1
790,1.07,1
791,1.11,1
792,1.07,1
793,1.08,1
794,1.28,1
795,1.08,1
796,1.06,1
797,1.15,1
798,1.15,1
799,1.2,1
800,1.1,1
801,1.12,1
802,1.11,1
803,1.11,1
804,1.03,1
805,1.2,1
806,1.21,1
807,1.08,1
808,1.22,1
809,1.06,1
810,1.07,1
811,1.07,1
812,1.06,1
813,1.08,1
814,1.09,1
815,1.05,1
816,1.06,1
817,1.05,1
818,1.05,1
819,1.24,1
820,1.1,1
821,1.05,1
822,1.08,1
823,1.15,1
824,1.19,1
825,1.16,1
826,1.1,1
827,1.11,1
828,1.09,1
829,1.08,1
830,1.13,1
831,1.14,1
832,1.08,1
833,1.05,1
834,1.19,1
835,1.22,1
836,1.12,1
837,1.21,1
838,1.17,1
839,1.1,1
840,1.15,1
841,1.07,1
842,1.04,1
843,1.1,1
844,1.08,1
845,1.12,1
846,1.15,1
847,1.11,1
848,1.09,1
849,1.11,1
850,1.16,1
851,1.1,1
852,1.12,1
853,1.14,1
854,1.21,1
855,1.12,1
856,1.17,1
857,1.1,1
858,1.24,1
859,1.14,1
860,1.13,1
861,1.16,1
862,1.11,1
863,1.13,1
864,1.12,1
865,1.05,1
866,1.17,1
867,1.23,1
868,1.1,1
869,1.11,1
870,1.1,1
871,1.22,1
872,1.16,1
873,1.03,1
874,1.04,1
875,1.12,1
876,1.12,1
877,1.07,1
878,1.1,1
879,1.13,1
880,1.11,1
881,1.13,1
882,1.1,1
883,1.04,1
884,1.13,1
885,1.13,1
886,1.27,1
887,1.11,1
888,1.12,1
889,1.08,1
890,1.14,1
891,1.14,1
892,1.07,1
893,1.1,1
894,1.1,1
895,1.13,1
896,1.18,1
897,1.13,1
898,1.05,1
899,1.1,1
900,1.08,1
901,1.17,1
902,1.09,1
903,1.06,1
904,1.23,1
905,1.16,1
906,1.15,1
907,1.08,1
908,1.04,1
909,1.12,1
910,1.1,1
911,1.14,1
912,1.22,1
913,1.14,1
914,1.06,1
915,1.08,1
916,1.05,1
917,1.16,1
918,1.07,1
919,1.11,1
920,1.18,1
921,1.07,1
922,1.07,1
923,1.05,1
924,1.06,1
925,1.16,1
926,1.21,1
927,1.17,1
928,1.21,1
929,1.14,1
930,1.11,1
931,1.14,1
932,1.15,1
933,1.07,1
934,1.05,1
935,1.18,1
936,1.12,1
937,1.15,1
938,1.2,1
939,1.11,1
940,1.13,1
941,1.06,1
942,1.15,1
943,1.05,1
944,1.09,1
945,1.06,1
946,1.07,1
947,1.0,1
948,1.12,1
949,1.06,1
950,1.12,1
951,1.11,1
952,1.12,1
953,1.03,1
954,1.19,1
955,1.17,1
956,1.17,1
957,1.11,1
958,1.13,1
959,1.11,1
960,1.09,1
961,1.16,1
962,1.09,1
963,1.03,1
964,1.14,1
965,1.12,1
966,1.17,1
967,1.15,1
968,1.06,1
969,1.05,1
970,1.08,1
971,1.13,1
972,1.09,1
973,1.1,1
974,1.12,1
975,1.14,1
976,1.09,1
977,1.12,1
978,1.12,1
979,1.17,1
980,1.24,1
981,1.07,1
982,1.16,1
983,1.19,1
984,1.07,1
985,1.08,1
986,1.17,1
987,1.09,1
988,1.16,1
989,1.07,1
990,1.1,1
991,1.13,1
992,1.14,1
993,1.07,1
994,1.17,1
995,1.07,1
996,1.22,1
997,1.07,1
998,1.21,1
999,1.11,1
