Figure: medium_1
File Number: 10
Nodes: 100
Edges: 2506
Max Generations: 1000
Population Size: 100
Mutation Rate: 0.01
Colors Used: 25
Runtime: 5.49

Generation,Average Fitness,Best Fitness
0,103.8,81
1,100.58,79
2,96.35,74
3,93.11,74
4,89.37,74
5,88.14,73
6,87.14,68
7,85.66,63
8,83.34,63
9,80.94,63
10,79.69,63
11,78.67,63
12,77.72,60
13,76.11,60
14,74.11,60
15,71.88,59
16,70.78,58
17,69.02,57
18,67.59,55
19,66.07,53
20,65.03,53
21,63.53,49
22,62.73,49
23,61.28,49
24,60.18,48
25,58.7,48
26,56.7,47
27,54.76,47
28,53.65,47
29,53.0,47
30,51.73,45
31,51.17,43
32,50.39,42
33,49.35,42
34,48.65,41
35,47.88,41
36,46.72,39
37,46.36,39
38,46.01,36
39,45.27,35
40,44.25,35
41,43.74,35
42,43.7,35
43,43.29,34
44,42.82,34
45,41.72,34
46,40.93,34
47,40.53,34
48,40.26,33
49,39.49,33
50,39.38,31
51,39.05,31
52,38.79,30
53,38.48,30
54,36.78,29
55,36.33,28
56,35.51,28
57,34.96,26
58,33.8,26
59,33.49,26
60,32.93,26
61,32.58,26
62,32.84,26
63,32.7,26
64,31.95,26
65,31.84,25
66,31.01,25
67,31.19,25
68,31.0,25
69,30.72,25
70,30.18,25
71,30.13,25
72,30.04,25
73,30.21,24
74,30.32,24
75,29.61,23
76,29.44,22
77,29.47,22
78,29.6,22
79,29.1,22
80,29.29,22
81,29.25,22
82,29.18,22
83,28.05,22
84,28.62,22
85,28.19,22
86,27.54,21
87,27.53,20
88,27.8,20
89,27.92,20
90,28.09,19
91,28.26,19
92,27.64,19
93,27.12,19
94,26.8,18
95,26.73,18
96,25.86,18
97,25.74,18
98,25.11,18
99,25.35,18
100,25.81,18
101,25.41,18
102,24.76,18
103,24.16,18
104,23.74,17
105,23.17,17
106,22.8,17
107,22.78,17
108,22.8,17
109,22.38,17
110,22.37,17
111,21.94,16
112,21.86,16
113,21.7,16
114,21.98,16
115,22.06,16
116,21.57,16
117,20.96,16
118,21.4,16
119,21.24,16
120,21.78,15
121,21.23,15
122,21.05,15
123,21.38,15
124,21.6,14
125,20.8,14
126,20.89,14
127,20.87,14
128,20.27,14
129,19.8,14
130,19.91,13
131,19.72,13
132,19.2,13
133,18.93,13
134,19.19,13
135,19.61,13
136,19.85,13
137,19.4,13
138,18.61,13
139,18.03,13
140,18.15,13
141,18.43,12
142,18.26,12
143,17.92,12
144,17.76,12
145,17.69,12
146,17.09,12
147,17.65,12
148,17.62,12
149,18.05,12
150,17.96,12
151,17.41,11
152,17.39,11
153,17.58,11
154,18.37,11
155,18.34,11
156,18.01,10
157,17.62,10
158,17.65,10
159,17.73,10
160,17.71,10
161,17.46,10
162,17.6,10
163,17.37,10
164,17.39,10
165,17.78,10
166,17.48,10
167,18.01,10
168,17.01,10
169,16.5,10
170,16.46,10
171,16.18,10
172,15.91,10
173,15.85,10
174,15.5,10
175,15.75,10
176,15.8,10
177,15.68,10
178,15.83,10
179,15.78,10
180,16.13,9
181,15.86,9
182,16.0,9
183,16.27,9
184,16.13,9
185,16.05,8
186,15.51,8
187,15.07,8
188,14.82,8
189,15.15,8
190,14.35,8
191,13.89,8
192,13.55,8
193,13.51,8
194,13.34,8
195,13.43,8
196,14.28,8
197,14.34,8
198,14.12,8
199,13.94,8
200,13.98,8
201,13.79,8
202,13.0,8
203,13.08,8
204,13.04,8
205,12.49,8
206,12.56,8
207,12.73,8
208,12.76,8
209,12.79,8
210,12.82,8
211,13.7,8
212,13.65,8
213,13.98,8
214,13.8,8
215,14.11,8
216,14.06,8
217,14.16,8
218,13.68,8
219,13.87,8
220,14.18,8
221,14.61,8
222,14.67,8
223,15.02,8
224,14.53,8
225,14.91,8
226,15.24,8
227,15.0,8
228,14.86,8
229,14.5,8
230,14.33,8
231,14.66,8
232,14.21,8
233,14.03,8
234,13.95,8
235,13.73,8
236,13.77,8
237,13.71,8
238,13.47,8
239,13.34,8
240,13.43,8
241,13.69,8
242,13.72,8
243,14.18,7
244,13.88,7
245,14.17,7
246,13.54,7
247,13.27,7
248,12.82,7
249,12.31,7
250,12.37,7
251,12.56,7
252,12.34,7
253,12.13,7
254,12.19,6
255,12.35,5
256,12.61,5
257,12.3,5
258,12.55,5
259,12.57,5
260,12.59,5
261,12.35,5
262,12.66,5
263,12.6,5
264,13.06,5
265,13.53,5
266,13.74,5
267,13.34,5
268,13.51,5
269,13.34,5
270,13.01,5
271,12.78,5
272,12.51,5
273,12.07,5
274,11.65,5
275,11.4,5
276,11.7,5
277,11.93,5
278,12.33,5
279,12.31,5
280,11.23,5
281,10.65,5
282,10.79,5
283,10.76,5
284,10.73,5
285,10.77,5
286,11.05,5
287,10.91,5
288,11.2,5
289,10.71,5
290,10.77,5
291,11.13,5
292,10.23,5
293,10.67,5
294,10.08,5
295,10.27,5
296,10.34,5
297,10.49,5
298,10.4,5
299,11.06,5
300,11.14,5
301,10.94,5
302,11.23,5
303,11.03,5
304,10.82,5
305,10.6,5
306,10.61,5
307,10.35,5
308,11.05,4
309,11.76,4
310,11.68,4
311,11.26,4
312,10.77,4
313,10.24,4
314,10.01,4
315,10.53,4
316,10.06,4
317,10.66,4
318,11.28,4
319,10.52,4
320,10.71,4
321,9.93,3
322,10.87,3
323,10.93,3
324,10.23,3
325,10.63,3
326,10.41,3
327,10.65,3
328,10.6,3
329,9.85,3
330,9.76,3
331,9.43,3
332,9.57,3
333,9.38,3
334,9.44,3
335,9.76,3
336,9.03,3
337,8.93,3
338,8.86,3
339,8.23,3
340,8.77,3
341,8.96,3
342,8.81,3
343,9.0,3
344,8.5,3
345,8.51,3
346,8.26,3
347,8.64,3
348,8.61,3
349,8.31,3
350,8.58,3
351,8.52,3
352,8.3,3
353,8.51,3
354,8.72,3
355,8.87,3
356,8.94,3
357,8.92,3
358,9.03,3
359,8.9,3
360,8.61,3
361,8.63,3
362,8.41,3
363,8.34,3
364,8.9,3
365,8.93,3
366,8.91,3
367,8.67,3
368,8.15,3
369,8.93,3
370,8.91,3
371,9.42,3
372,9.6,3
373,9.51,3
374,9.13,3
375,8.95,3
376,9.09,3
377,8.51,3
378,8.04,3
379,8.27,3
380,8.48,3
381,8.08,3
382,8.1,3
383,7.7,3
384,7.55,3
385,7.66,3
386,8.16,3
387,8.19,3
388,8.32,3
389,8.19,3
390,8.56,3
391,9.34,3
392,9.29,3
393,8.45,3
394,8.5,3
395,8.41,3
396,8.48,3
397,8.11,3
398,7.97,3
399,7.9,3
400,8.71,3
401,8.48,3
402,8.59,3
403,7.93,3
404,8.06,3
405,8.47,3
406,8.34,3
407,8.2,3
408,8.39,3
409,8.41,3
410,8.54,3
411,8.55,3
412,8.38,3
413,8.03,3
414,8.32,3
415,8.15,3
416,8.85,3
417,8.73,3
418,8.94,3
419,9.04,3
420,9.15,3
421,9.24,3
422,8.92,3
423,8.78,3
424,8.45,3
425,8.83,3
426,8.66,3
427,8.78,3
428,8.22,3
429,8.43,3
430,8.54,3
431,8.33,3
432,7.89,3
433,8.35,3
434,8.48,3
435,8.51,3
436,7.95,3
437,7.63,3
438,8.26,3
439,8.81,3
440,9.28,3
441,9.98,3
442,9.89,3
443,9.67,3
444,9.43,3
445,9.35,3
446,9.24,3
447,8.96,3
448,9.1,3
449,8.93,3
450,8.55,3
451,8.58,3
452,8.61,3
453,8.65,3
454,8.68,3
455,8.54,3
456,9.38,3
457,9.72,3
458,9.64,3
459,9.89,3
460,9.78,3
461,9.7,3
462,9.47,3
463,9.01,3
464,8.35,3
465,7.97,3
466,8.73,3
467,9.07,3
468,9.77,3
469,9.0,3
470,9.01,3
471,9.21,3
472,8.98,3
473,9.76,3
474,9.85,3
475,10.2,3
476,10.46,3
477,10.71,3
478,9.38,3
479,9.1,3
480,9.58,3
481,9.95,3
482,9.86,3
483,9.69,3
484,9.44,3
485,9.49,3
486,9.23,3
487,9.5,3
488,9.42,3
489,9.35,3
490,9.03,3
491,9.15,3
492,9.8,3
493,9.87,3
494,9.55,3
495,9.07,3
496,9.17,3
497,8.94,3
498,8.8,3
499,8.5,3
500,8.82,3
501,8.77,3
502,8.82,3
503,8.6,3
504,8.26,3
505,8.29,3
506,8.67,3
507,8.73,3
508,8.84,3
509,9.42,3
510,9.71,3
511,9.37,3
512,9.0,3
513,8.87,3
514,8.6,3
515,8.82,3
516,8.78,3
517,8.59,3
518,8.45,3
519,8.34,3
520,8.5,2
521,7.9,2
522,8.27,2
523,8.3,2
524,8.21,2
525,8.66,2
526,8.15,2
527,8.48,2
528,8.32,2
529,8.31,2
530,8.07,2
531,7.68,2
532,7.25,2
533,7.77,2
534,7.14,2
535,7.93,2
536,8.57,2
537,8.51,2
538,8.66,2
539,8.24,2
540,8.04,2
541,7.9,2
542,8.17,2
543,8.19,2
544,7.59,2
545,7.63,2
546,7.09,2
547,6.87,2
548,6.94,2
549,6.84,2
550,7.24,2
551,7.41,2
552,7.81,2
553,8.42,2
554,8.19,2
555,7.65,2
556,7.91,2
557,7.8,2
558,8.66,2
559,8.62,2
560,8.88,2
561,8.33,2
562,8.16,2
563,8.26,2
564,8.17,2
565,8.42,2
566,8.85,2
567,8.03,2
568,8.07,2
569,8.23,2
570,8.09,2
571,8.16,2
572,7.94,2
573,7.39,2
574,7.86,2
575,8.11,2
576,7.5,2
577,7.25,2
578,6.87,2
579,6.94,2
580,7.07,2
581,6.9,2
582,7.13,2
583,7.16,2
584,7.4,2
585,7.16,2
586,7.3,2
587,7.17,2
588,7.36,2
589,7.91,2
590,8.01,2
591,8.25,2
592,8.46,2
593,7.97,2
594,8.22,2
595,7.68,2
596,7.29,2
597,7.26,2
598,7.19,2
599,7.67,2
600,7.89,2
601,7.7,2
602,7.35,2
603,8.03,2
604,7.71,2
605,7.94,2
606,8.23,2
607,8.13,2
608,8.62,2
609,8.01,2
610,7.91,2
611,7.82,2
612,7.8,2
613,7.59,2
614,6.79,2
615,7.4,2
616,7.33,2
617,7.81,2
618,7.8,2
619,8.01,2
620,8.08,2
621,8.27,2
622,8.39,2
623,8.29,2
624,9.01,2
625,8.67,2
626,8.43,2
627,8.59,2
628,9.4,2
629,9.42,2
630,10.12,2
631,9.66,2
632,9.82,2
633,9.73,2
634,10.0,2
635,9.99,2
636,9.78,2
637,10.03,2
638,10.01,2
639,9.43,2
640,9.63,2
641,9.32,2
642,9.3,2
643,9.16,2
644,9.19,2
645,9.38,2
646,9.81,2
647,9.66,2
648,8.71,2
649,8.61,2
650,8.87,2
651,8.07,2
652,8.34,2
653,7.57,2
654,6.61,2
655,6.37,1
656,7.15,1
657,6.92,1
658,7.17,1
659,6.8,1
660,7.12,1
661,7.8,1
662,7.91,1
663,7.47,1
664,7.49,1
665,7.96,1
666,7.63,1
667,7.5,1
668,7.48,1
669,7.54,1
670,7.72,1
671,6.61,1
672,7.19,1
673,7.79,1
674,7.46,1
675,7.38,1
676,7.12,1
677,7.33,1
678,6.53,1
679,6.65,1
680,6.96,1
681,7.16,1
682,7.65,1
683,7.3,1
684,7.42,1
685,7.2,1
686,7.11,1
687,7.54,1
688,7.83,1
689,8.25,1
690,7.83,1
691,7.93,1
692,7.96,1
693,7.48,1
694,7.15,1
695,7.82,1
696,7.96,1
697,7.83,1
698,7.95,1
699,7.6,1
700,8.03,1
701,8.16,1
702,7.82,1
703,7.93,1
704,8.34,1
705,7.92,1
706,7.8,1
707,7.47,1
708,7.36,1
709,7.12,1
710,6.8,1
711,6.0,1
712,6.28,1
713,6.88,1
714,7.08,1
715,6.63,1
716,6.64,1
717,7.25,1
718,6.83,1
719,7.04,1
720,6.71,1
721,6.88,1
722,6.69,1
723,6.94,1
724,6.63,1
725,7.33,1
726,7.33,1
727,7.09,1
728,7.5,1
729,7.79,1
730,7.87,1
731,7.58,1
732,7.46,1
733,7.76,1
734,6.99,1
735,7.75,1
736,7.38,1
737,7.36,1
738,7.22,1
739,7.24,1
740,6.87,1
741,6.69,1
742,6.67,1
743,6.63,1
744,6.46,1
745,6.64,1
746,6.41,1
747,6.22,1
748,6.3,1
749,6.23,1
750,5.45,1
751,5.98,1
752,6.09,1
753,6.17,1
754,5.92,1
755,6.23,1
756,5.95,1
757,5.89,1
758,6.21,1
759,6.48,1
760,6.71,1
761,7.33,1
762,7.28,1
763,7.47,1
764,7.01,1
765,7.06,1
766,6.65,1
767,6.61,1
768,6.23,1
769,6.56,1
770,5.99,1
771,6.4,1
772,6.83,1
773,6.51,1
774,6.53,1
775,6.81,1
776,6.92,1
777,6.49,1
778,6.44,1
779,6.34,1
780,6.48,1
781,7.39,1
782,7.58,1
783,7.45,1
784,7.44,1
785,7.16,1
786,6.86,1
787,7.13,1
788,6.9,1
789,6.43,1
790,6.6,1
791,6.86,1
792,7.07,1
793,6.87,1
794,6.97,1
795,6.62,1
796,6.8,1
797,6.7,1
798,7.25,1
799,7.52,1
800,7.45,1
801,7.4,1
802,7.28,1
803,6.63,1
804,6.46,1
805,6.66,1
806,7.03,1
807,6.59,1
808,6.88,1
809,7.03,1
810,6.98,1
811,6.15,1
812,5.84,1
813,6.01,1
814,6.19,1
815,6.45,1
816,7.54,1
817,6.99,1
818,7.01,1
819,7.11,1
820,6.96,1
821,6.69,1
822,6.6,1
823,6.83,1
824,7.28,1
825,6.71,1
826,7.03,1
827,7.9,1
828,7.62,1
829,7.04,1
830,6.78,1
831,7.68,1
832,7.58,1
833,7.42,1
834,7.71,1
835,7.59,1
836,7.86,1
837,7.86,1
838,7.78,1
839,7.22,1
840,7.28,1
841,7.52,1
842,7.61,1
843,7.65,1
844,7.88,1
845,7.32,1
846,7.94,1
847,7.39,1
848,7.76,1
849,7.18,1
850,7.74,1
851,7.4,1
852,7.67,1
853,7.61,1
854,6.88,1
855,7.29,1
856,6.78,1
857,6.79,1
858,6.77,1
859,6.83,1
860,6.3,1
861,6.75,1
862,6.74,1
863,6.9,1
864,7.21,1
865,7.5,1
866,6.92,1
867,6.51,1
868,6.94,1
869,7.23,1
870,7.25,1
871,6.62,1
872,7.03,1
873,7.24,1
874,7.7,1
875,7.33,1
876,7.24,1
877,7.24,1
878,7.64,1
879,7.21,1
880,7.23,1
881,7.52,1
882,7.73,1
883,7.42,1
884,6.69,1
885,6.51,1
886,6.38,1
887,6.64,1
888,6.88,1
889,7.38,1
890,7.17,1
891,6.88,1
892,6.8,1
893,7.16,1
894,6.32,1
895,5.96,1
896,6.36,1
897,6.72,1
898,7.48,1
899,7.09,1
900,7.25,1
901,6.99,1
902,7.37,1
903,8.09,1
904,7.47,1
905,7.55,1
906,7.53,1
907,7.35,1
908,7.14,1
909,6.18,1
910,6.29,1
911,6.26,1
912,6.56,1
913,6.78,1
914,6.72,1
915,6.9,1
916,6.85,1
917,6.34,1
918,6.49,1
919,6.92,1
920,7.57,1
921,7.07,1
922,7.16,1
923,7.7,1
924,7.75,1
925,7.95,1
926,7.98,1
927,7.63,1
928,7.08,1
929,7.51,1
930,7.16,1
931,7.28,1
932,6.64,1
933,6.62,1
934,7.0,1
935,6.38,1
936,6.33,1
937,6.63,1
938,6.71,1
939,6.59,1
940,7.01,1
941,6.22,1
942,6.12,1
943,6.4,1
944,6.78,1
945,6.68,1
946,6.89,1
947,6.51,1
948,6.39,1
949,6.15,1
950,5.85,1
951,5.76,1
952,5.95,1
953,6.57,1
954,6.54,1
955,6.36,1
956,6.42,1
957,6.54,1
958,6.38,1
959,7.05,1
960,7.02,1
961,6.64,1
962,6.76,1
963,6.91,1
964,6.97,1
965,7.01,1
966,7.27,1
967,7.03,1
968,6.74,1
969,6.73,1
970,6.85,1
971,6.49,1
972,6.18,1
973,6.57,1
974,6.93,1
975,6.76,1
976,6.58,1
977,6.2,1
978,6.58,1
979,7.34,1
980,7.06,1
981,7.09,1
982,7.13,1
983,7.11,1
984,6.62,1
985,7.17,1
986,7.54,1
987,7.51,1
988,7.04,1
989,7.14,1
990,6.6,1
991,6.16,1
992,6.42,1
993,6.32,1
994,6.76,1
995,7.13,1
996,7.13,1
997,7.34,1
998,7.31,1
999,7.57,1
