Figure: medium_1
File Number: 24
Nodes: 100
Edges: 2506
Max Generations: 1000
Population Size: 100
Mutation Rate: 0.01
Colors Used: 23
Runtime: 6.75

Generation,Average Fitness,Best Fitness
0,113.02,88
1,108.76,87
2,105.81,74
3,103.42,74
4,101.98,74
5,100.13,74
6,97.67,73
7,96.32,73
8,93.01,73
9,88.78,71
10,85.1,71
11,82.8,69
12,80.49,69
13,78.96,69
14,78.13,69
15,76.83,67
16,75.98,66
17,74.87,66
18,73.7,66
19,72.33,64
20,71.82,63
21,71.6,63
22,70.75,61
23,69.68,59
24,69.2,59
25,68.62,59
26,67.98,58
27,67.56,58
28,66.73,55
29,65.61,55
30,64.16,53
31,62.7,53
32,61.57,53
33,60.73,51
34,59.88,51
35,58.01,50
36,57.04,50
37,57.13,49
38,56.42,49
39,55.84,49
40,55.41,49
41,54.57,48
42,54.63,48
43,54.67,48
44,54.12,47
45,53.73,45
46,52.79,45
47,52.15,45
48,51.61,43
49,50.91,42
50,50.98,42
51,49.49,42
52,48.62,42
53,48.06,42
54,48.01,42
55,47.81,42
56,47.41,40
57,47.21,40
58,46.79,40
59,46.1,40
60,46.25,40
61,45.61,39
62,45.44,38
63,45.17,38
64,44.62,38
65,43.32,38
66,42.85,37
67,42.55,37
68,42.62,36
69,41.99,36
70,41.76,36
71,41.84,36
72,41.48,36
73,41.47,34
74,40.77,34
75,40.89,34
76,40.57,34
77,39.73,33
78,39.53,33
79,39.34,32
80,39.11,32
81,39.41,31
82,38.18,31
83,38.38,31
84,38.02,31
85,36.95,31
86,36.65,31
87,36.68,31
88,36.91,31
89,36.3,30
90,36.06,30
91,36.35,29
92,35.96,29
93,35.71,28
94,34.97,28
95,34.47,28
96,34.53,28
97,34.12,27
98,33.48,27
99,33.36,27
100,33.06,27
101,33.86,27
102,33.24,27
103,32.75,27
104,32.69,27
105,31.87,27
106,31.27,26
107,31.02,25
108,30.98,25
109,31.37,24
110,31.5,24
111,31.23,24
112,30.66,24
113,30.75,24
114,30.79,24
115,30.06,23
116,30.03,23
117,29.81,23
118,29.72,23
119,29.44,22
120,29.37,22
121,28.76,21
122,28.17,21
123,28.19,21
124,27.14,20
125,27.12,20
126,26.34,18
127,26.46,18
128,25.88,18
129,26.11,17
130,25.72,17
131,25.93,17
132,25.15,17
133,24.88,16
134,23.99,16
135,23.04,16
136,22.94,16
137,22.42,16
138,22.56,15
139,22.45,15
140,22.42,15
141,22.4,15
142,23.26,15
143,23.26,15
144,22.76,15
145,22.57,15
146,22.31,15
147,21.87,15
148,21.63,15
149,21.18,15
150,20.95,15
151,21.35,14
152,20.42,14
153,20.66,14
154,20.24,14
155,19.93,14
156,19.42,14
157,19.3,14
158,19.5,14
159,19.36,13
160,19.5,13
161,20.38,12
162,20.64,12
163,19.88,12
164,20.0,12
165,20.08,12
166,19.94,11
167,19.51,11
168,18.8,11
169,18.26,11
170,17.32,11
171,17.64,11
172,17.9,11
173,17.79,11
174,17.53,11
175,17.49,11
176,17.67,11
177,17.76,11
178,17.71,11
179,17.71,10
180,17.71,10
181,18.08,9
182,17.67,9
183,17.0,9
184,16.86,9
185,17.04,9
186,16.79,9
187,16.72,9
188,16.89,9
189,17.11,9
190,16.96,9
191,16.72,9
192,16.01,9
193,16.04,9
194,15.25,9
195,15.57,9
196,15.65,9
197,15.95,9
198,15.52,9
199,15.12,9
200,15.5,9
201,14.89,8
202,14.68,8
203,14.04,8
204,14.01,8
205,13.88,8
206,14.51,8
207,15.06,8
208,15.07,8
209,14.74,8
210,14.97,8
211,15.19,8
212,14.49,8
213,14.18,8
214,14.19,8
215,14.7,8
216,14.57,8
217,14.38,8
218,13.35,8
219,14.14,8
220,14.59,8
221,14.41,8
222,14.4,8
223,14.34,8
224,14.49,7
225,14.31,7
226,13.22,7
227,13.48,7
228,13.42,7
229,13.68,7
230,13.77,7
231,13.9,7
232,13.84,7
233,14.28,7
234,13.95,7
235,13.96,7
236,14.08,7
237,13.82,7
238,14.13,7
239,13.72,7
240,13.7,7
241,13.09,7
242,13.38,7
243,13.64,7
244,13.72,7
245,13.18,7
246,12.56,7
247,12.25,7
248,12.09,6
249,12.69,6
250,11.88,6
251,12.5,6
252,12.61,6
253,12.38,6
254,12.9,6
255,12.83,6
256,12.77,6
257,12.93,6
258,12.85,6
259,12.8,6
260,12.49,6
261,11.73,6
262,11.46,6
263,11.73,6
264,12.12,6
265,12.0,6
266,12.47,6
267,12.32,6
268,11.82,6
269,12.06,6
270,12.27,6
271,12.09,6
272,11.81,6
273,11.73,6
274,11.06,6
275,11.57,6
276,10.98,6
277,10.8,6
278,11.37,6
279,10.8,6
280,10.72,6
281,11.22,6
282,11.04,6
283,11.21,6
284,11.25,6
285,11.68,6
286,12.52,6
287,12.44,6
288,11.86,6
289,12.02,6
290,12.12,6
291,11.72,6
292,11.36,6
293,11.13,6
294,11.05,6
295,11.61,6
296,11.45,6
297,10.99,6
298,10.87,6
299,11.09,6
300,11.17,6
301,11.41,6
302,10.67,6
303,10.77,6
304,11.32,6
305,10.88,6
306,11.63,6
307,12.35,6
308,12.8,6
309,12.22,6
310,12.55,6
311,12.8,6
312,13.62,6
313,13.4,6
314,13.89,6
315,13.84,6
316,13.32,6
317,13.83,6
318,13.18,6
319,12.91,6
320,12.41,6
321,12.4,6
322,13.0,6
323,12.91,6
324,12.39,6
325,12.81,6
326,12.97,6
327,13.17,6
328,13.53,6
329,13.67,6
330,13.71,6
331,12.9,6
332,13.04,6
333,13.25,6
334,13.9,6
335,13.11,6
336,13.07,6
337,13.32,6
338,13.28,6
339,13.35,6
340,12.28,6
341,11.63,6
342,11.69,6
343,12.68,6
344,12.68,6
345,12.35,6
346,11.93,6
347,11.22,6
348,11.49,6
349,11.9,6
350,12.29,6
351,12.51,6
352,12.51,6
353,11.91,6
354,11.61,6
355,11.6,6
356,11.69,6
357,11.36,6
358,11.07,6
359,11.07,6
360,11.47,6
361,11.32,6
362,11.3,6
363,11.52,6
364,11.7,6
365,11.78,6
366,12.12,6
367,12.2,6
368,11.86,6
369,11.11,6
370,11.49,6
371,10.84,6
372,11.32,6
373,11.72,6
374,12.24,6
375,12.37,6
376,12.62,6
377,12.38,6
378,12.87,6
379,13.61,6
380,13.72,6
381,13.27,6
382,13.29,6
383,13.24,6
384,12.99,6
385,12.72,6
386,12.66,6
387,12.77,6
388,12.77,6
389,12.45,6
390,12.06,6
391,12.05,6
392,12.79,6
393,12.06,6
394,11.67,6
395,11.43,6
396,11.4,6
397,11.91,5
398,11.91,5
399,12.56,5
400,12.56,5
401,12.14,5
402,12.46,5
403,11.78,5
404,12.05,5
405,11.49,5
406,10.93,5
407,11.43,5
408,10.84,5
409,11.08,5
410,11.25,5
411,11.23,5
412,11.95,5
413,11.71,5
414,11.85,5
415,11.58,5
416,10.64,5
417,10.14,5
418,11.31,5
419,11.1,5
420,10.85,5
421,11.0,5
422,11.28,5
423,11.92,5
424,11.85,5
425,12.2,5
426,11.45,5
427,10.64,5
428,11.21,5
429,11.28,5
430,10.75,5
431,10.69,5
432,10.72,5
433,10.93,5
434,11.02,5
435,11.71,5
436,12.17,5
437,12.02,5
438,12.45,5
439,12.2,5
440,11.85,5
441,12.28,5
442,12.17,5
443,12.89,5
444,12.95,5
445,12.7,5
446,12.41,5
447,12.42,5
448,11.88,5
449,12.8,5
450,11.95,5
451,11.95,5
452,12.03,5
453,11.66,5
454,11.71,5
455,11.93,5
456,11.23,5
457,11.11,5
458,10.79,5
459,10.93,5
460,11.19,5
461,11.03,5
462,10.36,5
463,9.8,5
464,9.77,5
465,9.91,5
466,10.05,5
467,10.91,5
468,11.07,5
469,11.11,5
470,10.53,5
471,10.29,5
472,10.31,5
473,10.2,5
474,10.03,5
475,9.96,5
476,10.34,5
477,10.63,5
478,10.85,5
479,10.64,5
480,10.57,5
481,10.9,5
482,10.6,5
483,10.45,5
484,10.43,5
485,11.21,5
486,10.9,5
487,10.87,5
488,11.4,5
489,11.35,5
490,11.28,5
491,11.29,5
492,10.65,5
493,11.33,5
494,11.35,5
495,11.08,5
496,10.61,5
497,10.09,5
498,10.53,5
499,10.57,5
500,10.0,5
501,9.71,5
502,8.96,5
503,9.2,5
504,9.38,5
505,10.45,5
506,10.59,5
507,10.99,5
508,10.51,5
509,10.37,5
510,10.38,5
511,10.34,5
512,10.32,5
513,10.67,5
514,11.19,5
515,10.94,5
516,10.54,5
517,10.84,5
518,10.3,5
519,10.32,5
520,10.9,5
521,10.96,5
522,10.74,5
523,10.59,5
524,10.63,5
525,10.29,5
526,10.36,5
527,10.78,5
528,11.03,5
529,10.94,5
530,10.61,5
531,10.97,5
532,10.52,5
533,10.19,5
534,10.58,5
535,10.8,5
536,10.72,5
537,10.64,5
538,10.43,5
539,10.98,5
540,10.85,5
541,11.61,5
542,12.17,5
543,11.8,5
544,11.61,5
545,11.21,5
546,11.76,5
547,11.27,5
548,11.3,5
549,11.77,5
550,12.67,5
551,12.43,5
552,12.29,5
553,11.45,5
554,10.93,5
555,10.65,5
556,10.68,5
557,10.11,5
558,10.27,5
559,10.67,5
560,10.45,5
561,10.06,5
562,9.99,5
563,10.25,5
564,9.77,5
565,9.69,5
566,9.57,5
567,9.41,5
568,9.65,5
569,10.07,5
570,10.36,5
571,10.72,5
572,10.67,5
573,10.88,5
574,11.75,5
575,11.46,5
576,11.5,5
577,11.25,5
578,11.05,5
579,11.16,5
580,11.3,5
581,11.39,5
582,11.5,5
583,11.08,5
584,11.68,5
585,11.64,5
586,11.12,5
587,10.92,5
588,10.78,5
589,10.67,5
590,10.39,5
591,10.85,5
592,10.53,5
593,10.83,5
594,11.15,5
595,10.91,5
596,10.34,5
597,9.67,5
598,9.88,4
599,9.59,4
600,9.49,4
601,9.88,4
602,9.85,4
603,9.99,4
604,10.34,4
605,10.72,4
606,10.02,4
607,10.05,4
608,10.3,4
609,9.91,4
610,9.57,4
611,9.71,4
612,10.63,4
613,10.64,4
614,10.33,4
615,10.35,4
616,10.48,4
617,10.7,4
618,10.92,4
619,11.18,4
620,11.34,4
621,11.61,4
622,11.36,4
623,11.01,4
624,10.65,4
625,9.55,4
626,9.7,4
627,9.55,4
628,10.17,4
629,10.66,4
630,11.38,4
631,11.48,4
632,11.03,4
633,10.74,4
634,10.62,4
635,10.87,4
636,11.52,4
637,11.56,4
638,10.89,4
639,10.26,4
640,10.66,4
641,11.5,4
642,10.58,4
643,9.72,4
644,9.21,4
645,9.56,4
646,9.98,4
647,9.63,4
648,9.69,4
649,9.81,4
650,10.19,4
651,9.54,4
652,9.69,4
653,10.32,4
654,10.42,4
655,10.18,4
656,10.51,4
657,10.18,4
658,10.03,4
659,9.86,4
660,10.02,4
661,9.99,4
662,10.72,4
663,10.89,4
664,10.98,4
665,10.66,4
666,10.65,4
667,11.08,4
668,10.43,4
669,10.58,4
670,9.94,4
671,9.93,4
672,10.29,4
673,9.71,4
674,9.95,4
675,9.83,4
676,9.59,4
677,9.08,4
678,9.39,4
679,9.6,4
680,9.2,4
681,9.65,4
682,9.45,4
683,10.39,4
684,10.66,4
685,10.4,4
686,10.03,4
687,9.88,4
688,9.82,4
689,9.67,4
690,9.63,4
691,9.47,4
692,9.94,4
693,10.15,4
694,10.32,4
695,10.1,4
696,9.61,4
697,9.96,4
698,10.22,4
699,9.61,4
700,9.81,3
701,10.04,3
702,10.64,3
703,9.92,3
704,10.18,3
705,9.84,3
706,10.06,3
707,9.82,3
708,10.29,3
709,10.43,3
710,9.93,3
711,9.98,3
712,10.42,3
713,10.21,3
714,9.88,3
715,9.48,3
716,9.34,3
717,9.65,3
718,9.31,3
719,9.66,3
720,9.48,3
721,9.99,3
722,10.39,3
723,9.58,3
724,9.19,3
725,9.5,3
726,9.28,3
727,9.22,3
728,8.62,3
729,8.86,3
730,8.92,3
731,8.57,3
732,8.73,3
733,8.67,3
734,9.16,3
735,9.29,3
736,9.86,3
737,9.85,3
738,9.75,3
739,9.89,3
740,10.11,3
741,9.69,3
742,9.5,3
743,8.97,3
744,8.92,3
745,8.76,3
746,8.92,3
747,8.61,3
748,8.45,3
749,8.46,3
750,8.48,3
751,9.06,3
752,8.38,3
753,8.53,3
754,9.19,3
755,9.55,3
756,9.48,3
757,9.55,3
758,9.75,3
759,9.87,3
760,10.19,3
761,9.89,3
762,9.91,3
763,9.44,3
764,9.42,3
765,8.37,3
766,8.81,3
767,9.17,3
768,9.84,3
769,9.73,3
770,10.84,3
771,10.58,3
772,10.43,3
773,10.23,3
774,10.18,3
775,9.92,3
776,9.62,3
777,9.69,3
778,9.44,3
779,8.81,3
780,9.42,3
781,9.35,3
782,9.47,3
783,9.96,3
784,9.95,3
785,10.12,3
786,9.78,3
787,9.88,3
788,9.58,3
789,9.23,3
790,9.4,3
791,9.63,3
792,9.73,3
793,9.55,3
794,9.07,3
795,8.39,3
796,9.31,3
797,9.14,3
798,9.13,3
799,8.69,3
800,9.13,3
801,9.24,3
802,9.59,3
803,9.48,3
804,9.5,3
805,8.96,3
806,8.06,3
807,7.99,3
808,8.33,3
809,8.34,3
810,8.49,3
811,8.39,3
812,7.97,3
813,8.25,3
814,8.05,3
815,8.09,3
816,8.7,3
817,8.25,3
818,8.88,3
819,9.2,3
820,10.17,3
821,10.33,3
822,10.6,3
823,10.61,3
824,11.1,3
825,11.24,3
826,11.76,3
827,11.3,3
828,10.68,3
829,10.93,3
830,10.17,3
831,9.64,3
832,9.25,3
833,9.4,3
834,9.48,3
835,9.37,3
836,10.0,3
837,10.23,3
838,10.33,3
839,9.79,3
840,9.96,3
841,9.45,3
842,9.45,3
843,10.08,3
844,9.5,3
845,9.58,3
846,8.85,3
847,8.65,3
848,8.34,3
849,8.57,3
850,9.04,3
851,9.84,3
852,9.91,3
853,9.83,3
854,9.71,3
855,9.8,3
856,9.72,3
857,9.26,3
858,8.68,3
859,8.4,3
860,8.3,3
861,8.69,3
862,8.8,3
863,8.39,3
864,8.56,3
865,8.39,3
866,8.35,3
867,9.07,3
868,9.47,3
869,9.42,3
870,9.06,3
871,9.65,3
872,9.25,3
873,9.39,3
874,9.05,3
875,9.09,3
876,9.14,3
877,8.66,3
878,9.15,3
879,9.5,3
880,9.23,3
881,8.47,3
882,8.42,3
883,8.32,3
884,8.92,3
885,9.44,3
886,9.23,3
887,9.52,3
888,9.01,3
889,9.23,3
890,9.81,3
891,9.71,3
892,9.55,3
893,9.54,3
894,9.57,3
895,9.98,3
896,10.11,3
897,9.98,3
898,9.81,3
899,9.28,3
900,9.12,3
901,8.82,3
902,8.98,3
903,8.97,3
904,9.26,3
905,9.67,3
906,9.57,3
907,9.51,3
908,9.41,3
909,9.74,3
910,10.09,3
911,9.75,3
912,9.25,3
913,9.44,3
914,9.56,3
915,10.07,3
916,9.86,3
917,9.32,3
918,9.24,3
919,9.42,3
920,9.39,3
921,9.22,3
922,9.89,3
923,9.22,3
924,9.23,3
925,8.98,3
926,8.83,3
927,9.01,3
928,8.73,3
929,8.69,3
930,8.23,3
931,8.87,3
932,9.51,3
933,9.44,3
934,9.06,3
935,9.1,3
936,8.83,3
937,8.89,3
938,8.56,3
939,9.31,3
940,9.53,3
941,9.9,3
942,10.38,3
943,10.15,3
944,9.38,3
945,9.51,3
946,9.58,3
947,9.61,3
948,9.91,3
949,10.39,3
950,10.04,3
951,10.04,3
952,10.11,3
953,9.78,3
954,9.58,3
955,9.02,3
956,8.48,3
957,8.44,3
958,8.96,3
959,9.06,3
960,9.39,3
961,9.22,3
962,9.41,3
963,9.3,3
964,9.09,3
965,9.04,3
966,8.79,3
967,8.54,3
968,8.72,3
969,8.6,3
970,8.26,3
971,7.89,3
972,7.64,3
973,8.09,3
974,8.17,3
975,8.61,3
976,9.73,3
977,9.48,3
978,9.45,3
979,9.35,3
980,9.75,3
981,9.56,3
982,10.35,3
983,9.91,3
984,9.54,3
985,9.39,3
986,9.77,3
987,10.53,3
988,10.81,3
989,10.1,3
990,10.13,3
991,10.08,3
992,10.06,3
993,9.9,3
994,10.08,3
995,9.63,3
996,9.89,3
997,10.22,3
998,9.47,3
999,9.64,3
