Figure: medium_1
File Number: 3
Nodes: 100
Edges: 2506
Max Generations: 1000
Population Size: 100
Mutation Rate: 0.01
Colors Used: 23
Runtime: 7.79

Generation,Average Fitness,Best Fitness
0,114.36,91
1,110.41,90
2,107.61,83
3,106.92,83
4,107.04,83
5,105.49,83
6,102.79,79
7,101.51,79
8,101.34,79
9,100.38,77
10,99.55,77
11,97.57,77
12,96.14,77
13,94.91,76
14,90.75,76
15,87.81,73
16,86.17,68
17,84.61,68
18,82.57,67
19,79.59,67
20,76.88,64
21,74.86,64
22,72.6,60
23,70.24,59
24,68.94,59
25,67.18,57
26,65.12,57
27,64.18,52
28,62.59,52
29,61.62,51
30,60.47,51
31,59.87,51
32,59.83,51
33,58.65,45
34,57.48,45
35,55.37,40
36,53.97,36
37,52.43,36
38,50.56,36
39,49.61,36
40,47.85,36
41,46.75,36
42,46.09,36
43,45.74,36
44,45.29,36
45,44.52,36
46,43.31,35
47,42.54,34
48,41.78,33
49,41.47,33
50,41.04,33
51,40.81,31
52,40.15,31
53,39.02,31
54,39.09,30
55,38.34,27
56,37.92,27
57,37.59,26
58,36.5,25
59,35.05,25
60,33.14,25
61,31.81,25
62,31.27,25
63,31.03,24
64,30.33,24
65,29.83,24
66,29.62,24
67,29.63,24
68,29.81,24
69,29.66,24
70,29.41,24
71,28.96,24
72,28.88,24
73,29.29,24
74,29.62,24
75,29.97,24
76,29.84,24
77,29.5,24
78,29.74,24
79,29.25,23
80,28.51,23
81,27.95,23
82,27.79,23
83,28.18,22
84,27.59,22
85,27.75,22
86,27.72,22
87,27.51,22
88,28.26,22
89,28.29,22
90,28.72,22
91,28.82,22
92,29.13,21
93,29.68,21
94,28.98,20
95,27.88,20
96,27.48,20
97,27.15,20
98,26.6,20
99,27.06,20
100,26.35,20
101,26.09,19
102,25.28,19
103,25.33,18
104,24.79,18
105,24.68,18
106,24.89,18
107,24.52,18
108,24.42,18
109,24.7,18
110,24.83,18
111,24.09,18
112,24.01,18
113,23.69,18
114,23.38,18
115,23.52,18
116,22.63,18
117,22.41,17
118,22.27,17
119,22.9,17
120,22.66,17
121,23.48,17
122,22.58,17
123,22.47,17
124,22.32,17
125,21.8,17
126,21.89,17
127,21.79,17
128,22.31,17
129,22.51,17
130,22.22,16
131,22.22,16
132,21.87,16
133,22.16,16
134,22.49,16
135,23.41,16
136,23.45,16
137,23.53,16
138,23.84,16
139,23.77,15
140,23.51,15
141,23.35,15
142,23.62,15
143,22.77,15
144,22.18,15
145,21.96,15
146,22.01,15
147,21.1,15
148,21.63,15
149,21.36,15
150,21.2,15
151,20.99,14
152,20.81,14
153,20.53,14
154,20.32,14
155,20.53,14
156,20.89,14
157,21.31,14
158,20.62,14
159,20.61,14
160,20.34,14
161,19.77,14
162,19.33,14
163,18.94,13
164,19.17,13
165,19.02,13
166,19.63,13
167,19.63,13
168,19.36,13
169,18.53,13
170,18.96,13
171,19.15,13
172,18.51,13
173,19.12,13
174,18.39,13
175,18.62,13
176,19.13,13
177,19.41,13
178,19.34,13
179,19.31,13
180,19.48,13
181,18.95,13
182,18.89,13
183,19.52,13
184,19.56,13
185,19.98,12
186,19.95,12
187,20.13,12
188,20.36,12
189,19.87,12
190,19.83,12
191,19.57,12
192,18.66,12
193,18.3,12
194,17.81,12
195,17.91,12
196,17.19,12
197,17.28,12
198,17.01,12
199,17.5,12
200,18.53,12
201,18.58,12
202,18.26,12
203,18.05,12
204,18.0,12
205,17.94,12
206,17.44,12
207,17.52,12
208,17.46,12
209,17.4,12
210,16.6,12
211,16.89,12
212,16.98,12
213,17.48,12
214,17.63,12
215,18.07,12
216,17.82,12
217,18.71,12
218,19.18,12
219,19.25,12
220,19.02,12
221,19.31,12
222,18.97,12
223,18.44,12
224,17.99,12
225,17.24,12
226,17.71,12
227,17.64,12
228,18.03,12
229,18.18,12
230,18.23,12
231,18.02,12
232,17.64,12
233,17.54,12
234,17.83,12
235,17.92,12
236,17.76,12
237,17.79,12
238,18.4,12
239,18.14,12
240,17.8,12
241,17.92,12
242,18.11,12
243,18.23,12
244,17.93,12
245,18.57,12
246,18.44,12
247,18.3,12
248,18.35,12
249,18.42,12
250,18.04,12
251,17.97,12
252,18.39,12
253,18.77,12
254,18.66,12
255,19.09,12
256,18.92,12
257,18.96,12
258,18.03,12
259,18.45,12
260,19.13,11
261,19.21,11
262,19.22,11
263,19.19,11
264,18.82,11
265,18.24,11
266,17.88,11
267,17.77,11
268,17.43,11
269,17.62,11
270,17.12,11
271,17.4,11
272,17.54,11
273,17.15,11
274,17.13,10
275,16.51,10
276,16.34,10
277,17.69,10
278,18.0,10
279,17.27,10
280,17.35,10
281,17.27,10
282,16.8,9
283,16.9,9
284,16.79,9
285,16.4,9
286,16.29,9
287,15.54,9
288,15.46,9
289,15.17,8
290,15.62,7
291,15.52,7
292,15.41,7
293,15.0,7
294,14.71,7
295,14.83,7
296,14.4,7
297,14.62,7
298,14.82,7
299,14.88,7
300,14.77,6
301,14.55,6
302,14.99,6
303,14.82,6
304,14.99,6
305,14.64,6
306,15.59,6
307,15.56,6
308,14.78,6
309,14.98,6
310,14.55,6
311,14.24,6
312,13.58,6
313,13.67,6
314,13.85,6
315,14.1,6
316,13.89,6
317,13.94,6
318,14.22,6
319,14.55,6
320,14.75,6
321,14.3,6
322,13.75,6
323,13.24,5
324,13.43,5
325,13.21,5
326,13.46,5
327,12.45,5
328,12.22,5
329,12.39,5
330,12.21,5
331,12.18,5
332,12.46,5
333,12.12,5
334,11.23,5
335,11.14,5
336,11.38,5
337,11.59,5
338,11.23,5
339,11.5,5
340,11.77,5
341,11.9,5
342,12.33,5
343,11.7,4
344,11.93,4
345,11.06,4
346,11.77,4
347,11.65,4
348,11.57,4
349,11.69,4
350,11.55,4
351,11.12,3
352,11.5,3
353,11.54,3
354,12.27,3
355,11.77,3
356,10.48,3
357,10.16,3
358,10.47,3
359,10.36,3
360,10.27,3
361,10.07,3
362,9.78,3
363,9.13,3
364,9.53,3
365,9.23,3
366,8.94,3
367,8.99,3
368,9.33,3
369,9.17,3
370,9.18,3
371,9.42,3
372,9.16,3
373,9.35,3
374,8.83,3
375,8.92,3
376,8.27,3
377,8.38,3
378,8.28,3
379,8.39,3
380,9.17,3
381,9.06,3
382,8.99,3
383,9.28,3
384,9.25,3
385,9.04,3
386,9.12,3
387,8.46,3
388,8.59,3
389,8.45,3
390,8.69,3
391,9.22,3
392,9.51,3
393,10.16,3
394,9.52,3
395,9.79,3
396,9.18,3
397,9.82,3
398,9.29,3
399,8.84,3
400,9.17,3
401,8.36,3
402,8.59,3
403,8.83,3
404,9.5,3
405,9.17,3
406,9.43,3
407,9.29,3
408,9.24,3
409,9.71,3
410,9.26,3
411,9.4,3
412,9.41,3
413,9.67,3
414,9.48,3
415,9.88,3
416,9.38,3
417,8.75,3
418,9.55,3
419,9.35,3
420,9.33,3
421,9.75,3
422,9.81,3
423,10.19,3
424,9.89,3
425,9.66,3
426,9.84,3
427,10.09,3
428,10.49,3
429,10.93,3
430,11.16,3
431,11.5,3
432,11.13,3
433,11.33,3
434,11.31,3
435,10.57,3
436,10.92,3
437,11.16,3
438,11.24,3
439,11.37,3
440,10.92,3
441,10.75,3
442,10.0,3
443,10.48,3
444,10.32,3
445,9.85,3
446,9.3,3
447,9.36,3
448,9.17,3
449,9.49,3
450,9.72,3
451,9.57,3
452,9.09,3
453,9.04,3
454,9.71,3
455,9.95,3
456,8.91,3
457,9.01,3
458,8.91,3
459,8.99,3
460,9.21,3
461,8.72,3
462,9.04,3
463,9.64,3
464,9.58,3
465,9.67,3
466,9.51,3
467,9.62,3
468,10.51,3
469,10.6,3
470,9.83,3
471,10.26,3
472,10.23,3
473,10.64,3
474,10.58,3
475,10.7,3
476,10.93,3
477,10.92,3
478,10.95,3
479,10.4,3
480,10.88,3
481,10.1,3
482,9.83,3
483,9.57,3
484,9.45,3
485,9.32,3
486,9.42,3
487,8.32,3
488,8.84,3
489,8.62,3
490,8.81,3
491,8.75,3
492,9.4,3
493,9.89,3
494,9.78,3
495,9.83,3
496,9.75,3
497,9.32,3
498,9.36,3
499,9.15,3
500,8.45,3
501,8.8,3
502,9.53,3
503,9.5,3
504,9.77,3
505,9.5,3
506,9.5,3
507,10.04,3
508,9.17,3
509,9.57,3
510,9.07,3
511,9.54,3
512,8.78,3
513,8.71,3
514,8.87,3
515,9.48,3
516,9.67,3
517,10.14,3
518,10.1,3
519,10.06,3
520,10.33,3
521,10.0,3
522,10.02,3
523,10.38,3
524,10.6,3
525,11.29,3
526,10.72,3
527,10.52,3
528,11.23,3
529,11.79,3
530,11.69,3
531,12.03,3
532,11.76,3
533,11.05,3
534,10.69,3
535,10.48,3
536,10.37,3
537,10.35,3
538,9.95,3
539,9.88,3
540,9.86,3
541,9.84,3
542,10.03,3
543,9.95,3
544,10.9,3
545,11.03,3
546,11.39,3
547,11.01,3
548,10.26,3
549,9.7,3
550,10.31,3
551,10.54,3
552,11.12,3
553,10.78,3
554,10.66,3
555,10.56,3
556,10.5,3
557,10.15,3
558,9.93,3
559,9.74,3
560,9.82,3
561,9.35,3
562,9.37,3
563,10.09,3
564,9.79,3
565,9.92,3
566,9.51,3
567,9.09,3
568,8.66,3
569,8.41,3
570,8.77,3
571,8.16,3
572,8.08,3
573,7.96,3
574,8.33,3
575,7.64,3
576,8.16,3
577,8.35,3
578,8.24,3
579,8.66,3
580,9.4,3
581,9.62,3
582,10.44,3
583,10.59,3
584,10.59,3
585,9.71,3
586,10.11,3
587,9.82,3
588,8.58,3
589,8.37,3
590,7.76,3
591,8.39,3
592,8.65,3
593,8.95,3
594,9.34,3
595,8.31,3
596,8.18,3
597,8.19,3
598,9.1,3
599,9.74,3
600,9.41,3
601,9.69,3
602,8.85,3
603,9.13,3
604,9.56,3
605,9.59,3
606,9.66,3
607,9.86,3
608,9.67,3
609,10.04,3
610,9.94,3
611,10.31,3
612,10.19,3
613,9.71,3
614,9.85,3
615,9.5,3
616,8.7,3
617,8.76,3
618,8.34,3
619,8.5,3
620,8.67,3
621,9.7,3
622,9.86,3
623,9.72,3
624,10.03,3
625,9.75,3
626,8.96,3
627,9.15,3
628,9.93,3
629,9.96,3
630,10.35,3
631,10.85,3
632,11.0,3
633,11.03,3
634,10.56,3
635,10.35,3
636,9.56,2
637,9.84,2
638,9.46,2
639,9.0,2
640,8.95,2
641,8.8,2
642,8.47,2
643,8.65,2
644,7.28,2
645,6.91,2
646,7.07,2
647,7.47,2
648,7.58,2
649,7.54,2
650,7.87,2
651,8.15,2
652,8.22,2
653,9.56,2
654,10.17,2
655,9.68,2
656,9.66,2
657,9.33,2
658,9.27,2
659,9.08,2
660,8.93,2
661,8.76,2
662,8.74,2
663,9.03,2
664,8.83,2
665,8.41,2
666,8.95,2
667,9.05,2
668,8.55,2
669,8.2,2
670,7.97,2
671,7.99,2
672,7.72,2
673,7.8,2
674,7.71,2
675,8.46,2
676,8.67,2
677,8.6,2
678,7.96,2
679,8.08,2
680,8.51,2
681,8.84,2
682,8.79,2
683,8.12,2
684,7.77,2
685,8.12,2
686,8.83,2
687,8.89,2
688,8.37,2
689,8.52,2
690,8.61,2
691,8.41,2
692,8.83,2
693,8.62,2
694,9.3,2
695,8.66,2
696,9.04,2
697,9.02,2
698,9.0,2
699,8.74,2
700,8.04,2
701,8.64,2
702,8.72,2
703,8.38,2
704,9.27,2
705,9.56,2
706,9.6,2
707,9.84,2
708,9.86,2
709,9.79,2
710,9.94,2
711,8.83,2
712,8.53,2
713,8.56,2
714,8.69,2
715,8.42,2
716,8.54,2
717,8.53,2
718,8.62,2
719,8.33,2
720,8.9,2
721,8.96,2
722,8.81,2
723,8.79,2
724,8.52,2
725,8.23,2
726,8.63,2
727,8.36,2
728,8.21,2
729,8.56,2
730,7.87,2
731,7.52,2
732,7.71,2
733,7.38,2
734,7.34,2
735,7.98,2
736,7.89,2
737,8.15,2
738,7.9,2
739,8.2,2
740,7.71,2
741,7.77,2
742,8.2,2
743,8.36,2
744,8.68,2
745,8.75,2
746,8.62,2
747,8.51,2
748,8.99,2
749,9.24,2
750,9.05,2
751,8.86,2
752,8.84,2
753,8.46,2
754,8.88,2
755,8.95,2
756,8.89,2
757,8.83,2
758,8.57,2
759,8.97,2
760,9.44,2
761,9.24,2
762,8.82,2
763,9.11,2
764,8.49,2
765,7.92,2
766,8.25,2
767,8.01,2
768,8.01,2
769,8.27,2
770,8.46,2
771,7.79,2
772,8.5,2
773,8.62,2
774,8.9,2
775,8.56,2
776,9.22,2
777,8.9,2
778,8.7,2
779,8.21,2
780,8.17,2
781,7.95,2
782,7.75,2
783,8.04,2
784,7.68,2
785,7.87,2
786,8.14,2
787,8.15,2
788,8.71,2
789,9.13,2
790,8.84,2
791,9.24,2
792,9.33,2
793,9.21,2
794,9.02,2
795,9.04,2
796,9.31,2
797,8.87,2
798,8.47,2
799,8.17,2
800,8.08,2
801,8.37,2
802,7.88,2
803,8.07,2
804,8.09,2
805,8.21,2
806,8.35,2
807,9.14,2
808,8.92,2
809,8.25,2
810,8.14,2
811,8.35,2
812,9.02,2
813,8.99,2
814,8.83,2
815,8.59,2
816,8.04,2
817,8.46,2
818,8.7,2
819,9.01,2
820,9.72,2
821,9.57,2
822,9.1,2
823,9.6,2
824,9.64,2
825,9.5,2
826,9.21,2
827,9.36,2
828,9.05,2
829,8.61,2
830,7.98,2
831,8.05,2
832,8.81,2
833,8.85,2
834,8.54,2
835,8.4,2
836,8.58,2
837,9.29,2
838,8.47,2
839,9.49,2
840,8.69,2
841,8.55,2
842,8.37,2
843,8.77,2
844,8.62,2
845,7.55,2
846,8.04,2
847,7.94,2
848,7.59,2
849,7.52,2
850,7.67,2
851,7.55,2
852,8.32,2
853,8.32,2
854,8.46,2
855,8.36,2
856,8.06,2
857,8.68,2
858,8.45,2
859,8.71,2
860,8.4,2
861,8.52,2
862,8.6,2
863,8.05,2
864,8.34,2
865,8.14,2
866,8.31,2
867,8.15,2
868,7.74,2
869,7.57,2
870,7.26,2
871,7.28,2
872,7.92,2
873,8.0,2
874,7.95,2
875,8.11,2
876,7.76,2
877,8.37,2
878,7.98,2
879,9.01,2
880,9.14,2
881,9.04,2
882,9.0,2
883,9.58,2
884,9.38,2
885,9.0,2
886,8.71,2
887,8.93,2
888,8.44,2
889,7.78,2
890,7.68,2
891,8.29,2
892,8.44,2
893,8.75,2
894,8.45,2
895,8.51,2
896,8.14,2
897,8.62,2
898,9.23,2
899,9.27,2
900,9.58,2
901,9.73,2
902,9.25,2
903,9.38,2
904,8.92,2
905,9.24,2
906,9.54,2
907,9.63,2
908,10.06,2
909,10.08,2
910,10.13,2
911,9.89,2
912,9.66,2
913,9.9,2
914,9.93,2
915,9.51,2
916,8.97,2
917,8.08,2
918,7.49,2
919,7.6,2
920,7.81,2
921,7.58,2
922,7.6,2
923,7.53,2
924,7.48,2
925,8.06,2
926,7.83,2
927,7.47,2
928,7.66,2
929,7.96,2
930,7.66,2
931,8.26,2
932,8.26,2
933,7.95,2
934,8.57,2
935,8.53,2
936,9.08,2
937,8.37,2
938,8.48,2
939,8.63,2
940,8.42,2
941,8.0,2
942,8.04,2
943,7.74,2
944,8.11,2
945,7.89,2
946,7.19,2
947,7.61,2
948,7.81,2
949,8.37,2
950,7.2,2
951,8.03,2
952,7.85,2
953,8.26,2
954,7.88,2
955,8.26,2
956,8.84,2
957,8.7,2
958,8.81,2
959,8.47,2
960,8.5,2
961,8.4,2
962,8.03,2
963,8.31,2
964,8.58,2
965,8.69,2
966,8.57,2
967,8.13,2
968,8.16,2
969,8.12,2
970,8.26,2
971,8.48,2
972,8.57,2
973,8.35,2
974,8.03,2
975,8.42,2
976,8.93,2
977,8.67,2
978,9.25,2
979,9.13,2
980,8.72,2
981,8.09,2
982,8.5,2
983,7.83,2
984,8.05,2
985,8.18,2
986,8.73,2
987,9.13,2
988,8.97,2
989,9.58,2
990,9.1,2
991,8.87,2
992,8.66,2
993,8.96,2
994,9.33,2
995,9.28,2
996,9.43,2
997,8.73,2
998,9.32,2
999,9.17,2
