Figure: medium_1
File Number: 5
Nodes: 100
Edges: 2506
Max Generations: 2000
Population Size: 150
Mutation Rate: 0.01
Colors Used: 21
Runtime: 100.46

Generation,Average Fitness,Best Fitness
0,240.96,192
1,231.05333333333334,176
2,225.64,176
3,221.46666666666667,176
4,220.49333333333334,172
5,218.56,172
6,217.13333333333333,172
7,214.09333333333333,172
8,214.01333333333332,172
9,210.96,160
10,206.74666666666667,160
11,203.62666666666667,156
12,200.33333333333334,156
13,196.14666666666668,156
14,195.13333333333333,150
15,194.21333333333334,150
16,189.96,150
17,186.36,142
18,182.4,142
19,177.22666666666666,142
20,176.97333333333333,142
21,173.62666666666667,142
22,171.58666666666667,142
23,169.92,134
24,167.85333333333332,134
25,165.62666666666667,134
26,163.54666666666665,134
27,160.06666666666666,134
28,159.73333333333332,130
29,159.70666666666668,130
30,157.76,130
31,155.74666666666667,130
32,152.98666666666668,130
33,151.24,128
34,148.92,124
35,146.94666666666666,120
36,144.73333333333332,114
37,143.09333333333333,114
38,139.89333333333335,110
39,138.88,110
40,135.46666666666667,110
41,130.86666666666667,110
42,128.66666666666666,104
43,127.26666666666667,104
44,125.29333333333334,104
45,122.90666666666667,100
46,121.52,100
47,120.6,100
48,118.12,98
49,116.98666666666666,98
50,114.50666666666666,96
51,111.54666666666667,90
52,109.06666666666666,86
53,107.46666666666667,86
54,107.13333333333334,86
55,105.2,84
56,102.44,84
57,101.8,84
58,100.82666666666667,82
59,98.30666666666667,80
60,97.32,80
61,97.36,80
62,96.68,80
63,96.06666666666666,80
64,95.29333333333334,80
65,94.06666666666666,74
66,92.24,74
67,92.46666666666667,74
68,91.82666666666667,74
69,91.34666666666666,72
70,89.93333333333334,70
71,89.14666666666666,70
72,87.08,68
73,86.89333333333333,68
74,85.28,68
75,84.66666666666667,66
76,84.41333333333333,66
77,82.30666666666667,64
78,82.18666666666667,64
79,81.33333333333333,64
80,80.4,62
81,79.14666666666666,62
82,77.66666666666667,62
83,76.53333333333333,60
84,75.4,58
85,74.66666666666667,58
86,73.72,58
87,72.56,58
88,71.2,58
89,71.30666666666667,56
90,70.86666666666666,54
91,70.10666666666667,52
92,68.68,52
93,68.61333333333333,50
94,68.09333333333333,50
95,67.73333333333333,50
96,68.57333333333334,50
97,66.69333333333333,50
98,65.05333333333333,50
99,64.81333333333333,50
100,63.89333333333333,48
101,64.18666666666667,48
102,64.14666666666666,48
103,63.36,46
104,62.36,46
105,62.86666666666667,46
106,62.946666666666665,46
107,62.22666666666667,46
108,61.68,46
109,62.266666666666666,46
110,61.373333333333335,42
111,60.72,42
112,60.10666666666667,42
113,60.81333333333333,42
114,60.68,42
115,59.053333333333335,42
116,58.06666666666667,42
117,56.56,42
118,57.693333333333335,42
119,58.24,42
120,58.053333333333335,42
121,57.0,40
122,55.77333333333333,40
123,55.013333333333335,38
124,54.74666666666667,38
125,54.48,38
126,52.77333333333333,38
127,53.32,38
128,52.92,38
129,52.64,38
130,51.86666666666667,38
131,50.52,36
132,49.92,36
133,50.46666666666667,36
134,51.026666666666664,36
135,51.013333333333335,34
136,50.25333333333333,34
137,49.2,34
138,48.946666666666665,32
139,48.586666666666666,32
140,48.306666666666665,32
141,47.4,32
142,47.4,32
143,48.49333333333333,32
144,48.666666666666664,32
145,48.306666666666665,32
146,47.45333333333333,32
147,46.45333333333333,32
148,46.13333333333333,32
149,46.14666666666667,32
150,46.586666666666666,32
151,46.693333333333335,32
152,46.08,32
153,46.45333333333333,32
154,46.36,32
155,46.24,32
156,46.84,32
157,45.86666666666667,32
158,46.42666666666667,30
159,45.85333333333333,30
160,45.54666666666667,30
161,44.49333333333333,30
162,45.44,30
163,45.42666666666667,28
164,45.68,28
165,46.413333333333334,28
166,47.36,28
167,46.346666666666664,28
168,46.6,28
169,46.12,28
170,46.08,28
171,45.61333333333334,28
172,45.0,28
173,44.986666666666665,28
174,44.46666666666667,28
175,43.586666666666666,28
176,41.92,26
177,40.13333333333333,26
178,40.653333333333336,26
179,41.72,26
180,42.81333333333333,26
181,42.77333333333333,26
182,42.586666666666666,26
183,41.57333333333333,26
184,42.16,26
185,41.68,26
186,41.28,24
187,40.693333333333335,24
188,39.586666666666666,24
189,39.973333333333336,22
190,39.22666666666667,22
191,38.733333333333334,22
192,38.82666666666667,22
193,38.17333333333333,22
194,36.013333333333335,22
195,35.6,22
196,35.70666666666666,22
197,34.44,22
198,33.72,22
199,32.16,20
200,33.44,20
201,34.49333333333333,20
202,34.06666666666667,20
203,33.48,18
204,32.78666666666667,18
205,33.013333333333335,18
206,32.693333333333335,18
207,33.86666666666667,18
208,33.92,18
209,32.82666666666667,18
210,32.44,18
211,31.626666666666665,18
212,31.333333333333332,18
213,31.906666666666666,16
214,33.346666666666664,16
215,33.49333333333333,16
216,33.44,16
217,33.053333333333335,16
218,32.25333333333333,16
219,30.8,16
220,31.253333333333334,16
221,31.333333333333332,16
222,31.08,16
223,30.533333333333335,16
224,30.36,16
225,30.933333333333334,16
226,31.226666666666667,16
227,30.72,16
228,30.68,16
229,30.266666666666666,16
230,28.4,16
231,28.933333333333334,16
232,29.213333333333335,16
233,30.186666666666667,16
234,29.8,16
235,30.573333333333334,16
236,30.053333333333335,16
237,30.14666666666667,16
238,28.84,16
239,29.506666666666668,16
240,28.786666666666665,16
241,28.96,16
242,29.12,16
243,28.32,16
244,28.52,16
245,28.72,16
246,30.013333333333332,16
247,29.666666666666668,16
248,30.213333333333335,16
249,29.413333333333334,16
250,28.906666666666666,12
251,28.066666666666666,12
252,28.613333333333333,12
253,28.92,12
254,29.293333333333333,12
255,28.773333333333333,12
256,28.253333333333334,12
257,28.346666666666668,12
258,28.706666666666667,12
259,28.48,12
260,27.493333333333332,12
261,26.48,12
262,25.546666666666667,10
263,25.28,10
264,24.733333333333334,10
265,24.72,10
266,24.213333333333335,10
267,24.973333333333333,10
268,25.346666666666668,10
269,25.866666666666667,10
270,25.293333333333333,10
271,24.786666666666665,10
272,24.453333333333333,10
273,24.173333333333332,10
274,24.293333333333333,10
275,24.813333333333333,10
276,24.68,10
277,24.386666666666667,10
278,24.6,10
279,23.733333333333334,10
280,23.893333333333334,10
281,24.2,10
282,24.653333333333332,10
283,24.56,10
284,23.026666666666667,10
285,23.333333333333332,10
286,22.013333333333332,10
287,22.773333333333333,10
288,21.986666666666668,10
289,21.586666666666666,10
290,20.92,10
291,21.586666666666666,10
292,22.96,10
293,22.453333333333333,10
294,23.626666666666665,10
295,24.213333333333335,10
296,24.026666666666667,10
297,23.653333333333332,10
298,22.6,10
299,22.866666666666667,10
300,22.453333333333333,10
301,22.4,10
302,23.186666666666667,10
303,24.08,10
304,24.213333333333335,10
305,24.253333333333334,10
306,24.093333333333334,10
307,23.413333333333334,10
308,22.986666666666668,10
309,22.786666666666665,10
310,22.85333333333333,10
311,23.466666666666665,10
312,24.613333333333333,10
313,25.253333333333334,10
314,25.533333333333335,10
315,25.093333333333334,10
316,23.986666666666668,10
317,24.0,10
318,24.4,10
319,24.626666666666665,10
320,25.28,10
321,24.72,10
322,24.906666666666666,10
323,24.106666666666666,10
324,24.213333333333335,10
325,24.226666666666667,10
326,23.573333333333334,10
327,23.30666666666667,10
328,23.48,10
329,24.186666666666667,10
330,25.2,10
331,24.213333333333335,10
332,24.68,10
333,25.813333333333333,10
334,25.706666666666667,10
335,25.426666666666666,10
336,25.653333333333332,10
337,25.64,10
338,26.133333333333333,10
339,25.986666666666668,10
340,26.72,10
341,27.32,10
342,28.053333333333335,10
343,27.64,10
344,26.69333333333333,10
345,26.4,10
346,26.426666666666666,10
347,26.426666666666666,10
348,25.933333333333334,10
349,26.56,10
350,26.12,10
351,26.16,10
352,25.613333333333333,10
353,24.466666666666665,10
354,25.466666666666665,10
355,25.44,10
356,25.226666666666667,8
357,25.213333333333335,8
358,24.133333333333333,8
359,23.386666666666667,8
360,22.426666666666666,8
361,21.893333333333334,8
362,21.68,8
363,21.36,8
364,21.733333333333334,8
365,21.133333333333333,8
366,20.88,8
367,21.88,8
368,21.76,8
369,22.293333333333333,8
370,24.053333333333335,8
371,23.946666666666665,8
372,23.466666666666665,8
373,23.586666666666666,8
374,24.906666666666666,8
375,25.36,8
376,25.44,8
377,25.493333333333332,8
378,25.14666666666667,8
379,24.14666666666667,8
380,23.333333333333332,8
381,23.053333333333335,8
382,22.36,8
383,21.88,8
384,21.44,8
385,20.453333333333333,8
386,21.48,6
387,20.813333333333333,6
388,20.08,6
389,19.746666666666666,6
390,19.826666666666668,6
391,19.906666666666666,6
392,20.226666666666667,6
393,19.2,6
394,20.773333333333333,6
395,22.12,6
396,22.893333333333334,6
397,22.733333333333334,6
398,22.2,6
399,21.826666666666668,6
400,20.746666666666666,6
401,21.133333333333333,6
402,21.093333333333334,6
403,20.69333333333333,6
404,21.253333333333334,6
405,20.84,6
406,21.253333333333334,6
407,21.266666666666666,6
408,21.493333333333332,6
409,20.333333333333332,6
410,20.28,6
411,20.186666666666667,6
412,17.92,6
413,19.133333333333333,6
414,18.906666666666666,6
415,19.133333333333333,6
416,20.226666666666667,6
417,19.546666666666667,6
418,20.16,6
419,19.72,6
420,19.093333333333334,6
421,18.133333333333333,6
422,17.2,6
423,17.44,6
424,17.786666666666665,6
425,18.30666666666667,6
426,18.546666666666667,6
427,19.173333333333332,6
428,19.56,6
429,18.613333333333333,6
430,18.506666666666668,6
431,17.706666666666667,6
432,18.106666666666666,6
433,18.4,6
434,18.64,6
435,18.013333333333332,6
436,17.44,6
437,18.56,6
438,18.626666666666665,6
439,19.92,6
440,19.773333333333333,6
441,19.373333333333335,6
442,20.253333333333334,6
443,20.12,6
444,19.12,6
445,20.093333333333334,6
446,19.293333333333333,6
447,19.84,6
448,19.69333333333333,6
449,20.16,6
450,20.453333333333333,6
451,19.586666666666666,6
452,18.64,6
453,17.733333333333334,6
454,17.0,6
455,17.213333333333335,6
456,16.706666666666667,6
457,17.506666666666668,6
458,18.2,6
459,18.48,6
460,18.56,6
461,19.506666666666668,6
462,19.506666666666668,6
463,19.293333333333333,6
464,20.226666666666667,6
465,19.933333333333334,6
466,18.546666666666667,6
467,17.733333333333334,6
468,17.92,6
469,17.773333333333333,6
470,18.08,6
471,19.6,6
472,19.533333333333335,6
473,18.69333333333333,6
474,19.213333333333335,6
475,19.266666666666666,6
476,19.69333333333333,6
477,20.413333333333334,6
478,19.88,6
479,19.84,6
480,19.32,6
481,20.493333333333332,6
482,19.653333333333332,6
483,20.16,6
484,19.466666666666665,6
485,19.706666666666667,6
486,20.213333333333335,6
487,20.346666666666668,6
488,21.373333333333335,6
489,21.68,6
490,21.533333333333335,6
491,22.28,6
492,21.92,6
493,22.973333333333333,6
494,22.346666666666668,6
495,23.546666666666667,6
496,23.026666666666667,6
497,23.333333333333332,6
498,20.186666666666667,6
499,21.253333333333334,6
500,21.253333333333334,6
501,20.64,6
502,20.666666666666668,6
503,20.226666666666667,6
504,18.8,6
505,18.92,6
506,18.64,6
507,18.08,6
508,19.946666666666665,6
509,19.30666666666667,6
510,18.88,6
511,18.013333333333332,6
512,17.666666666666668,6
513,18.586666666666666,6
514,19.6,6
515,19.293333333333333,6
516,20.053333333333335,6
517,20.413333333333334,6
518,20.586666666666666,6
519,19.826666666666668,6
520,19.68,6
521,19.826666666666668,6
522,19.346666666666668,6
523,19.28,6
524,19.08,6
525,19.466666666666665,6
526,20.026666666666667,6
527,21.786666666666665,6
528,20.68,6
529,20.453333333333333,6
530,20.293333333333333,6
531,19.826666666666668,6
532,20.666666666666668,6
533,20.773333333333333,6
534,20.04,6
535,18.986666666666668,6
536,19.813333333333333,6
537,19.92,6
538,19.813333333333333,6
539,19.706666666666667,6
540,19.826666666666668,6
541,19.706666666666667,6
542,19.226666666666667,6
543,19.92,6
544,21.133333333333333,6
545,20.253333333333334,6
546,20.733333333333334,6
547,21.253333333333334,6
548,20.84,6
549,20.2,6
550,20.333333333333332,6
551,20.106666666666666,6
552,19.986666666666668,6
553,18.986666666666668,6
554,19.946666666666665,6
555,20.933333333333334,6
556,20.986666666666668,6
557,21.36,6
558,20.85333333333333,6
559,19.773333333333333,6
560,19.653333333333332,6
561,18.813333333333333,6
562,18.813333333333333,6
563,18.613333333333333,6
564,19.506666666666668,6
565,20.666666666666668,6
566,21.14666666666667,6
567,21.186666666666667,6
568,22.013333333333332,6
569,21.12,6
570,20.84,6
571,20.96,6
572,21.08,6
573,20.653333333333332,6
574,20.973333333333333,6
575,21.093333333333334,6
576,21.253333333333334,6
577,21.04,6
578,21.213333333333335,6
579,21.64,6
580,21.0,6
581,20.093333333333334,6
582,19.773333333333333,6
583,20.92,6
584,20.226666666666667,6
585,19.973333333333333,6
586,20.653333333333332,6
587,20.986666666666668,6
588,21.373333333333335,6
589,21.28,6
590,20.946666666666665,6
591,21.16,6
592,20.933333333333334,6
593,20.64,6
594,20.466666666666665,6
595,21.466666666666665,6
596,21.586666666666666,6
597,22.186666666666667,6
598,23.346666666666668,6
599,23.64,6
600,24.413333333333334,6
601,24.733333333333334,6
602,24.16,6
603,23.573333333333334,6
604,23.4,6
605,23.466666666666665,6
606,23.30666666666667,6
607,23.96,6
608,23.52,6
609,21.573333333333334,6
610,21.386666666666667,6
611,21.64,6
612,21.533333333333335,6
613,22.413333333333334,6
614,21.56,6
615,21.36,6
616,21.48,6
617,22.413333333333334,6
618,22.28,6
619,21.866666666666667,6
620,21.786666666666665,6
621,22.773333333333333,6
622,23.69333333333333,6
623,23.48,6
624,22.626666666666665,6
625,22.48,6
626,21.64,6
627,21.653333333333332,6
628,20.84,6
629,19.64,6
630,18.32,6
631,18.653333333333332,6
632,19.186666666666667,6
633,19.426666666666666,6
634,19.96,6
635,19.6,6
636,18.626666666666665,6
637,18.013333333333332,6
638,17.906666666666666,6
639,18.64,6
640,18.346666666666668,6
641,17.96,6
642,19.626666666666665,6
643,19.493333333333332,6
644,20.333333333333332,6
645,19.85333333333333,6
646,20.2,6
647,19.68,6
648,20.293333333333333,6
649,20.013333333333332,6
650,20.133333333333333,6
651,19.32,6
652,19.266666666666666,6
653,18.746666666666666,6
654,19.0,6
655,21.013333333333332,6
656,20.08,6
657,20.906666666666666,6
658,20.946666666666665,6
659,20.013333333333332,6
660,18.973333333333333,6
661,18.773333333333333,6
662,19.906666666666666,6
663,19.36,6
664,19.52,6
665,19.933333333333334,6
666,20.253333333333334,6
667,19.84,6
668,19.68,6
669,19.986666666666668,6
670,20.106666666666666,6
671,19.973333333333333,6
672,19.226666666666667,6
673,20.946666666666665,6
674,20.986666666666668,6
675,21.253333333333334,6
676,21.453333333333333,6
677,21.293333333333333,6
678,21.506666666666668,6
679,21.36,6
680,20.586666666666666,6
681,19.92,6
682,20.68,6
683,20.68,6
684,20.093333333333334,6
685,20.44,6
686,22.026666666666667,6
687,23.2,6
688,24.013333333333332,6
689,22.613333333333333,6
690,21.906666666666666,6
691,22.56,6
692,21.413333333333334,6
693,20.85333333333333,6
694,20.906666666666666,6
695,20.84,6
696,21.0,6
697,20.733333333333334,6
698,20.44,6
699,21.173333333333332,6
700,21.266666666666666,6
701,22.52,6
702,22.626666666666665,6
703,22.266666666666666,6
704,22.826666666666668,6
705,23.453333333333333,6
706,21.653333333333332,6
707,21.906666666666666,6
708,21.48,6
709,21.026666666666667,6
710,21.8,6
711,21.106666666666666,6
712,21.106666666666666,6
713,20.186666666666667,6
714,21.613333333333333,6
715,21.373333333333335,6
716,21.626666666666665,6
717,22.333333333333332,6
718,21.933333333333334,6
719,21.84,6
720,21.386666666666667,6
721,21.946666666666665,6
722,21.84,6
723,21.066666666666666,6
724,19.826666666666668,6
725,19.16,6
726,20.826666666666668,6
727,20.72,6
728,19.746666666666666,6
729,19.32,6
730,19.12,6
731,18.546666666666667,6
732,18.653333333333332,6
733,19.826666666666668,6
734,20.266666666666666,6
735,20.8,6
736,21.506666666666668,6
737,21.746666666666666,6
738,21.426666666666666,6
739,21.14666666666667,6
740,20.0,6
741,20.0,6
742,20.2,6
743,19.14666666666667,6
744,18.6,6
745,19.266666666666666,6
746,19.426666666666666,6
747,19.28,6
748,19.266666666666666,6
749,20.84,6
750,20.773333333333333,6
751,20.84,6
752,19.52,6
753,19.14666666666667,6
754,19.293333333333333,6
755,19.333333333333332,6
756,19.85333333333333,6
757,19.613333333333333,6
758,19.426666666666666,6
759,18.813333333333333,6
760,19.88,6
761,20.56,6
762,21.253333333333334,6
763,20.266666666666666,6
764,21.213333333333335,6
765,21.293333333333333,6
766,20.69333333333333,6
767,20.14666666666667,6
768,21.093333333333334,6
769,21.546666666666667,6
770,22.093333333333334,6
771,22.066666666666666,6
772,21.16,6
773,20.546666666666667,6
774,20.213333333333335,6
775,19.466666666666665,6
776,20.573333333333334,6
777,20.266666666666666,6
778,20.533333333333335,6
779,19.373333333333335,6
780,19.906666666666666,6
781,20.133333333333333,6
782,20.786666666666665,6
783,20.4,6
784,18.173333333333332,6
785,17.85333333333333,6
786,18.706666666666667,6
787,20.133333333333333,6
788,19.413333333333334,6
789,19.4,6
790,19.733333333333334,6
791,19.213333333333335,6
792,19.08,6
793,18.08,6
794,18.2,6
795,18.333333333333332,6
796,19.186666666666667,6
797,19.76,6
798,18.893333333333334,6
799,18.493333333333332,6
800,18.36,6
801,18.893333333333334,6
802,16.8,6
803,17.32,6
804,17.28,6
805,18.346666666666668,6
806,17.746666666666666,6
807,18.413333333333334,6
808,19.6,6
809,19.2,6
810,21.0,6
811,20.653333333333332,6
812,19.64,6
813,19.893333333333334,6
814,20.04,6
815,19.186666666666667,6
816,20.573333333333334,6
817,22.026666666666667,6
818,21.8,6
819,20.76,6
820,20.373333333333335,6
821,19.866666666666667,6
822,20.333333333333332,6
823,20.533333333333335,6
824,20.453333333333333,6
825,20.906666666666666,6
826,20.04,6
827,20.08,6
828,19.586666666666666,6
829,19.04,6
830,20.226666666666667,6
831,20.093333333333334,6
832,20.066666666666666,6
833,21.013333333333332,6
834,20.32,6
835,20.653333333333332,6
836,22.12,6
837,21.613333333333333,6
838,21.44,6
839,21.96,6
840,21.986666666666668,6
841,22.333333333333332,6
842,21.92,6
843,21.733333333333334,6
844,21.266666666666666,6
845,21.173333333333332,6
846,20.56,6
847,20.266666666666666,6
848,21.186666666666667,6
849,20.333333333333332,6
850,20.066666666666666,6
851,20.12,6
852,18.92,6
853,19.906666666666666,6
854,20.586666666666666,6
855,20.786666666666665,6
856,21.506666666666668,6
857,21.546666666666667,6
858,21.173333333333332,6
859,21.066666666666666,6
860,21.186666666666667,6
861,20.386666666666667,6
862,20.746666666666666,6
863,20.173333333333332,6
864,21.12,6
865,19.84,6
866,20.36,6
867,21.453333333333333,6
868,20.56,6
869,20.946666666666665,6
870,20.106666666666666,6
871,20.626666666666665,6
872,21.08,6
873,21.386666666666667,6
874,19.92,6
875,21.413333333333334,6
876,21.506666666666668,6
877,21.6,6
878,21.013333333333332,6
879,20.6,6
880,19.36,6
881,19.48,6
882,19.213333333333335,6
883,18.653333333333332,6
884,18.786666666666665,6
885,18.826666666666668,6
886,18.133333333333333,6
887,18.093333333333334,6
888,19.413333333333334,6
889,19.053333333333335,6
890,19.16,6
891,20.613333333333333,6
892,20.52,6
893,19.76,6
894,20.653333333333332,6
895,19.066666666666666,6
896,19.48,6
897,20.52,6
898,19.04,6
899,19.733333333333334,6
900,20.56,6
901,20.586666666666666,6
902,21.506666666666668,6
903,22.706666666666667,6
904,22.4,6
905,21.24,6
906,22.213333333333335,6
907,21.32,6
908,21.226666666666667,6
909,22.346666666666668,6
910,21.946666666666665,6
911,22.786666666666665,6
912,21.653333333333332,6
913,20.8,6
914,20.133333333333333,6
915,18.613333333333333,6
916,18.746666666666666,6
917,20.626666666666665,6
918,20.733333333333334,6
919,20.826666666666668,6
920,21.493333333333332,6
921,20.946666666666665,6
922,22.413333333333334,6
923,21.773333333333333,6
924,22.933333333333334,6
925,22.933333333333334,6
926,23.266666666666666,6
927,23.493333333333332,6
928,22.173333333333332,6
929,22.12,6
930,21.786666666666665,6
931,20.346666666666668,6
932,20.04,6
933,19.906666666666666,6
934,20.533333333333335,6
935,20.76,6
936,21.96,6
937,22.053333333333335,6
938,22.64,6
939,22.36,6
940,23.106666666666666,6
941,21.36,6
942,21.813333333333333,6
943,21.24,6
944,21.066666666666666,6
945,22.16,6
946,21.6,6
947,21.573333333333334,6
948,21.733333333333334,6
949,21.426666666666666,6
950,21.04,6
951,20.28,6
952,20.546666666666667,6
953,20.85333333333333,6
954,20.813333333333333,6
955,20.08,6
956,20.493333333333332,6
957,21.64,6
958,21.08,6
959,21.08,6
960,21.253333333333334,6
961,21.76,6
962,21.466666666666665,6
963,21.546666666666667,6
964,23.28,6
965,22.84,6
966,22.773333333333333,6
967,23.253333333333334,6
968,22.12,6
969,21.68,6
970,19.32,6
971,19.56,6
972,19.64,6
973,19.14666666666667,6
974,18.52,6
975,19.64,6
976,19.16,6
977,18.666666666666668,6
978,19.706666666666667,6
979,19.253333333333334,6
980,19.68,6
981,20.14666666666667,6
982,19.56,6
983,18.6,6
984,19.92,6
985,20.48,6
986,20.76,6
987,20.066666666666666,6
988,19.76,6
989,18.213333333333335,6
990,20.266666666666666,6
991,20.253333333333334,6
992,19.813333333333333,6
993,19.933333333333334,6
994,20.293333333333333,6
995,19.426666666666666,6
996,19.2,6
997,20.28,6
998,19.8,6
999,19.72,6
1000,19.506666666666668,6
1001,19.946666666666665,6
1002,19.866666666666667,6
1003,19.6,6
1004,19.373333333333335,6
1005,19.626666666666665,6
1006,19.88,6
1007,19.773333333333333,6
1008,20.44,6
1009,22.066666666666666,6
1010,21.226666666666667,6
1011,21.413333333333334,6
1012,20.493333333333332,6
1013,20.04,6
1014,19.24,6
1015,19.586666666666666,6
1016,19.52,6
1017,18.773333333333333,6
1018,18.453333333333333,6
1019,17.6,6
1020,17.586666666666666,6
1021,18.30666666666667,6
1022,18.613333333333333,6
1023,18.52,6
1024,17.96,6
1025,17.946666666666665,6
1026,17.32,6
1027,17.413333333333334,6
1028,17.56,6
1029,17.48,6
1030,17.133333333333333,6
1031,16.986666666666668,6
1032,17.92,6
1033,18.373333333333335,4
1034,17.813333333333333,4
1035,16.986666666666668,4
1036,18.32,4
1037,18.093333333333334,4
1038,18.213333333333335,4
1039,17.786666666666665,4
1040,18.493333333333332,4
1041,19.4,4
1042,18.893333333333334,4
1043,19.28,4
1044,19.0,4
1045,18.56,4
1046,19.133333333333333,4
1047,18.573333333333334,4
1048,18.8,4
1049,18.653333333333332,4
1050,18.373333333333335,4
1051,18.053333333333335,4
1052,18.106666666666666,4
1053,17.666666666666668,4
1054,18.813333333333333,4
1055,19.066666666666666,4
1056,18.813333333333333,4
1057,19.24,4
1058,17.426666666666666,4
1059,18.16,4
1060,19.826666666666668,4
1061,19.466666666666665,4
1062,19.573333333333334,4
1063,19.92,4
1064,20.30666666666667,4
1065,20.133333333333333,4
1066,20.933333333333334,4
1067,20.76,4
1068,19.48,4
1069,19.106666666666666,4
1070,18.533333333333335,4
1071,18.013333333333332,4
1072,17.933333333333334,4
1073,18.0,4
1074,18.16,4
1075,17.733333333333334,4
1076,18.293333333333333,4
1077,19.56,4
1078,19.48,4
1079,19.773333333333333,4
1080,19.653333333333332,4
1081,19.506666666666668,4
1082,20.293333333333333,4
1083,19.28,4
1084,18.426666666666666,4
1085,18.6,4
1086,18.946666666666665,4
1087,19.64,4
1088,19.293333333333333,4
1089,19.653333333333332,4
1090,19.08,4
1091,17.653333333333332,4
1092,16.893333333333334,4
1093,17.586666666666666,4
1094,17.253333333333334,4
1095,16.666666666666668,4
1096,15.386666666666667,4
1097,14.866666666666667,4
1098,16.026666666666667,4
1099,16.826666666666668,4
1100,17.30666666666667,4
1101,17.093333333333334,4
1102,17.293333333333333,4
1103,16.066666666666666,4
1104,17.04,4
1105,17.69333333333333,4
1106,16.85333333333333,4
1107,17.30666666666667,4
1108,18.226666666666667,4
1109,18.453333333333333,4
1110,18.52,4
1111,19.12,4
1112,18.613333333333333,4
1113,18.986666666666668,4
1114,19.106666666666666,4
1115,19.36,4
1116,19.08,4
1117,18.8,4
1118,18.08,4
1119,18.64,4
1120,18.946666666666665,4
1121,17.36,4
1122,17.666666666666668,4
1123,18.093333333333334,4
1124,17.506666666666668,4
1125,17.226666666666667,4
1126,17.813333333333333,4
1127,17.106666666666666,4
1128,17.16,4
1129,17.72,4
1130,18.32,4
1131,17.186666666666667,4
1132,16.506666666666668,4
1133,16.506666666666668,4
1134,16.466666666666665,4
1135,15.573333333333334,4
1136,16.186666666666667,4
1137,16.946666666666665,4
1138,17.013333333333332,4
1139,17.933333333333334,4
1140,17.786666666666665,4
1141,18.68,4
1142,18.426666666666666,4
1143,18.426666666666666,4
1144,19.013333333333332,4
1145,19.84,4
1146,19.573333333333334,4
1147,19.946666666666665,4
1148,19.12,4
1149,18.186666666666667,4
1150,19.013333333333332,4
1151,18.613333333333333,4
1152,18.32,4
1153,18.893333333333334,4
1154,18.293333333333333,4
1155,19.093333333333334,4
1156,18.386666666666667,4
1157,18.586666666666666,4
1158,19.36,4
1159,19.64,4
1160,19.32,4
1161,20.133333333333333,4
1162,19.573333333333334,4
1163,19.573333333333334,4
1164,19.52,4
1165,20.746666666666666,4
1166,19.64,4
1167,18.76,4
1168,19.253333333333334,4
1169,19.333333333333332,4
1170,20.16,4
1171,19.746666666666666,4
1172,20.186666666666667,4
1173,19.893333333333334,4
1174,20.0,4
1175,19.453333333333333,4
1176,18.96,4
1177,18.613333333333333,4
1178,19.44,4
1179,20.04,4
1180,18.386666666666667,4
1181,17.6,4
1182,16.533333333333335,4
1183,17.0,4
1184,17.586666666666666,4
1185,17.786666666666665,4
1186,17.866666666666667,4
1187,18.92,4
1188,18.786666666666665,4
1189,19.08,4
1190,17.72,4
1191,18.85333333333333,4
1192,19.053333333333335,4
1193,18.8,4
1194,18.44,4
1195,17.706666666666667,4
1196,17.946666666666665,4
1197,17.466666666666665,4
1198,17.933333333333334,4
1199,17.493333333333332,4
1200,16.173333333333332,4
1201,16.253333333333334,4
1202,16.386666666666667,4
1203,16.973333333333333,4
1204,17.573333333333334,4
1205,18.373333333333335,4
1206,17.986666666666668,4
1207,19.173333333333332,4
1208,18.30666666666667,4
1209,18.16,4
1210,18.48,4
1211,17.413333333333334,4
1212,18.24,4
1213,18.56,4
1214,18.546666666666667,4
1215,19.706666666666667,4
1216,20.066666666666666,4
1217,20.72,4
1218,20.426666666666666,4
1219,19.333333333333332,4
1220,19.533333333333335,4
1221,19.293333333333333,4
1222,18.493333333333332,4
1223,17.0,4
1224,16.333333333333332,4
1225,17.14666666666667,4
1226,17.666666666666668,4
1227,17.733333333333334,4
1228,18.386666666666667,4
1229,17.746666666666666,4
1230,17.506666666666668,4
1231,17.68,4
1232,18.613333333333333,4
1233,18.626666666666665,4
1234,18.69333333333333,4
1235,17.6,4
1236,17.44,4
1237,17.28,4
1238,16.85333333333333,4
1239,17.093333333333334,4
1240,17.0,4
1241,16.906666666666666,4
1242,17.746666666666666,4
1243,18.04,4
1244,17.48,4
1245,16.653333333333332,4
1246,17.266666666666666,4
1247,18.333333333333332,4
1248,18.52,4
1249,19.36,4
1250,18.64,4
1251,19.213333333333335,4
1252,17.293333333333333,4
1253,18.346666666666668,4
1254,16.76,4
1255,17.746666666666666,4
1256,16.653333333333332,4
1257,17.16,4
1258,18.506666666666668,4
1259,17.68,4
1260,17.44,4
1261,17.546666666666667,4
1262,18.16,4
1263,17.866666666666667,4
1264,19.0,4
1265,19.533333333333335,4
1266,19.266666666666666,4
1267,19.906666666666666,4
1268,20.266666666666666,4
1269,18.813333333333333,4
1270,20.0,4
1271,19.373333333333335,4
1272,19.413333333333334,4
1273,19.69333333333333,4
1274,18.093333333333334,4
1275,18.32,4
1276,18.12,4
1277,16.706666666666667,4
1278,17.30666666666667,4
1279,17.466666666666665,4
1280,18.213333333333335,4
1281,18.44,4
1282,19.04,4
1283,18.906666666666666,4
1284,18.013333333333332,4
1285,17.186666666666667,4
1286,18.053333333333335,4
1287,17.666666666666668,4
1288,18.293333333333333,4
1289,18.85333333333333,4
1290,18.346666666666668,4
1291,18.906666666666666,4
1292,18.413333333333334,4
1293,17.946666666666665,4
1294,17.04,4
1295,16.8,4
1296,16.533333333333335,4
1297,16.493333333333332,4
1298,16.546666666666667,4
1299,17.186666666666667,4
1300,16.546666666666667,4
1301,15.173333333333334,4
1302,16.14666666666667,4
1303,16.613333333333333,4
1304,16.093333333333334,4
1305,16.84,4
1306,16.493333333333332,4
1307,17.066666666666666,4
1308,16.866666666666667,4
1309,16.546666666666667,4
1310,16.933333333333334,4
1311,16.76,4
1312,17.48,4
1313,17.906666666666666,4
1314,17.946666666666665,4
1315,18.52,4
1316,17.546666666666667,4
1317,18.386666666666667,4
1318,18.48,4
1319,18.773333333333333,4
1320,19.226666666666667,4
1321,18.96,4
1322,18.813333333333333,4
1323,18.373333333333335,4
1324,17.92,4
1325,17.173333333333332,4
1326,17.666666666666668,4
1327,16.733333333333334,4
1328,17.4,4
1329,16.92,4
1330,18.813333333333333,4
1331,18.72,4
1332,19.30666666666667,4
1333,18.56,4
1334,19.08,4
1335,20.213333333333335,4
1336,20.6,4
1337,19.44,4
1338,20.52,4
1339,20.85333333333333,4
1340,20.613333333333333,4
1341,21.8,4
1342,21.413333333333334,4
1343,20.4,4
1344,20.48,4
1345,20.893333333333334,4
1346,19.28,4
1347,18.466666666666665,4
1348,17.613333333333333,4
1349,18.946666666666665,4
1350,17.613333333333333,4
1351,16.826666666666668,4
1352,16.32,4
1353,17.2,4
1354,17.88,4
1355,17.36,4
1356,17.4,4
1357,18.16,4
1358,18.14666666666667,4
1359,18.28,4
1360,16.85333333333333,4
1361,16.386666666666667,4
1362,16.14666666666667,4
1363,17.08,4
1364,17.133333333333333,4
1365,18.333333333333332,4
1366,19.013333333333332,4
1367,19.733333333333334,4
1368,20.08,4
1369,19.346666666666668,4
1370,20.466666666666665,4
1371,19.30666666666667,4
1372,19.76,4
1373,19.506666666666668,4
1374,19.72,4
1375,20.213333333333335,4
1376,19.546666666666667,4
1377,18.8,4
1378,18.16,4
1379,18.52,4
1380,18.84,4
1381,19.30666666666667,4
1382,18.026666666666667,4
1383,18.213333333333335,4
1384,18.08,4
1385,17.986666666666668,4
1386,18.066666666666666,4
1387,18.613333333333333,4
1388,18.786666666666665,4
1389,19.08,4
1390,18.56,4
1391,18.226666666666667,4
1392,18.586666666666666,4
1393,17.8,4
1394,16.666666666666668,4
1395,17.08,4
1396,16.813333333333333,4
1397,16.32,4
1398,16.226666666666667,4
1399,16.14666666666667,4
1400,16.453333333333333,4
1401,17.066666666666666,4
1402,18.093333333333334,4
1403,18.08,4
1404,18.946666666666665,4
1405,18.226666666666667,4
1406,17.813333333333333,4
1407,17.133333333333333,4
1408,18.08,4
1409,17.613333333333333,4
1410,17.84,4
1411,18.373333333333335,4
1412,18.546666666666667,4
1413,17.8,4
1414,17.813333333333333,4
1415,17.4,4
1416,18.14666666666667,4
1417,17.493333333333332,4
1418,17.88,4
1419,17.14666666666667,4
1420,16.986666666666668,4
1421,16.653333333333332,4
1422,16.64,4
1423,18.666666666666668,4
1424,18.653333333333332,4
1425,18.466666666666665,4
1426,18.2,4
1427,19.04,4
1428,18.866666666666667,4
1429,18.48,4
1430,18.946666666666665,4
1431,18.30666666666667,4
1432,19.04,4
1433,18.293333333333333,4
1434,18.133333333333333,4
1435,19.2,4
1436,19.013333333333332,4
1437,20.053333333333335,4
1438,18.866666666666667,4
1439,19.653333333333332,4
1440,19.773333333333333,4
1441,19.386666666666667,4
1442,19.493333333333332,4
1443,19.493333333333332,4
1444,20.413333333333334,4
1445,20.466666666666665,4
1446,21.04,4
1447,20.213333333333335,4
1448,19.813333333333333,4
1449,19.893333333333334,4
1450,17.813333333333333,4
1451,18.2,4
1452,18.76,4
1453,19.453333333333333,4
1454,19.426666666666666,4
1455,18.56,4
1456,18.586666666666666,4
1457,18.573333333333334,4
1458,18.666666666666668,4
1459,18.466666666666665,4
1460,18.106666666666666,4
1461,18.36,4
1462,17.96,4
1463,18.226666666666667,4
1464,18.346666666666668,4
1465,18.68,4
1466,18.68,4
1467,18.6,4
1468,18.76,4
1469,18.706666666666667,4
1470,18.56,4
1471,18.813333333333333,4
1472,19.386666666666667,4
1473,20.16,4
1474,19.226666666666667,4
1475,19.786666666666665,4
1476,19.653333333333332,4
1477,19.69333333333333,4
1478,18.773333333333333,4
1479,19.293333333333333,4
1480,18.213333333333335,4
1481,18.226666666666667,4
1482,18.24,4
1483,18.0,4
1484,17.786666666666665,4
1485,18.773333333333333,4
1486,18.826666666666668,4
1487,19.573333333333334,4
1488,18.066666666666666,4
1489,18.36,4
1490,19.013333333333332,4
1491,19.826666666666668,4
1492,20.666666666666668,4
1493,20.093333333333334,4
1494,19.893333333333334,4
1495,19.106666666666666,4
1496,19.933333333333334,4
1497,19.453333333333333,4
1498,19.32,4
1499,19.093333333333334,4
1500,17.76,4
1501,18.266666666666666,4
1502,19.333333333333332,4
1503,20.2,4
1504,19.68,4
1505,18.826666666666668,4
1506,18.56,4
1507,19.026666666666667,4
1508,18.946666666666665,4
1509,19.213333333333335,4
1510,19.093333333333334,4
1511,19.093333333333334,4
1512,19.093333333333334,4
1513,19.14666666666667,4
1514,19.56,4
1515,18.69333333333333,4
1516,18.453333333333333,4
1517,18.64,4
1518,19.333333333333332,4
1519,19.186666666666667,4
1520,19.493333333333332,4
1521,20.76,4
1522,20.826666666666668,4
1523,21.453333333333333,4
1524,20.453333333333333,4
1525,20.426666666666666,4
1526,19.253333333333334,4
1527,17.986666666666668,4
1528,17.08,4
1529,16.32,4
1530,16.14666666666667,4
1531,15.973333333333333,4
1532,15.48,4
1533,15.066666666666666,4
1534,16.133333333333333,4
1535,17.04,4
1536,16.8,4
1537,17.413333333333334,4
1538,17.08,4
1539,17.026666666666667,4
1540,17.506666666666668,4
1541,17.666666666666668,4
1542,17.493333333333332,4
1543,18.253333333333334,4
1544,17.946666666666665,4
1545,19.906666666666666,4
1546,20.653333333333332,4
1547,20.68,4
1548,21.2,4
1549,19.92,4
1550,18.746666666666666,4
1551,18.76,4
1552,18.933333333333334,4
1553,19.626666666666665,4
1554,19.573333333333334,4
1555,18.84,4
1556,16.92,4
1557,18.266666666666666,4
1558,19.293333333333333,4
1559,19.6,4
1560,19.64,4
1561,18.053333333333335,4
1562,17.32,4
1563,18.493333333333332,4
1564,19.52,4
1565,18.186666666666667,4
1566,18.786666666666665,4
1567,17.733333333333334,4
1568,17.426666666666666,4
1569,17.8,4
1570,16.68,4
1571,17.36,4
1572,17.013333333333332,4
1573,17.266666666666666,4
1574,17.346666666666668,4
1575,18.293333333333333,4
1576,17.813333333333333,4
1577,17.8,4
1578,18.24,4
1579,18.493333333333332,4
1580,17.213333333333335,4
1581,18.453333333333333,4
1582,19.013333333333332,4
1583,18.106666666666666,4
1584,17.52,4
1585,17.546666666666667,4
1586,17.893333333333334,4
1587,16.8,4
1588,16.746666666666666,4
1589,15.2,4
1590,17.533333333333335,4
1591,17.493333333333332,4
1592,17.68,4
1593,17.546666666666667,4
1594,17.506666666666668,4
1595,16.826666666666668,4
1596,17.266666666666666,4
1597,17.826666666666668,4
1598,18.466666666666665,4
1599,19.053333333333335,4
1600,19.066666666666666,4
1601,17.69333333333333,4
1602,16.88,4
1603,17.2,4
1604,18.293333333333333,4
1605,18.666666666666668,4
1606,19.6,4
1607,19.413333333333334,4
1608,19.293333333333333,4
1609,19.69333333333333,4
1610,19.52,4
1611,20.626666666666665,4
1612,20.626666666666665,4
1613,19.946666666666665,4
1614,19.48,4
1615,20.026666666666667,4
1616,19.213333333333335,4
1617,19.6,4
1618,19.813333333333333,4
1619,20.386666666666667,4
1620,20.69333333333333,4
1621,20.213333333333335,4
1622,20.026666666666667,4
1623,20.546666666666667,4
1624,20.64,4
1625,19.986666666666668,4
1626,19.4,4
1627,18.293333333333333,4
1628,17.906666666666666,4
1629,19.12,4
1630,19.373333333333335,4
1631,19.666666666666668,4
1632,19.706666666666667,4
1633,18.85333333333333,4
1634,19.053333333333335,4
1635,19.013333333333332,4
1636,20.4,4
1637,18.373333333333335,4
1638,18.746666666666666,4
1639,17.6,4
1640,17.973333333333333,4
1641,17.946666666666665,4
1642,18.013333333333332,4
1643,17.69333333333333,4
1644,16.746666666666666,4
1645,17.013333333333332,4
1646,17.133333333333333,4
1647,16.653333333333332,4
1648,15.88,4
1649,16.826666666666668,4
1650,16.866666666666667,4
1651,17.12,4
1652,16.76,4
1653,17.533333333333335,4
1654,17.04,4
1655,17.48,4
1656,19.053333333333335,4
1657,19.453333333333333,4
1658,18.586666666666666,4
1659,18.426666666666666,4
1660,18.226666666666667,4
1661,18.56,4
1662,18.813333333333333,4
1663,18.28,4
1664,19.266666666666666,4
1665,19.013333333333332,4
1666,19.24,4
1667,18.44,4
1668,18.733333333333334,4
1669,18.24,4
1670,18.733333333333334,4
1671,19.56,4
1672,18.69333333333333,4
1673,18.893333333333334,4
1674,18.946666666666665,4
1675,19.373333333333335,4
1676,19.12,4
1677,18.813333333333333,4
1678,18.613333333333333,4
1679,18.813333333333333,4
1680,18.426666666666666,4
1681,19.293333333333333,4
1682,19.266666666666666,4
1683,17.28,4
1684,16.586666666666666,4
1685,16.213333333333335,4
1686,16.333333333333332,4
1687,17.026666666666667,4
1688,16.68,4
1689,17.92,4
1690,17.893333333333334,4
1691,18.346666666666668,4
1692,19.4,4
1693,19.293333333333333,4
1694,18.493333333333332,4
1695,19.88,4
1696,19.466666666666665,4
1697,18.013333333333332,4
1698,17.346666666666668,4
1699,18.4,4
1700,17.506666666666668,4
1701,18.08,4
1702,17.253333333333334,4
1703,17.72,4
1704,16.92,4
1705,17.16,4
1706,16.30666666666667,4
1707,16.426666666666666,4
1708,15.413333333333334,4
1709,16.69333333333333,4
1710,16.346666666666668,4
1711,15.84,4
1712,16.733333333333334,4
1713,17.013333333333332,4
1714,16.92,4
1715,16.88,4
1716,16.64,4
1717,16.48,4
1718,16.8,4
1719,16.813333333333333,4
1720,17.14666666666667,4
1721,16.6,4
1722,16.84,4
1723,17.30666666666667,4
1724,17.173333333333332,4
1725,17.133333333333333,4
1726,17.12,4
1727,16.653333333333332,4
1728,17.426666666666666,4
1729,16.32,4
1730,16.266666666666666,4
1731,17.026666666666667,4
1732,18.04,4
1733,18.653333333333332,4
1734,18.506666666666668,4
1735,19.373333333333335,4
1736,18.0,4
1737,19.813333333333333,4
1738,20.4,4
1739,20.48,4
1740,19.573333333333334,4
1741,19.746666666666666,4
1742,19.0,4
1743,19.373333333333335,4
1744,19.24,4
1745,19.906666666666666,4
1746,18.573333333333334,4
1747,19.0,4
1748,18.72,4
1749,19.053333333333335,4
1750,19.746666666666666,4
1751,18.4,4
1752,19.253333333333334,4
1753,18.813333333333333,4
1754,18.506666666666668,4
1755,17.84,4
1756,18.213333333333335,4
1757,17.56,4
1758,17.68,4
1759,16.533333333333335,4
1760,16.88,4
1761,17.053333333333335,4
1762,17.8,4
1763,17.893333333333334,4
1764,17.426666666666666,4
1765,17.906666666666666,4
1766,18.14666666666667,4
1767,18.026666666666667,4
1768,18.56,4
1769,18.04,4
1770,16.92,4
1771,18.013333333333332,4
1772,17.4,4
1773,17.72,4
1774,18.106666666666666,4
1775,17.626666666666665,4
1776,17.773333333333333,4
1777,16.626666666666665,4
1778,17.2,4
1779,17.013333333333332,4
1780,18.626666666666665,4
1781,19.493333333333332,4
1782,20.866666666666667,4
1783,21.546666666666667,4
1784,20.24,4
1785,21.346666666666668,4
1786,21.546666666666667,4
1787,22.293333333333333,4
1788,22.546666666666667,4
1789,22.546666666666667,4
1790,21.613333333333333,4
1791,21.173333333333332,4
1792,20.16,4
1793,20.88,4
1794,20.626666666666665,4
1795,19.986666666666668,4
1796,19.933333333333334,4
1797,19.866666666666667,4
1798,19.52,4
1799,19.12,4
1800,20.346666666666668,4
1801,20.066666666666666,4
1802,21.14666666666667,4
1803,20.24,4
1804,21.16,4
1805,20.493333333333332,4
1806,20.386666666666667,4
1807,20.48,4
1808,20.973333333333333,4
1809,21.64,4
1810,21.466666666666665,4
1811,20.52,4
1812,19.92,4
1813,19.08,4
1814,19.066666666666666,4
1815,18.85333333333333,4
1816,17.893333333333334,4
1817,17.4,4
1818,16.293333333333333,4
1819,16.093333333333334,4
1820,15.186666666666667,4
1821,15.12,4
1822,16.0,4
1823,17.2,4
1824,16.826666666666668,4
1825,17.68,4
1826,17.546666666666667,4
1827,17.026666666666667,4
1828,17.14666666666667,4
1829,15.706666666666667,4
1830,16.4,4
1831,17.386666666666667,4
1832,16.8,4
1833,18.173333333333332,4
1834,18.76,4
1835,18.466666666666665,4
1836,19.186666666666667,4
1837,19.12,4
1838,19.506666666666668,4
1839,20.186666666666667,4
1840,20.906666666666666,4
1841,19.48,4
1842,19.69333333333333,4
1843,19.28,4
1844,19.84,4
1845,21.76,4
1846,20.613333333333333,4
1847,20.546666666666667,4
1848,21.413333333333334,4
1849,21.333333333333332,4
1850,21.72,4
1851,20.64,4
1852,20.826666666666668,4
1853,20.933333333333334,4
1854,19.36,4
1855,19.026666666666667,4
1856,18.866666666666667,4
1857,19.053333333333335,4
1858,18.96,4
1859,18.186666666666667,4
1860,18.12,4
1861,18.253333333333334,4
1862,18.746666666666666,4
1863,18.373333333333335,4
1864,18.2,4
1865,18.493333333333332,4
1866,18.506666666666668,4
1867,19.133333333333333,4
1868,18.72,4
1869,18.226666666666667,4
1870,18.88,4
1871,17.413333333333334,4
1872,17.30666666666667,4
1873,17.76,4
1874,18.213333333333335,4
1875,18.30666666666667,4
1876,18.69333333333333,4
1877,17.986666666666668,4
1878,18.44,4
1879,18.88,4
1880,19.533333333333335,4
1881,19.053333333333335,4
1882,19.266666666666666,4
1883,18.946666666666665,4
1884,19.4,4
1885,20.44,4
1886,20.173333333333332,4
1887,21.346666666666668,4
1888,21.16,4
1889,20.44,4
1890,20.546666666666667,4
1891,19.253333333333334,4
1892,19.586666666666666,4
1893,19.866666666666667,4
1894,19.333333333333332,4
1895,20.04,4
1896,20.026666666666667,4
1897,19.36,4
1898,18.76,4
1899,18.266666666666666,4
1900,17.56,4
1901,17.44,4
1902,17.106666666666666,4
1903,16.066666666666666,4
1904,16.386666666666667,4
1905,17.093333333333334,4
1906,16.76,4
1907,16.14666666666667,4
1908,16.706666666666667,2
1909,16.36,2
1910,15.08,2
1911,16.08,2
1912,16.213333333333335,2
1913,16.773333333333333,2
1914,17.213333333333335,2
1915,17.253333333333334,2
1916,17.2,2
1917,16.466666666666665,2
1918,15.986666666666666,2
1919,16.8,2
1920,16.746666666666666,2
1921,16.786666666666665,2
1922,16.8,2
1923,17.85333333333333,2
1924,18.573333333333334,2
1925,18.866666666666667,2
1926,19.626666666666665,2
1927,19.013333333333332,2
1928,19.36,2
1929,19.386666666666667,2
1930,18.626666666666665,2
1931,18.733333333333334,2
1932,18.786666666666665,2
1933,18.28,2
1934,18.2,2
1935,18.44,2
1936,18.253333333333334,2
1937,19.16,2
1938,19.453333333333333,2
1939,19.453333333333333,2
1940,19.013333333333332,2
1941,17.573333333333334,2
1942,17.68,2
1943,17.6,2
1944,18.826666666666668,2
1945,17.69333333333333,2
1946,18.066666666666666,2
1947,18.106666666666666,2
1948,18.16,2
1949,18.586666666666666,2
1950,19.613333333333333,2
1951,18.466666666666665,2
1952,18.85333333333333,2
1953,18.546666666666667,2
1954,18.546666666666667,2
1955,19.30666666666667,2
1956,19.92,2
1957,19.733333333333334,2
1958,19.28,2
1959,18.2,2
1960,19.64,2
1961,19.2,2
1962,18.026666666666667,2
1963,17.813333333333333,2
1964,16.653333333333332,2
1965,17.293333333333333,2
1966,16.533333333333335,2
1967,16.466666666666665,2
1968,17.506666666666668,2
1969,17.426666666666666,2
1970,18.426666666666666,2
1971,17.14666666666667,2
1972,16.786666666666665,2
1973,15.786666666666667,2
1974,15.76,2
1975,15.813333333333333,2
1976,16.92,2
1977,16.413333333333334,2
1978,16.813333333333333,2
1979,17.906666666666666,2
1980,17.493333333333332,2
1981,17.573333333333334,2
1982,18.173333333333332,2
1983,16.133333333333333,2
1984,14.893333333333333,2
1985,15.44,2
1986,15.213333333333333,2
1987,16.6,2
1988,16.333333333333332,2
1989,16.56,2
1990,16.866666666666667,2
1991,16.69333333333333,2
1992,16.8,2
1993,16.52,2
1994,16.253333333333334,2
1995,15.933333333333334,2
1996,15.066666666666666,2
1997,15.853333333333333,2
1998,17.48,2
1999,17.36,2
