Figure: large_3
File Number: 13
Nodes: 300
Edges: 22472
Max Generations: 1000
Population Size: 100
Mutation Rate: 0.01
Colors Used: 217
Runtime: 2.01

Generation,Average Fitness,Best Fitness
0,102.0,75
1,99.53,75
2,95.49,75
3,92.51,70
4,90.92,70
5,90.65,70
6,89.33,70
7,89.29,69
8,89.89,69
9,87.72,67
10,86.13,63
11,82.89,62
12,78.49,59
13,74.23,55
14,73.36,55
15,71.01,55
16,68.47,54
17,66.75,54
18,64.85,51
19,61.78,51
20,60.1,47
21,58.5,47
22,57.88,47
23,56.95,47
24,54.83,44
25,53.46,44
26,51.86,42
27,51.2,41
28,50.16,41
29,49.55,41
30,48.6,38
31,47.78,37
32,46.63,37
33,46.25,36
34,45.92,36
35,45.17,36
36,44.45,34
37,42.96,32
38,42.21,31
39,40.76,29
40,39.51,29
41,38.55,29
42,37.85,29
43,37.1,29
44,36.65,29
45,36.18,29
46,35.84,26
47,35.74,26
48,35.36,26
49,34.84,26
50,34.48,26
51,34.09,26
52,33.7,25
53,33.41,22
54,32.96,22
55,32.71,22
56,32.71,22
57,32.17,22
58,32.2,22
59,31.48,22
60,30.94,22
61,30.49,22
62,29.9,21
63,30.25,21
64,29.99,19
65,29.01,19
66,29.19,19
67,28.47,18
68,28.17,18
69,26.76,18
70,25.9,16
71,25.9,16
72,25.63,16
73,25.06,16
74,24.87,16
75,24.14,16
76,24.44,16
77,23.91,16
78,23.31,16
79,23.24,16
80,23.01,15
81,22.77,15
82,22.23,15
83,22.21,15
84,22.27,15
85,22.09,15
86,22.0,15
87,21.56,15
88,22.01,14
89,21.53,14
90,21.39,14
91,20.78,14
92,20.76,14
93,19.83,12
94,19.88,11
95,19.35,11
96,19.55,11
97,19.76,11
98,19.26,11
99,19.01,11
100,18.89,11
101,18.43,11
102,18.76,11
103,18.43,11
104,18.31,11
105,18.51,11
106,18.31,11
107,18.49,11
108,18.45,9
109,18.16,9
110,17.81,9
111,18.12,9
112,18.07,9
113,18.39,9
114,18.08,9
115,18.46,9
116,17.99,9
117,17.37,9
118,16.91,9
119,17.29,9
120,16.29,9
121,16.7,9
122,16.63,9
123,16.21,9
124,16.09,9
125,15.22,9
126,15.33,9
127,14.99,8
128,15.16,8
129,14.56,8
130,14.73,8
131,15.23,8
132,15.51,8
133,15.6,8
134,16.04,8
135,16.73,8
136,16.5,8
137,17.17,8
138,16.88,8
139,17.45,8
140,17.19,8
141,17.2,8
142,17.5,8
143,17.09,8
144,16.98,8
145,16.93,8
146,16.77,8
147,16.98,8
148,16.51,8
149,16.74,8
150,16.4,8
151,16.21,8
152,16.19,8
153,15.96,8
154,15.73,8
155,15.62,8
156,15.69,8
157,16.03,8
158,15.98,8
159,16.43,8
160,15.96,8
161,15.87,8
162,15.85,8
163,16.24,7
164,16.04,7
165,16.35,7
166,16.2,7
167,16.48,7
168,15.8,7
169,16.18,7
170,15.81,7
171,16.1,7
172,16.09,7
173,16.03,7
174,15.51,7
175,16.11,7
176,15.23,7
177,14.94,7
178,15.27,7
179,15.52,7
180,15.38,7
181,15.35,7
182,15.64,7
183,15.48,7
184,15.36,7
185,15.43,7
186,15.58,7
187,14.69,7
188,14.79,7
189,15.09,7
190,15.63,7
191,15.67,7
192,15.61,7
193,15.38,7
194,15.06,7
195,14.73,6
196,14.92,6
197,15.02,6
198,15.29,6
199,15.09,6
200,15.1,6
201,14.66,6
202,14.6,6
203,14.25,6
204,14.44,6
205,14.66,6
206,14.7,6
207,14.92,6
208,14.9,6
209,14.39,5
210,14.24,5
211,14.59,5
212,14.47,5
213,14.25,5
214,14.28,5
215,14.23,4
216,14.19,4
217,14.65,4
218,14.3,4
219,14.13,4
220,13.96,4
221,13.45,4
222,13.14,4
223,13.65,4
224,13.72,4
225,13.66,4
226,13.46,4
227,13.34,4
228,13.73,4
229,13.63,4
230,13.99,4
231,13.34,4
232,13.38,4
233,13.25,4
234,13.43,4
235,14.1,4
236,13.71,4
237,13.43,4
238,13.39,4
239,13.56,4
240,13.57,4
241,13.1,4
242,12.6,4
243,12.02,4
244,11.76,4
245,11.62,4
246,10.77,4
247,10.63,4
248,10.84,4
249,11.14,4
250,11.74,4
251,12.29,4
252,12.08,4
253,11.93,4
254,11.93,4
255,11.36,4
256,11.82,4
257,11.98,4
258,12.03,4
259,12.87,4
260,12.47,4
261,12.93,4
262,13.0,4
263,13.32,4
264,13.51,4
265,13.25,4
266,13.04,4
267,13.13,4
268,12.9,4
269,12.88,4
270,13.01,4
271,13.15,4
272,13.54,4
273,13.54,4
274,13.49,4
275,13.36,4
276,13.39,4
277,12.27,4
278,12.28,4
279,12.54,3
280,12.79,3
281,13.01,3
282,13.0,3
283,13.24,3
284,13.12,3
285,13.21,3
286,13.5,3
287,13.62,3
288,13.09,3
289,13.39,3
290,13.16,3
291,12.81,3
292,12.05,3
293,12.32,3
294,12.87,3
295,11.99,3
296,11.83,3
297,11.5,3
298,11.4,3
299,11.5,3
300,11.38,3
301,11.19,3
302,11.87,3
303,11.67,3
304,12.05,3
305,12.17,3
306,12.07,3
307,12.32,3
308,12.3,3
309,12.91,3
310,12.58,3
311,11.71,3
312,11.03,3
313,11.11,3
314,11.07,3
315,10.76,3
316,10.55,3
317,10.6,3
318,10.4,3
319,10.02,3
320,10.24,3
321,10.59,3
322,10.94,3
323,11.16,3
324,11.37,2
325,11.23,2
326,10.95,2
327,10.62,2
328,10.97,2
329,11.19,2
330,10.5,2
331,10.9,2
332,10.89,2
333,10.88,2
334,10.77,2
335,10.81,2
336,10.58,2
337,10.32,2
338,10.82,2
339,10.96,2
340,10.37,2
341,9.74,2
342,9.78,2
343,9.94,2
344,10.05,2
345,10.21,2
346,10.12,2
347,10.36,2
348,10.07,2
349,9.75,2
350,9.67,2
351,9.1,2
352,9.33,2
353,9.18,2
354,9.87,2
355,10.2,2
356,10.55,2
357,10.9,2
358,10.85,2
359,10.58,2
360,10.6,2
361,10.86,2
362,11.28,2
363,11.88,2
364,12.55,2
365,12.07,2
366,11.93,2
367,11.83,2
368,10.72,2
369,10.82,2
370,10.94,2
371,10.85,2
372,11.02,2
373,10.98,2
374,11.04,2
375,10.86,2
376,10.85,2
377,11.18,2
378,11.31,2
379,10.48,2
380,10.51,2
381,10.22,2
382,9.75,2
383,10.76,2
384,10.82,2
385,11.37,2
386,12.03,2
387,11.52,2
388,11.41,2
389,11.56,2
390,11.32,2
391,10.7,2
392,10.9,2
393,10.91,2
394,11.48,2
395,11.68,2
396,10.65,2
397,11.11,2
398,11.41,2
399,11.63,2
400,11.41,2
401,11.49,2
402,11.21,2
403,11.06,2
404,11.4,2
405,12.08,2
406,11.87,2
407,11.59,2
408,11.58,2
409,11.04,2
410,11.23,2
411,11.34,2
412,10.72,2
413,10.7,2
414,10.64,2
415,10.89,2
416,10.3,2
417,9.61,2
418,9.6,2
419,9.68,2
420,9.71,2
421,10.14,2
422,10.25,2
423,10.87,2
424,11.45,2
425,11.44,2
426,11.53,2
427,11.72,2
428,11.26,2
429,10.79,2
430,10.07,2
431,10.77,2
432,11.09,2
433,11.0,2
434,11.31,2
435,10.97,2
436,10.21,2
437,10.12,2
438,10.26,2
439,10.47,2
440,11.08,2
441,12.45,2
442,12.62,2
443,12.53,2
444,12.48,2
445,11.98,2
446,11.93,2
447,12.06,2
448,11.43,2
449,11.35,2
450,11.19,2
451,11.12,2
452,11.28,2
453,11.11,2
454,11.59,2
455,11.61,2
456,11.11,2
457,10.85,2
458,10.75,2
459,10.58,1
460,10.42,1
461,10.16,1
462,10.09,1
463,10.23,1
464,10.54,1
465,10.6,1
466,10.21,1
467,9.79,1
468,9.74,1
469,9.31,1
470,9.68,1
471,10.63,1
472,10.17,1
473,10.24,1
474,10.91,1
475,11.36,1
476,10.98,1
477,11.32,1
478,11.27,1
479,12.12,1
480,12.28,1
481,11.92,1
482,12.45,1
483,12.67,1
484,12.56,1
485,12.47,1
486,12.63,1
487,13.04,1
488,12.65,1
489,12.23,1
490,12.18,1
491,12.41,1
492,12.0,1
493,12.0,1
494,11.87,1
495,11.78,1
496,12.14,1
497,11.62,1
498,12.23,1
499,12.0,1
500,11.42,1
501,10.65,1
502,10.38,1
503,11.09,1
504,11.7,1
505,11.68,1
506,11.61,1
507,11.32,1
508,11.37,1
509,11.37,1
510,11.66,1
511,11.17,1
512,10.95,1
513,10.94,1
514,10.59,1
515,10.59,1
516,10.83,1
517,10.67,1
518,10.75,1
519,10.5,1
520,10.04,1
521,10.53,1
522,10.22,1
523,10.33,1
524,10.54,1
525,9.93,1
526,9.69,1
527,10.49,1
528,10.57,1
529,10.92,1
530,10.5,1
531,10.26,1
532,10.13,1
533,9.41,1
534,9.28,1
535,9.45,1
536,9.1,1
537,9.34,1
538,9.2,1
539,10.03,1
540,10.05,1
541,10.02,1
542,10.19,1
543,10.45,1
544,10.73,1
545,10.76,1
546,10.35,1
547,10.66,1
548,10.57,1
549,10.58,1
550,10.71,1
551,10.67,1
552,10.63,1
553,10.66,1
554,10.7,1
555,10.43,1
556,10.78,1
557,11.28,1
558,11.4,1
559,11.69,1
560,12.45,1
561,12.31,1
562,12.02,1
563,11.1,1
564,10.8,1
565,10.76,1
566,10.83,1
567,11.04,1
568,10.59,1
569,10.91,1
570,10.72,1
571,9.99,1
572,10.63,1
573,10.94,1
574,11.14,1
575,11.42,1
576,11.17,1
577,12.03,1
578,12.33,1
579,11.69,1
580,11.46,1
581,10.92,1
582,10.72,1
583,11.28,1
584,11.12,1
585,10.81,1
586,11.26,1
587,10.64,1
588,10.69,1
589,11.3,1
590,10.91,1
591,11.01,1
592,10.19,1
593,10.34,1
594,10.3,1
595,10.31,1
596,10.26,1
597,10.51,1
598,11.12,1
599,10.11,1
600,9.58,1
601,9.43,1
602,8.63,1
603,8.48,1
604,8.53,1
605,8.92,1
606,9.8,1
607,9.79,1
608,10.03,1
609,10.3,1
610,9.96,1
611,9.93,1
612,9.72,1
613,9.2,1
614,9.95,1
615,9.78,1
616,9.58,1
617,9.32,1
618,9.67,1
619,10.41,1
620,10.42,1
621,10.12,1
622,10.28,1
623,10.0,1
624,10.75,1
625,10.51,1
626,10.73,1
627,11.4,1
628,11.44,1
629,11.32,1
630,11.17,1
631,10.78,1
632,11.01,1
633,10.93,1
634,10.49,1
635,10.57,1
636,11.11,1
637,10.66,1
638,10.2,1
639,10.63,1
640,10.75,1
641,10.1,1
642,9.44,1
643,9.88,1
644,9.81,1
645,10.36,1
646,10.17,1
647,10.54,1
648,9.88,1
649,10.06,1
650,9.94,1
651,10.6,1
652,11.17,1
653,11.74,1
654,11.34,1
655,10.98,1
656,11.27,1
657,11.33,1
658,11.47,1
659,10.8,1
660,11.18,1
661,10.84,1
662,11.23,1
663,11.16,1
664,10.69,1
665,10.21,1
666,10.51,1
667,10.54,1
668,10.63,1
669,10.81,1
670,11.11,1
671,10.41,1
672,9.99,1
673,10.23,1
674,10.16,1
675,10.36,1
676,10.33,1
677,10.61,1
678,10.79,1
679,10.35,1
680,10.27,1
681,10.2,1
682,10.12,1
683,10.51,1
684,10.9,1
685,10.41,1
686,10.27,1
687,10.36,1
688,10.13,1
689,10.85,1
690,11.26,1
691,11.13,1
692,10.99,1
693,10.56,1
694,9.99,1
695,10.01,1
696,9.86,1
697,10.14,1
698,10.48,1
699,10.33,1
700,10.51,1
701,10.52,1
702,10.28,1
703,10.64,1
704,10.83,1
705,10.96,1
706,11.29,1
707,11.27,1
708,10.89,1
709,11.71,1
710,11.5,1
711,12.09,1
712,12.57,1
713,11.98,1
714,11.8,1
715,11.06,1
716,11.45,1
717,11.35,1
718,11.45,1
719,11.25,1
720,11.08,1
721,11.46,1
722,11.37,1
723,11.26,1
724,11.38,1
725,10.98,1
726,10.9,1
727,10.6,1
728,9.93,1
729,9.62,1
730,9.54,1
731,9.08,1
732,8.93,1
733,9.49,1
734,8.84,1
735,9.29,1
736,9.49,1
737,8.99,1
738,9.33,1
739,9.95,1
740,9.88,1
741,10.29,1
742,10.57,1
743,11.16,1
744,11.11,1
745,11.81,1
746,12.53,1
747,12.45,1
748,12.37,1
749,12.31,1
750,11.96,1
751,11.05,1
752,10.76,1
753,10.52,1
754,10.16,1
755,9.74,1
756,9.49,1
757,9.77,1
758,9.85,1
759,10.15,1
760,9.53,1
761,10.27,1
762,9.88,1
763,10.26,1
764,10.18,1
765,9.85,1
766,9.88,1
767,10.3,1
768,10.02,1
769,9.81,1
770,10.2,1
771,9.8,1
772,9.63,1
773,9.18,1
774,9.15,1
775,8.84,1
776,8.52,1
777,8.9,1
778,9.61,1
779,9.35,1
780,9.47,1
781,9.75,1
782,9.84,1
783,9.66,1
784,9.52,1
785,9.82,1
786,9.66,1
787,9.48,1
788,9.24,1
789,9.22,1
790,9.57,1
791,9.68,1
792,9.51,1
793,9.47,1
794,9.14,1
795,9.66,1
796,9.67,1
797,9.28,1
798,10.08,1
799,10.33,1
800,10.83,1
801,11.18,1
802,11.52,1
803,11.89,1
804,11.73,1
805,11.08,1
806,10.53,1
807,10.63,1
808,10.85,1
809,11.1,1
810,11.03,1
811,11.14,1
812,11.5,1
813,11.78,1
814,11.26,1
815,10.75,1
816,10.6,1
817,10.61,1
818,10.02,1
819,9.95,1
820,10.05,1
821,9.96,1
822,9.67,1
823,9.99,1
824,9.01,1
825,8.83,1
826,9.17,1
827,9.83,1
828,10.24,1
829,10.91,1
830,11.57,1
831,11.85,1
832,11.39,1
833,11.49,1
834,10.8,1
835,11.4,1
836,11.43,1
837,9.87,1
838,9.25,1
839,9.76,1
840,10.07,1
841,10.04,1
842,10.09,1
843,10.26,1
844,10.04,1
845,9.81,1
846,9.88,1
847,9.41,1
848,9.23,1
849,9.63,1
850,10.0,1
851,9.67,1
852,9.65,1
853,9.42,1
854,9.3,1
855,9.51,1
856,9.47,1
857,8.87,1
858,8.94,1
859,8.82,1
860,9.18,1
861,9.36,1
862,9.71,1
863,9.49,1
864,10.08,1
865,10.79,1
866,11.38,1
867,10.89,1
868,10.24,1
869,9.72,1
870,9.7,1
871,9.91,1
872,9.91,1
873,10.2,1
874,10.2,1
875,10.28,1
876,9.86,1
877,10.37,1
878,10.79,1
879,10.37,1
880,9.8,1
881,10.24,1
882,10.59,1
883,10.4,1
884,10.07,1
885,10.38,1
886,10.82,1
887,11.0,1
888,11.32,1
889,10.83,1
890,10.7,1
891,10.89,1
892,10.83,1
893,11.2,1
894,10.76,1
895,10.73,1
896,10.22,1
897,10.12,1
898,10.32,1
899,10.11,1
900,9.51,1
901,9.62,1
902,9.74,1
903,9.2,1
904,9.01,1
905,8.92,1
906,9.44,1
907,9.84,1
908,9.39,1
909,9.08,1
910,9.04,1
911,9.46,1
912,9.41,1
913,9.2,1
914,9.62,1
915,9.13,1
916,9.8,1
917,9.88,1
918,9.86,1
919,8.88,1
920,8.67,1
921,8.91,1
922,8.76,1
923,8.61,1
924,8.51,1
925,8.87,1
926,8.86,1
927,9.08,1
928,9.45,1
929,9.93,1
930,9.59,1
931,9.74,1
932,10.39,1
933,10.27,1
934,10.35,1
935,10.65,1
936,10.98,1
937,10.78,1
938,10.53,1
939,9.96,1
940,9.61,1
941,9.51,1
942,9.19,1
943,9.36,1
944,10.09,1
945,10.64,1
946,11.02,1
947,10.97,1
948,11.2,1
949,11.29,1
950,10.82,1
951,10.53,1
952,10.61,1
953,10.11,1
954,10.0,1
955,9.85,1
956,9.77,1
957,9.79,1
958,10.03,1
959,9.71,1
960,10.4,1
961,9.77,1
962,9.41,1
963,9.37,1
964,9.13,1
965,8.87,1
966,8.76,1
967,9.02,1
968,8.7,1
969,8.45,1
970,9.09,1
971,9.45,1
972,9.72,1
973,9.96,1
974,9.95,1
975,9.97,1
976,10.38,1
977,10.63,1
978,10.32,1
979,11.08,1
980,10.95,1
981,11.03,1
982,10.48,1
983,10.41,1
984,10.37,1
985,10.62,1
986,10.74,1
987,10.2,1
988,10.09,1
989,9.15,1
990,9.2,1
991,9.16,1
992,9.54,1
993,9.73,1
994,10.42,1
995,10.71,1
996,11.12,1
997,11.48,1
998,11.23,1
999,10.54,1
