Figure: large_3
File Number: 3
Nodes: 300
Edges: 22472
Max Generations: 1000
Population Size: 100
Mutation Rate: 0.01
Colors Used: 170
Runtime: 16.82

Generation,Average Fitness,Best Fitness
0,131.28,104
1,126.1,103
2,124.03,103
3,122.54,101
4,122.55,101
5,121.24,95
6,121.53,95
7,118.34,95
8,116.55,94
9,112.67,94
10,112.7,85
11,110.39,85
12,107.8,85
13,107.04,83
14,103.11,83
15,99.61,77
16,96.82,77
17,93.29,77
18,89.97,75
19,87.91,75
20,85.76,73
21,83.54,73
22,81.62,71
23,80.07,69
24,79.98,69
25,77.92,68
26,77.06,65
27,76.08,63
28,74.48,62
29,73.24,62
30,71.98,61
31,70.75,61
32,68.97,58
33,67.73,58
34,67.05,58
35,66.49,56
36,65.27,50
37,65.29,50
38,63.49,49
39,61.71,49
40,61.04,49
41,60.41,49
42,60.4,48
43,59.61,47
44,59.72,47
45,59.53,47
46,58.31,47
47,57.22,43
48,56.3,43
49,55.18,43
50,53.73,43
51,53.16,43
52,51.76,43
53,51.95,43
54,50.75,41
55,50.56,41
56,50.94,41
57,50.53,41
58,50.03,39
59,48.51,37
60,48.08,37
61,47.97,37
62,47.16,37
63,46.7,36
64,46.52,36
65,45.74,36
66,45.33,32
67,45.05,32
68,43.88,32
69,42.99,32
70,43.55,32
71,43.15,32
72,43.07,32
73,42.99,32
74,42.17,32
75,41.38,32
76,40.93,27
77,40.41,27
78,39.63,27
79,38.99,27
80,38.71,27
81,38.46,27
82,38.85,27
83,39.42,27
84,39.15,26
85,39.14,26
86,38.81,26
87,37.93,26
88,38.58,26
89,37.7,26
90,37.21,26
91,36.99,26
92,37.53,26
93,37.03,26
94,37.09,26
95,36.51,26
96,36.33,26
97,35.32,26
98,35.41,24
99,35.87,24
100,35.47,24
101,34.45,22
102,34.19,22
103,33.96,22
104,33.51,22
105,33.4,22
106,32.83,22
107,32.4,22
108,32.1,22
109,31.8,22
110,31.27,22
111,31.33,22
112,31.48,22
113,30.8,20
114,30.87,20
115,31.06,20
116,31.05,20
117,30.84,20
118,30.53,20
119,30.88,19
120,30.96,19
121,30.43,19
122,30.76,19
123,30.54,19
124,30.87,19
125,30.26,19
126,28.64,18
127,28.49,18
128,27.69,18
129,27.51,18
130,27.14,18
131,27.6,18
132,26.58,18
133,27.32,18
134,28.02,18
135,27.83,18
136,27.74,18
137,27.49,18
138,27.74,18
139,27.51,18
140,27.69,18
141,27.39,18
142,27.25,18
143,26.96,18
144,27.64,18
145,28.13,18
146,28.14,17
147,28.0,16
148,28.3,16
149,27.34,16
150,26.86,16
151,26.23,16
152,25.98,16
153,25.69,16
154,25.7,16
155,24.8,16
156,25.61,16
157,25.35,16
158,25.0,15
159,25.61,15
160,24.94,15
161,25.26,15
162,25.05,15
163,24.76,12
164,24.49,12
165,23.71,12
166,23.25,12
167,23.39,12
168,23.62,12
169,23.97,12
170,23.8,12
171,23.47,12
172,23.34,12
173,23.18,12
174,23.52,12
175,23.36,12
176,23.8,12
177,23.39,12
178,23.16,12
179,22.66,12
180,22.63,12
181,22.61,12
182,22.54,12
183,21.78,12
184,22.18,12
185,22.02,12
186,21.75,11
187,21.77,11
188,20.8,11
189,20.64,11
190,20.31,10
191,20.39,10
192,20.86,10
193,20.81,10
194,20.62,10
195,20.96,10
196,20.62,10
197,20.34,10
198,20.42,10
199,19.86,10
200,19.53,10
201,20.03,10
202,20.5,10
203,19.97,10
204,20.47,10
205,20.59,10
206,20.91,10
207,21.0,10
208,20.88,10
209,20.26,10
210,20.61,10
211,20.15,10
212,20.49,10
213,20.34,10
214,19.7,10
215,19.81,10
216,19.15,10
217,19.09,10
218,19.88,10
219,19.77,10
220,19.97,10
221,19.91,10
222,20.46,10
223,20.72,10
224,20.95,10
225,21.01,10
226,21.19,10
227,21.54,10
228,22.03,10
229,21.85,10
230,21.62,10
231,21.56,10
232,21.47,10
233,21.84,10
234,21.65,10
235,21.43,10
236,20.66,10
237,21.64,10
238,22.04,10
239,21.6,10
240,20.84,10
241,20.29,10
242,20.57,10
243,21.51,10
244,21.79,10
245,21.95,10
246,22.92,10
247,23.13,10
248,21.91,10
249,22.02,10
250,21.4,10
251,21.18,10
252,21.14,10
253,21.16,10
254,21.33,10
255,21.87,10
256,22.4,9
257,22.28,9
258,21.9,9
259,21.93,9
260,22.2,9
261,21.64,9
262,22.2,9
263,22.23,9
264,22.32,9
265,21.83,9
266,21.55,9
267,22.36,9
268,22.73,9
269,22.98,9
270,22.61,9
271,22.15,9
272,21.45,9
273,20.51,9
274,19.49,9
275,19.18,9
276,19.39,9
277,19.18,9
278,19.87,9
279,19.79,9
280,18.95,9
281,18.55,9
282,19.14,9
283,18.25,9
284,19.04,9
285,18.97,9
286,19.35,9
287,19.38,9
288,19.28,9
289,19.82,9
290,19.63,9
291,18.62,9
292,18.23,9
293,18.98,9
294,19.5,8
295,19.43,8
296,19.88,8
297,20.28,8
298,20.55,8
299,20.8,8
300,21.35,8
301,20.81,8
302,20.85,8
303,20.16,8
304,19.17,8
305,19.43,8
306,18.42,8
307,18.24,8
308,18.02,8
309,17.25,8
310,17.02,8
311,17.21,8
312,17.18,8
313,17.81,8
314,18.3,8
315,18.61,8
316,18.77,8
317,18.75,8
318,18.01,8
319,18.34,8
320,18.36,8
321,17.96,8
322,17.24,8
323,17.12,6
324,17.17,6
325,16.63,6
326,16.26,6
327,15.97,6
328,15.9,6
329,16.44,6
330,16.7,6
331,17.02,6
332,17.13,6
333,16.77,6
334,16.62,6
335,15.88,6
336,16.31,6
337,16.79,6
338,16.38,6
339,16.43,6
340,16.46,6
341,16.02,6
342,15.57,6
343,15.36,6
344,15.49,6
345,16.14,6
346,15.85,6
347,15.66,6
348,14.29,6
349,14.84,6
350,14.59,6
351,14.59,6
352,14.84,6
353,15.65,5
354,15.88,5
355,15.32,5
356,15.25,5
357,15.62,5
358,15.55,5
359,14.92,5
360,15.51,5
361,15.79,5
362,16.5,5
363,16.48,5
364,16.22,5
365,16.16,5
366,17.34,5
367,17.47,5
368,17.68,5
369,17.0,5
370,17.43,5
371,16.61,5
372,15.93,5
373,15.82,5
374,15.39,5
375,14.52,5
376,15.05,5
377,15.49,5
378,16.4,5
379,16.58,5
380,16.56,5
381,16.19,5
382,16.89,5
383,16.31,5
384,16.07,5
385,15.81,5
386,15.95,5
387,16.24,5
388,16.33,5
389,15.86,5
390,15.88,5
391,15.53,5
392,15.68,5
393,15.54,4
394,15.72,4
395,16.09,4
396,17.41,4
397,17.44,4
398,17.78,4
399,17.46,4
400,16.47,4
401,16.75,4
402,16.84,4
403,16.83,4
404,17.26,4
405,16.21,4
406,15.79,4
407,16.03,4
408,16.08,4
409,15.72,4
410,15.99,4
411,16.12,4
412,16.18,4
413,16.24,4
414,15.78,4
415,16.31,4
416,16.43,4
417,16.23,4
418,16.05,4
419,15.04,4
420,15.82,4
421,16.07,4
422,15.55,4
423,15.51,4
424,15.51,4
425,15.01,4
426,14.51,4
427,14.02,4
428,13.68,4
429,14.28,4
430,14.66,4
431,13.86,4
432,13.69,4
433,13.3,4
434,13.49,4
435,13.76,4
436,13.33,4
437,13.58,4
438,13.62,4
439,13.71,4
440,14.29,4
441,14.32,4
442,14.77,4
443,15.22,4
444,14.42,4
445,14.05,4
446,13.79,4
447,14.35,4
448,14.61,4
449,15.49,4
450,14.99,4
451,14.72,4
452,14.98,4
453,15.79,4
454,16.18,4
455,15.72,4
456,15.77,4
457,14.87,4
458,14.27,4
459,13.54,4
460,13.62,4
461,14.26,4
462,14.15,4
463,14.51,4
464,14.62,4
465,14.12,4
466,14.52,4
467,15.54,4
468,15.69,4
469,16.28,4
470,17.28,4
471,17.62,4
472,16.87,4
473,16.26,4
474,16.32,4
475,16.29,4
476,16.65,4
477,16.63,4
478,16.89,4
479,16.97,4
480,17.36,4
481,17.36,4
482,16.94,4
483,16.95,4
484,16.45,4
485,15.59,4
486,15.25,4
487,15.56,4
488,16.15,4
489,16.34,4
490,16.52,4
491,16.5,3
492,15.64,3
493,14.4,3
494,14.54,3
495,13.87,3
496,13.58,3
497,13.74,3
498,12.94,3
499,13.08,3
500,13.48,3
501,13.17,3
502,13.58,3
503,13.68,3
504,14.38,3
505,14.56,3
506,13.91,3
507,14.11,3
508,14.91,3
509,15.18,3
510,14.86,3
511,13.65,3
512,13.88,3
513,13.09,3
514,14.08,3
515,13.78,3
516,13.36,3
517,13.88,3
518,13.48,3
519,13.33,3
520,12.64,3
521,12.88,3
522,13.09,3
523,12.78,3
524,13.57,3
525,13.08,3
526,13.44,3
527,13.14,3
528,13.23,3
529,13.01,3
530,13.34,3
531,13.28,3
532,13.81,3
533,14.48,3
534,14.79,3
535,14.87,3
536,15.42,3
537,15.04,3
538,15.39,3
539,14.74,3
540,14.55,3
541,15.18,3
542,14.76,3
543,14.74,3
544,13.69,3
545,13.33,3
546,13.32,3
547,13.49,3
548,13.55,3
549,13.59,3
550,13.57,3
551,14.26,3
552,14.42,3
553,14.38,3
554,14.45,3
555,13.94,3
556,14.11,3
557,15.01,3
558,15.88,3
559,16.53,3
560,16.44,3
561,16.92,3
562,16.73,3
563,16.35,3
564,16.38,3
565,16.69,3
566,15.6,3
567,14.97,3
568,14.9,3
569,15.06,3
570,14.88,3
571,15.07,3
572,15.83,3
573,15.55,3
574,15.65,3
575,15.1,3
576,13.66,3
577,13.13,3
578,13.85,3
579,13.73,3
580,14.0,3
581,14.36,3
582,14.82,3
583,15.36,3
584,15.04,3
585,14.48,3
586,14.79,3
587,14.46,3
588,14.97,3
589,15.6,3
590,15.25,3
591,15.42,3
592,15.78,3
593,15.64,3
594,15.81,3
595,15.7,3
596,15.49,3
597,15.34,3
598,14.97,3
599,15.31,3
600,14.65,3
601,14.13,3
602,13.84,3
603,13.6,3
604,14.17,3
605,14.06,3
606,14.28,3
607,14.8,3
608,15.35,3
609,14.48,3
610,15.29,3
611,15.49,3
612,15.78,3
613,15.71,3
614,15.02,3
615,15.23,3
616,15.23,3
617,15.12,3
618,15.14,3
619,15.55,3
620,14.83,3
621,15.55,3
622,16.03,3
623,15.81,3
624,14.92,3
625,14.41,3
626,15.12,3
627,14.53,3
628,14.96,3
629,15.36,3
630,15.52,3
631,15.62,3
632,15.87,3
633,15.43,3
634,14.84,3
635,14.82,3
636,13.62,3
637,13.26,3
638,13.06,3
639,13.97,3
640,13.04,3
641,13.22,3
642,13.34,3
643,14.18,3
644,13.98,3
645,14.79,3
646,14.78,3
647,15.54,3
648,16.0,3
649,15.48,3
650,15.06,3
651,15.64,3
652,15.8,3
653,16.02,3
654,15.69,3
655,14.69,3
656,15.17,3
657,16.25,3
658,16.03,3
659,16.69,3
660,16.5,3
661,16.52,3
662,16.53,3
663,16.45,3
664,15.68,3
665,15.44,3
666,15.28,3
667,15.13,3
668,14.86,3
669,14.97,3
670,14.02,3
671,14.3,3
672,14.75,3
673,14.69,3
674,14.93,3
675,14.67,3
676,15.36,3
677,14.71,3
678,14.8,3
679,14.49,3
680,14.25,3
681,13.47,3
682,14.58,3
683,14.94,3
684,14.97,3
685,14.5,3
686,15.33,3
687,16.92,3
688,16.86,3
689,15.54,3
690,15.55,3
691,15.21,3
692,14.97,3
693,15.1,3
694,14.96,3
695,15.48,3
696,16.11,3
697,15.97,3
698,14.95,3
699,14.95,3
700,14.93,3
701,14.45,3
702,14.79,3
703,14.91,3
704,14.73,3
705,14.73,3
706,14.99,3
707,15.23,3
708,15.37,3
709,14.73,3
710,14.22,3
711,14.02,3
712,13.46,3
713,14.29,3
714,14.6,3
715,14.86,3
716,14.54,3
717,14.15,3
718,14.06,3
719,13.98,3
720,14.0,3
721,13.77,3
722,13.88,3
723,14.27,3
724,14.68,3
725,14.88,3
726,14.69,3
727,15.12,3
728,14.72,3
729,14.96,3
730,14.54,3
731,14.71,3
732,14.6,3
733,14.92,3
734,16.08,3
735,15.54,3
736,15.28,3
737,15.63,3
738,14.99,3
739,16.04,3
740,16.04,3
741,16.06,3
742,16.46,3
743,16.01,3
744,15.28,3
745,15.39,3
746,15.11,3
747,15.29,3
748,16.08,3
749,15.49,3
750,14.84,3
751,15.14,3
752,14.9,3
753,14.52,3
754,14.77,3
755,14.83,3
756,14.99,3
757,13.98,3
758,14.27,3
759,14.23,3
760,14.03,3
761,13.78,3
762,13.86,3
763,13.73,3
764,14.03,3
765,14.51,3
766,14.69,3
767,14.54,3
768,13.9,3
769,13.36,3
770,13.19,3
771,13.42,3
772,13.35,3
773,13.05,2
774,13.21,2
775,12.79,2
776,13.38,2
777,12.99,2
778,12.88,2
779,12.22,2
780,12.47,2
781,12.98,2
782,13.41,2
783,14.03,2
784,14.21,2
785,14.11,2
786,14.64,2
787,14.42,2
788,14.26,2
789,13.81,2
790,14.15,2
791,14.48,2
792,14.27,2
793,14.58,2
794,14.58,2
795,13.96,2
796,13.89,2
797,13.87,2
798,12.79,2
799,13.66,2
800,14.24,2
801,14.17,2
802,14.61,2
803,14.45,2
804,14.65,2
805,14.43,2
806,14.87,2
807,14.0,2
808,15.35,2
809,15.02,2
810,14.07,2
811,14.49,2
812,14.27,2
813,14.06,2
814,13.72,2
815,13.04,2
816,12.8,2
817,12.51,2
818,12.73,2
819,12.98,2
820,13.38,2
821,13.88,2
822,14.14,2
823,14.53,2
824,15.37,2
825,15.39,2
826,15.55,2
827,14.99,2
828,15.23,2
829,14.78,2
830,14.29,2
831,15.02,2
832,15.05,2
833,14.62,2
834,14.56,2
835,15.2,2
836,15.32,2
837,14.53,2
838,14.09,2
839,14.11,2
840,13.86,2
841,13.7,2
842,14.05,2
843,14.26,2
844,14.12,2
845,14.24,2
846,14.45,2
847,14.04,2
848,13.47,2
849,13.71,2
850,14.19,2
851,13.76,2
852,13.76,2
853,13.16,2
854,12.98,2
855,12.8,2
856,13.02,2
857,12.89,2
858,12.45,2
859,13.44,2
860,14.53,2
861,14.94,2
862,14.98,2
863,14.87,2
864,14.71,2
865,14.37,2
866,14.48,2
867,14.62,2
868,14.37,2
869,14.75,2
870,14.46,2
871,14.27,2
872,14.27,2
873,14.19,2
874,14.38,2
875,14.27,2
876,14.85,2
877,15.74,2
878,16.18,2
879,16.2,2
880,16.87,2
881,16.32,2
882,16.3,2
883,16.26,2
884,16.48,2
885,16.48,2
886,16.35,2
887,15.64,2
888,14.88,2
889,13.82,2
890,12.86,2
891,13.1,2
892,13.49,2
893,13.42,2
894,13.13,2
895,13.07,2
896,13.07,2
897,13.13,2
898,14.43,2
899,14.54,2
900,15.3,2
901,15.99,2
902,16.31,2
903,16.57,2
904,16.32,2
905,16.14,2
906,15.9,2
907,14.55,2
908,14.0,2
909,13.71,2
910,13.64,2
911,13.28,2
912,13.12,2
913,13.33,2
914,13.96,2
915,14.02,2
916,13.37,2
917,13.21,2
918,12.46,2
919,12.53,2
920,13.3,2
921,13.59,2
922,12.68,2
923,12.37,2
924,12.47,2
925,11.84,2
926,11.98,2
927,12.8,2
928,13.03,2
929,13.12,2
930,12.77,2
931,12.78,2
932,13.07,2
933,12.91,2
934,13.02,2
935,13.37,2
936,12.66,2
937,13.25,2
938,13.16,2
939,12.06,2
940,11.93,2
941,12.02,2
942,12.08,2
943,12.73,2
944,12.51,2
945,12.11,2
946,11.72,2
947,11.95,2
948,12.47,2
949,12.48,2
950,13.63,2
951,14.5,2
952,14.32,2
953,14.4,2
954,13.92,2
955,13.59,2
956,13.31,2
957,13.71,2
958,13.69,2
959,14.43,2
960,14.0,2
961,14.47,2
962,14.08,2
963,14.39,2
964,13.99,2
965,14.06,2
966,14.49,2
967,14.97,2
968,15.55,2
969,16.38,2
970,15.94,2
971,15.78,2
972,15.18,2
973,14.91,2
974,14.71,2
975,14.86,2
976,14.64,2
977,14.53,2
978,14.25,2
979,13.86,2
980,13.92,2
981,14.11,2
982,13.76,2
983,13.27,2
984,13.31,2
985,13.82,2
986,14.47,2
987,14.98,2
988,14.95,2
989,14.94,2
990,15.62,2
991,15.73,2
992,15.41,2
993,14.9,2
994,14.46,2
995,14.9,2
996,14.16,2
997,14.57,2
998,14.9,2
999,15.03,2
