Figure: small_4
File Number: 13
Nodes: 74
Edges: 602
Max Generations: 1000
Population Size: 100
Mutation Rate: 0.01
Colors Used: 11
Runtime: 0.39

Generation,Average Fitness,Best Fitness
0,59.5,36
1,57.0,36
2,54.64,32
3,52.4,32
4,49.52,30
5,48.12,26
6,48.08,26
7,46.9,26
8,45.56,26
9,43.64,24
10,40.58,20
11,40.08,20
12,39.22,20
13,36.42,20
14,34.28,20
15,32.72,18
16,30.88,18
17,28.52,16
18,26.26,16
19,24.86,16
20,23.2,16
21,22.52,16
22,21.06,14
23,20.52,12
24,18.42,12
25,18.24,12
26,17.92,12
27,17.08,12
28,17.32,12
29,16.72,10
30,15.86,10
31,15.48,8
32,14.32,6
33,14.1,6
34,13.34,6
35,12.7,6
36,11.96,6
37,11.04,6
38,10.58,6
39,9.28,6
40,9.26,6
41,8.64,4
42,8.74,4
43,7.86,4
44,7.34,4
45,6.82,4
46,6.92,4
47,7.04,4
48,6.4,4
49,6.7,4
50,6.32,4
51,5.6,4
52,5.42,4
53,5.76,4
54,5.9,2
55,5.88,2
56,5.34,2
57,5.82,2
58,5.88,2
59,5.54,2
60,5.28,2
61,5.08,2
62,4.88,2
63,4.74,2
64,4.34,2
65,4.04,2
66,4.24,2
67,4.02,2
68,3.98,2
69,4.02,2
70,3.86,2
71,4.32,2
72,3.6,2
73,3.34,2
74,3.2,2
75,3.66,2
76,3.66,2
77,3.88,2
78,3.86,2
79,3.72,2
80,4.0,2
81,4.06,2
82,4.02,2
83,4.16,2
84,3.78,2
85,3.86,2
86,4.22,2
87,3.72,2
88,3.68,2
89,3.5,2
90,3.94,2
91,3.9,2
92,4.24,2
93,3.7,2
94,3.7,2
95,3.6,2
96,3.9,2
97,3.82,2
98,3.54,2
99,3.62,2
100,3.96,2
101,3.88,2
102,4.48,2
103,4.64,2
104,4.72,2
105,4.34,2
106,4.44,2
107,4.08,2
108,3.74,2
109,3.94,2
110,3.72,2
111,3.82,2
112,4.18,2
113,4.2,2
114,4.02,2
115,4.16,2
116,4.18,2
117,4.48,2
118,4.1,2
119,4.62,2
120,4.32,2
121,4.16,2
122,3.8,2
123,4.12,2
124,3.68,2
125,3.78,2
126,4.2,2
127,3.66,2
128,3.98,2
129,3.86,2
130,3.72,2
131,3.82,2
132,3.94,2
133,3.92,2
134,3.62,2
135,4.16,2
136,3.98,2
137,3.82,2
138,3.68,2
139,4.14,2
140,3.84,2
141,3.8,2
142,3.9,2
143,3.76,2
144,3.64,2
145,4.1,2
146,4.1,2
147,3.3,2
148,3.76,2
149,3.7,2
150,4.0,2
151,4.16,2
152,4.0,2
153,3.9,2
154,3.98,2
155,3.68,2
156,4.0,2
157,3.82,2
158,3.66,2
159,3.6,2
160,3.98,2
161,4.06,2
162,3.82,2
163,4.06,2
164,4.28,2
165,4.06,2
166,3.98,2
167,3.8,2
168,4.22,2
169,4.36,2
170,3.76,2
171,3.74,2
172,3.8,2
173,4.18,2
174,4.38,2
175,4.16,2
176,4.12,2
177,3.88,2
178,4.06,2
179,3.82,2
180,3.24,2
181,3.64,2
182,3.52,2
183,3.86,2
184,3.4,2
185,3.4,2
186,3.36,2
187,3.76,2
188,3.78,2
189,3.76,2
190,3.62,2
191,4.1,2
192,4.36,2
193,4.46,2
194,4.3,2
195,4.44,2
196,4.04,2
197,3.7,2
198,3.92,2
199,3.5,2
200,3.58,2
201,3.64,2
202,3.5,2
203,3.82,2
204,3.54,2
205,3.86,2
206,3.32,2
207,3.62,2
208,3.78,2
209,4.12,2
210,3.84,2
211,4.36,2
212,3.92,2
213,3.98,2
214,4.26,2
215,4.36,2
216,4.0,2
217,3.94,2
218,3.66,2
219,3.86,2
220,3.94,2
221,4.12,2
222,3.98,2
223,4.36,2
224,4.68,2
225,4.54,2
226,4.74,2
227,4.76,2
228,4.44,2
229,4.28,2
230,4.22,2
231,4.36,2
232,4.42,2
233,4.14,2
234,4.2,2
235,4.14,2
236,3.8,2
237,4.16,2
238,4.36,2
239,3.82,2
240,3.94,2
241,3.68,2
242,3.84,2
243,3.92,2
244,3.76,2
245,3.84,2
246,3.72,2
247,3.9,2
248,3.7,2
249,3.96,2
250,4.08,2
251,4.04,2
252,4.12,2
253,3.66,2
254,3.84,2
255,4.02,2
256,4.46,2
257,4.0,2
258,4.1,2
259,4.26,2
260,4.44,2
261,4.06,2
262,3.98,2
263,3.64,2
264,3.92,2
265,3.54,2
266,3.58,2
267,3.92,2
268,4.04,2
269,3.74,2
270,3.78,2
271,3.86,2
272,3.96,2
273,3.62,2
274,3.78,2
275,3.8,2
276,3.52,2
277,3.8,2
278,3.82,2
279,3.84,2
280,4.0,2
281,3.72,2
282,4.16,2
283,3.78,2
284,3.98,2
285,3.84,2
286,3.5,2
287,3.42,2
288,3.84,2
289,3.82,2
290,4.22,2
291,4.12,2
292,5.0,2
293,3.92,2
294,4.04,2
295,3.96,2
296,3.86,2
297,3.52,2
298,3.62,2
299,3.52,2
300,3.44,2
301,3.5,2
302,3.5,2
303,3.86,2
304,4.12,2
305,3.82,2
306,3.8,2
307,4.48,2
308,4.22,2
309,4.12,2
310,3.78,2
311,3.88,2
312,4.06,2
313,3.72,2
314,3.96,2
315,4.04,2
316,3.96,2
317,4.48,2
318,4.46,2
319,4.12,2
320,4.06,2
321,4.12,2
322,3.68,2
323,4.38,2
324,4.16,2
325,3.9,2
326,3.56,2
327,3.62,2
328,3.78,2
329,3.66,2
330,4.02,2
331,3.86,2
332,3.94,2
333,3.72,2
334,3.98,2
335,3.54,2
336,3.72,2
337,3.76,2
338,3.98,2
339,3.54,2
340,3.14,2
341,3.28,2
342,3.54,2
343,4.48,2
344,4.04,2
345,4.36,2
346,4.4,2
347,4.08,2
348,4.06,2
349,4.42,2
350,4.06,2
351,3.98,2
352,3.46,2
353,3.34,2
354,3.76,2
355,3.76,2
356,3.76,2
357,4.1,2
358,3.8,2
359,4.08,2
360,3.54,2
361,3.4,2
362,3.96,2
363,3.48,2
364,3.76,2
365,3.92,2
366,3.94,2
367,3.68,2
368,3.56,2
369,4.14,2
370,4.38,2
371,4.62,2
372,4.18,2
373,4.3,2
374,3.9,2
375,3.96,2
376,3.84,2
377,3.92,2
378,3.84,2
379,4.14,2
380,4.08,2
381,3.88,2
382,4.42,2
383,3.9,2
384,3.62,2
385,3.68,2
386,4.42,2
387,3.82,2
388,3.82,2
389,3.68,2
390,4.38,2
391,3.76,2
392,4.0,2
393,3.76,2
394,3.96,2
395,3.64,2
396,3.64,2
397,3.78,2
398,3.98,2
399,4.02,2
400,3.98,2
401,3.7,2
402,3.76,2
403,3.72,2
404,3.54,2
405,3.46,2
406,3.62,2
407,4.08,2
408,3.82,2
409,4.18,2
410,4.02,2
411,4.04,2
412,4.02,2
413,3.84,2
414,3.56,2
415,3.82,2
416,3.76,2
417,3.94,2
418,3.86,2
419,3.44,2
420,4.04,2
421,4.04,2
422,3.76,2
423,3.84,2
424,4.0,2
425,3.96,2
426,4.62,2
427,4.2,2
428,4.32,2
429,4.04,2
430,3.8,2
431,3.94,2
432,4.12,2
433,4.06,2
434,3.5,2
435,3.68,2
436,4.12,2
437,4.3,2
438,4.82,2
439,4.52,2
440,4.88,2
441,4.4,2
442,4.64,2
443,4.58,2
444,4.02,2
445,4.1,2
446,4.1,2
447,4.0,2
448,4.12,2
449,3.6,2
450,3.78,2
451,4.08,2
452,4.16,2
453,3.94,2
454,3.46,2
455,3.46,2
456,3.84,2
457,3.88,2
458,4.1,2
459,3.78,2
460,3.6,2
461,3.56,2
462,3.38,2
463,3.6,2
464,3.52,2
465,3.32,2
466,3.64,2
467,4.12,2
468,4.38,2
469,4.22,2
470,4.5,2
471,4.72,2
472,4.76,2
473,4.64,2
474,3.98,2
475,4.08,2
476,4.26,2
477,4.2,2
478,4.04,2
479,4.36,2
480,4.14,2
481,4.12,2
482,4.26,2
483,4.08,2
484,4.8,2
485,4.76,2
486,4.04,2
487,4.06,2
488,4.2,2
489,3.58,2
490,3.88,2
491,3.4,2
492,3.5,2
493,3.9,2
494,3.58,2
495,3.62,2
496,3.66,2
497,3.68,2
498,3.78,2
499,3.56,2
500,3.66,2
501,4.0,2
502,4.28,2
503,3.98,2
504,3.82,2
505,3.8,2
506,3.64,2
507,3.8,2
508,3.66,2
509,3.66,2
510,3.94,2
511,4.48,2
512,3.98,2
513,3.88,2
514,3.4,2
515,3.56,2
516,3.72,2
517,3.8,2
518,3.98,2
519,3.98,2
520,3.76,2
521,4.54,2
522,4.46,2
523,4.02,2
524,3.82,2
525,3.76,2
526,4.24,2
527,3.98,2
528,3.76,2
529,3.72,2
530,4.2,2
531,3.64,2
532,3.54,2
533,3.6,2
534,3.82,2
535,3.98,2
536,3.5,2
537,3.38,2
538,3.82,2
539,4.3,2
540,4.34,2
541,4.14,2
542,4.74,2
543,4.52,2
544,4.22,2
545,4.22,2
546,4.18,2
547,3.9,2
548,3.82,2
549,3.8,2
550,4.06,2
551,4.2,2
552,4.32,2
553,4.14,2
554,4.44,2
555,4.68,2
556,4.38,2
557,4.7,2
558,4.9,2
559,4.52,2
560,4.88,2
561,3.9,2
562,3.94,2
563,4.14,2
564,4.28,2
565,4.42,2
566,4.96,2
567,4.12,2
568,3.98,2
569,4.2,2
570,3.84,2
571,3.98,2
572,3.96,2
573,3.52,2
574,3.94,2
575,3.48,2
576,3.5,2
577,3.34,2
578,4.38,2
579,4.06,2
580,3.96,2
581,4.2,2
582,4.4,2
583,4.04,2
584,4.0,2
585,3.5,2
586,3.48,2
587,3.78,2
588,4.18,2
589,3.46,2
590,3.68,2
591,3.62,2
592,3.56,2
593,3.54,2
594,3.78,2
595,3.98,2
596,3.76,2
597,3.9,2
598,3.5,2
599,3.72,2
600,4.0,2
601,3.7,2
602,3.9,2
603,3.58,2
604,3.24,2
605,3.44,2
606,3.96,2
607,3.92,2
608,3.9,2
609,4.4,2
610,4.44,2
611,4.42,2
612,4.34,2
613,3.92,2
614,3.48,2
615,3.46,2
616,3.98,2
617,4.26,2
618,3.5,2
619,3.66,2
620,4.34,2
621,3.92,2
622,3.88,2
623,3.66,2
624,3.78,2
625,3.5,2
626,3.78,2
627,3.72,2
628,4.12,2
629,3.78,2
630,3.9,2
631,4.16,2
632,3.86,2
633,3.98,2
634,3.9,2
635,3.9,2
636,4.24,2
637,4.1,2
638,3.84,2
639,4.2,2
640,4.3,2
641,4.24,2
642,4.8,2
643,4.36,2
644,3.96,2
645,4.36,2
646,3.78,2
647,3.82,2
648,3.74,2
649,3.42,2
650,3.74,2
651,3.88,2
652,4.18,2
653,3.94,2
654,3.94,2
655,3.54,2
656,3.6,2
657,3.62,2
658,3.72,2
659,3.36,2
660,3.62,2
661,3.58,2
662,3.6,2
663,3.58,2
664,3.54,2
665,3.68,2
666,3.94,2
667,4.1,2
668,4.74,2
669,5.08,2
670,4.78,2
671,4.62,2
672,4.42,2
673,4.74,2
674,4.36,2
675,4.08,2
676,4.12,2
677,4.16,2
678,3.94,2
679,4.04,2
680,3.88,2
681,4.06,2
682,3.98,2
683,4.0,2
684,3.58,2
685,3.64,2
686,3.82,2
687,4.06,2
688,4.38,2
689,4.28,2
690,4.64,2
691,4.6,2
692,4.22,2
693,4.18,2
694,3.9,2
695,4.26,2
696,4.14,2
697,3.66,2
698,3.72,2
699,3.76,2
700,3.56,2
701,3.84,2
702,3.74,2
703,4.16,2
704,4.06,2
705,4.1,2
706,3.9,2
707,4.58,2
708,3.7,2
709,3.8,2
710,3.98,2
711,3.9,2
712,3.82,2
713,4.02,2
714,3.98,2
715,3.48,2
716,3.8,2
717,4.22,2
718,4.06,2
719,3.8,2
720,3.8,2
721,4.1,2
722,3.68,2
723,3.68,2
724,3.9,2
725,3.92,2
726,3.58,2
727,3.72,2
728,4.04,2
729,3.8,2
730,3.42,2
731,3.72,2
732,4.06,2
733,4.22,2
734,4.14,2
735,3.64,2
736,3.46,2
737,3.88,2
738,3.58,2
739,3.56,2
740,3.6,2
741,3.62,2
742,4.02,2
743,3.66,2
744,3.48,2
745,3.98,2
746,3.46,2
747,3.56,2
748,3.58,2
749,4.06,2
750,4.38,2
751,4.26,2
752,4.34,2
753,4.08,2
754,4.08,2
755,3.98,2
756,3.82,2
757,4.1,2
758,3.5,2
759,3.66,2
760,3.9,2
761,4.28,2
762,4.04,2
763,4.06,2
764,4.34,2
765,4.12,2
766,3.8,2
767,3.98,2
768,3.9,2
769,3.72,2
770,3.98,2
771,3.94,2
772,4.06,2
773,3.86,2
774,3.9,2
775,3.64,2
776,3.64,2
777,3.84,2
778,4.0,2
779,4.18,2
780,4.0,2
781,3.9,2
782,3.88,2
783,3.68,2
784,3.7,2
785,4.12,2
786,4.18,2
787,4.32,2
788,3.74,2
789,3.8,2
790,3.74,2
791,3.3,2
792,3.82,2
793,3.4,2
794,3.98,2
795,3.84,2
796,3.76,2
797,3.78,2
798,4.02,2
799,3.92,2
800,4.1,2
801,4.1,2
802,3.98,2
803,4.14,2
804,4.06,2
805,3.88,2
806,4.14,2
807,3.88,2
808,4.02,2
809,4.42,2
810,4.36,2
811,4.38,2
812,4.92,2
813,4.7,2
814,4.12,2
815,4.24,2
816,4.26,2
817,4.3,2
818,3.56,2
819,3.54,2
820,3.62,2
821,3.92,2
822,3.82,2
823,3.96,2
824,4.36,2
825,4.6,2
826,4.42,2
827,3.86,2
828,3.86,2
829,3.9,2
830,4.0,2
831,4.02,2
832,4.0,2
833,3.5,2
834,3.88,2
835,4.38,2
836,3.94,2
837,3.78,2
838,3.98,2
839,4.08,2
840,4.04,2
841,3.96,2
842,3.82,2
843,4.2,2
844,3.96,2
845,3.5,2
846,3.88,2
847,3.46,2
848,3.42,2
849,3.82,2
850,4.54,2
851,3.88,2
852,4.12,2
853,3.62,2
854,3.84,2
855,3.88,2
856,3.76,2
857,3.98,2
858,4.18,2
859,3.86,2
860,3.98,2
861,4.12,2
862,3.84,2
863,4.42,2
864,3.62,2
865,3.64,2
866,3.5,2
867,3.86,2
868,4.48,2
869,4.06,2
870,3.94,2
871,4.2,2
872,4.36,2
873,4.24,2
874,4.4,2
875,4.56,2
876,4.36,2
877,4.02,2
878,4.32,2
879,4.16,2
880,4.7,2
881,4.34,2
882,4.04,2
883,3.46,2
884,4.06,2
885,4.34,2
886,4.28,2
887,4.02,2
888,4.54,2
889,4.3,2
890,4.44,2
891,4.62,2
892,4.36,2
893,4.76,2
894,4.56,2
895,4.0,2
896,3.6,2
897,3.82,2
898,3.86,2
899,3.94,2
900,4.02,2
901,4.2,2
902,4.3,2
903,4.54,2
904,4.54,2
905,4.0,2
906,4.0,2
907,3.6,2
908,3.94,2
909,4.0,2
910,4.04,2
911,3.9,2
912,4.12,2
913,3.3,2
914,3.76,2
915,4.3,2
916,3.66,2
917,3.7,2
918,4.44,2
919,4.36,2
920,4.2,2
921,3.94,2
922,4.44,2
923,3.74,2
924,3.44,2
925,3.72,2
926,3.6,2
927,3.8,2
928,3.8,2
929,3.54,2
930,3.58,2
931,3.84,2
932,3.78,2
933,3.52,2
934,4.16,2
935,3.92,2
936,3.72,2
937,3.88,2
938,3.82,2
939,3.62,2
940,3.48,2
941,3.56,2
942,3.58,2
943,3.72,2
944,4.04,2
945,4.18,2
946,4.1,2
947,3.5,2
948,3.86,2
949,3.54,2
950,3.76,2
951,3.84,2
952,4.14,2
953,4.26,2
954,4.28,2
955,3.84,2
956,3.18,2
957,3.56,2
958,3.34,2
959,3.52,2
960,3.66,2
961,3.82,2
962,4.06,2
963,3.36,2
964,3.96,2
965,4.04,2
966,4.04,2
967,3.98,2
968,3.54,2
969,3.68,2
970,3.56,2
971,3.62,2
972,3.82,2
973,3.62,2
974,3.96,2
975,3.68,2
976,3.86,2
977,4.18,2
978,4.02,2
979,3.48,2
980,3.72,2
981,4.08,2
982,3.6,2
983,3.64,2
984,3.72,2
985,4.02,2
986,4.3,2
987,4.0,2
988,3.7,2
989,4.02,2
990,4.04,2
991,4.58,2
992,4.06,2
993,3.56,2
994,3.86,2
995,4.02,2
996,3.62,2
997,3.84,2
998,3.76,2
999,3.56,2
