Figure: large_4
File Number: 16
Nodes: 300
Edges: 22520
Max Generations: 1000
Population Size: 100
Mutation Rate: 0.01
Colors Used: 184
Runtime: 8.07

Generation,Average Fitness,Best Fitness
0,124.54,94
1,119.22,94
2,116.6,91
3,114.97,91
4,110.44,91
5,109.98,86
6,107.51,86
7,106.33,82
8,103.14,82
9,99.76,82
10,98.06,81
11,97.94,81
12,95.38,81
13,94.66,78
14,94.38,78
15,93.3,76
16,92.15,75
17,88.96,73
18,87.9,73
19,86.05,73
20,85.73,71
21,84.11,70
22,82.79,69
23,82.92,69
24,80.87,68
25,79.34,65
26,78.25,64
27,76.9,64
28,76.32,61
29,74.71,61
30,73.96,60
31,73.11,60
32,71.55,58
33,70.78,58
34,70.33,58
35,68.7,57
36,68.32,56
37,67.41,56
38,67.74,54
39,67.27,54
40,67.58,54
41,66.64,51
42,65.57,51
43,64.27,51
44,63.07,51
45,63.35,51
46,61.5,51
47,60.66,51
48,59.73,50
49,60.72,50
50,59.47,47
51,60.18,47
52,59.19,47
53,59.79,47
54,59.75,47
55,58.9,47
56,57.48,44
57,55.82,44
58,53.4,43
59,53.32,43
60,52.94,43
61,51.55,42
62,51.29,40
63,51.15,40
64,50.83,40
65,50.76,40
66,49.33,36
67,48.49,36
68,48.26,32
69,47.14,32
70,46.73,32
71,46.64,32
72,46.09,32
73,45.12,32
74,44.46,32
75,43.15,32
76,42.61,32
77,41.95,32
78,41.42,32
79,41.26,32
80,40.93,32
81,41.22,32
82,40.28,32
83,39.33,32
84,38.64,30
85,38.43,30
86,37.84,30
87,37.62,30
88,37.19,29
89,37.15,28
90,36.37,28
91,36.36,28
92,36.03,28
93,36.59,28
94,36.35,28
95,35.95,26
96,35.77,26
97,35.39,23
98,34.15,23
99,33.72,23
100,33.23,23
101,33.12,23
102,32.56,23
103,33.01,23
104,32.31,23
105,31.51,23
106,31.49,23
107,30.77,22
108,30.25,22
109,30.25,20
110,30.2,18
111,30.03,18
112,30.22,18
113,29.93,18
114,29.57,18
115,30.49,18
116,30.13,18
117,29.21,18
118,28.52,18
119,26.99,18
120,27.06,18
121,25.99,17
122,26.1,17
123,25.38,17
124,25.55,17
125,25.45,17
126,25.47,17
127,25.47,17
128,25.51,17
129,24.91,15
130,24.68,15
131,25.06,15
132,24.37,15
133,23.44,14
134,23.46,14
135,23.3,14
136,23.48,14
137,23.51,14
138,23.1,12
139,24.12,12
140,24.24,12
141,24.39,12
142,24.44,12
143,23.77,12
144,23.17,12
145,22.5,12
146,21.41,12
147,21.82,12
148,21.69,12
149,21.45,12
150,21.1,11
151,20.83,11
152,20.47,11
153,20.94,11
154,21.49,11
155,20.86,11
156,20.66,11
157,20.35,11
158,19.76,11
159,19.56,11
160,19.92,11
161,20.42,11
162,20.46,11
163,20.06,11
164,20.52,11
165,20.42,11
166,20.13,11
167,20.34,11
168,20.01,11
169,19.95,11
170,20.2,11
171,20.22,11
172,20.62,11
173,20.74,11
174,20.78,11
175,21.21,11
176,21.65,11
177,22.15,11
178,21.4,11
179,21.86,11
180,22.01,11
181,22.64,11
182,22.16,11
183,21.56,11
184,22.45,11
185,22.23,11
186,21.97,11
187,21.33,10
188,20.9,10
189,20.01,10
190,20.73,10
191,21.16,10
192,21.67,10
193,22.1,10
194,22.5,10
195,22.24,10
196,21.98,10
197,21.41,10
198,21.27,10
199,20.86,10
200,20.81,10
201,21.22,10
202,21.09,10
203,21.02,10
204,21.37,10
205,21.06,10
206,21.21,10
207,20.89,10
208,20.44,10
209,20.56,10
210,21.04,10
211,21.25,10
212,21.63,10
213,20.8,10
214,20.07,10
215,19.24,10
216,19.12,10
217,19.15,10
218,19.15,10
219,18.85,10
220,19.05,10
221,19.18,10
222,19.32,10
223,19.58,10
224,19.69,10
225,19.93,10
226,19.58,10
227,19.22,10
228,18.83,10
229,18.46,10
230,19.1,10
231,18.99,10
232,19.39,10
233,19.31,10
234,20.01,10
235,19.9,10
236,21.25,10
237,21.13,10
238,20.36,10
239,19.86,10
240,19.78,10
241,19.92,10
242,18.57,10
243,17.79,10
244,17.9,10
245,17.31,10
246,16.98,10
247,16.84,10
248,16.98,10
249,17.95,10
250,18.03,10
251,18.49,10
252,18.98,10
253,18.79,9
254,18.67,9
255,18.53,9
256,19.13,9
257,19.13,9
258,18.64,9
259,18.51,9
260,18.65,9
261,18.55,9
262,19.03,9
263,19.41,9
264,19.63,9
265,19.39,9
266,18.93,9
267,18.56,9
268,18.29,9
269,17.95,9
270,17.52,9
271,18.33,9
272,18.67,9
273,18.48,9
274,18.59,9
275,19.17,9
276,19.17,9
277,19.32,9
278,19.32,9
279,19.41,9
280,18.99,9
281,18.85,9
282,18.9,9
283,19.07,9
284,19.19,9
285,20.17,9
286,20.7,9
287,21.25,9
288,21.69,9
289,20.57,9
290,20.54,9
291,20.46,9
292,19.73,9
293,19.92,9
294,20.48,9
295,20.26,9
296,19.65,9
297,19.54,9
298,19.56,9
299,19.75,9
300,19.2,9
301,18.53,9
302,18.83,9
303,19.12,9
304,18.96,9
305,18.94,9
306,18.41,9
307,18.03,9
308,18.05,9
309,18.12,9
310,17.84,9
311,17.95,9
312,18.91,9
313,18.42,9
314,18.57,9
315,18.47,9
316,18.81,9
317,19.08,9
318,19.69,9
319,20.19,9
320,20.47,9
321,20.21,9
322,20.45,9
323,20.39,9
324,20.13,9
325,20.1,9
326,20.42,9
327,20.99,9
328,21.26,9
329,20.59,9
330,19.95,9
331,19.49,9
332,18.78,9
333,18.97,9
334,18.23,9
335,18.13,9
336,17.89,9
337,16.88,9
338,16.66,9
339,16.69,9
340,16.55,9
341,16.39,9
342,16.28,9
343,16.52,9
344,17.0,9
345,17.77,9
346,18.7,9
347,19.0,8
348,19.14,8
349,18.81,8
350,18.73,8
351,18.99,8
352,18.71,8
353,18.86,8
354,18.54,8
355,18.85,8
356,18.68,8
357,18.83,8
358,18.96,8
359,18.93,8
360,18.76,8
361,18.67,8
362,18.74,8
363,18.45,8
364,18.86,8
365,18.79,8
366,18.09,8
367,18.23,8
368,18.22,8
369,18.42,8
370,18.49,8
371,18.7,8
372,18.97,8
373,19.34,8
374,19.33,8
375,18.86,8
376,19.12,8
377,19.2,8
378,19.22,8
379,19.58,8
380,18.61,8
381,18.43,8
382,18.31,8
383,19.11,8
384,19.43,8
385,19.55,8
386,18.83,8
387,19.03,8
388,19.22,8
389,18.84,8
390,18.87,8
391,19.35,8
392,19.6,8
393,19.66,8
394,19.68,8
395,19.17,8
396,19.07,8
397,18.96,8
398,19.19,8
399,18.94,8
400,18.95,8
401,18.52,8
402,19.01,8
403,18.86,8
404,18.73,8
405,18.56,8
406,19.09,8
407,18.89,8
408,18.68,8
409,18.73,8
410,18.49,8
411,17.87,8
412,17.8,8
413,17.61,8
414,17.82,8
415,18.12,8
416,17.93,8
417,18.06,8
418,18.36,8
419,18.36,8
420,18.87,8
421,18.76,8
422,18.62,7
423,18.86,7
424,18.61,7
425,17.7,7
426,17.46,7
427,18.13,7
428,18.48,7
429,19.03,7
430,19.88,7
431,19.5,7
432,19.25,7
433,19.28,7
434,19.62,7
435,19.81,7
436,20.49,7
437,19.65,7
438,19.2,7
439,18.42,7
440,17.6,7
441,17.65,7
442,16.93,7
443,17.11,7
444,18.46,7
445,18.57,7
446,19.16,7
447,19.52,7
448,19.63,7
449,19.45,7
450,19.67,7
451,20.08,7
452,20.4,7
453,20.45,7
454,20.55,7
455,20.73,7
456,20.65,7
457,21.37,7
458,21.35,7
459,20.47,7
460,20.87,7
461,20.52,7
462,20.16,7
463,19.31,7
464,18.77,7
465,19.32,7
466,18.83,7
467,18.93,7
468,18.26,7
469,18.08,7
470,17.32,7
471,17.2,7
472,17.18,7
473,17.12,7
474,17.09,7
475,17.66,7
476,16.95,7
477,16.45,7
478,16.04,7
479,15.63,7
480,15.68,7
481,15.19,7
482,15.68,7
483,15.41,7
484,15.41,7
485,15.8,7
486,16.05,7
487,16.57,7
488,16.53,7
489,17.02,7
490,17.19,7
491,17.15,7
492,17.48,7
493,18.05,7
494,17.45,7
495,16.42,7
496,15.78,7
497,15.58,7
498,14.89,7
499,15.39,7
500,15.83,7
501,16.3,7
502,16.22,7
503,16.35,7
504,16.49,7
505,16.36,7
506,16.93,7
507,16.95,7
508,16.74,7
509,17.51,7
510,17.16,7
511,16.44,7
512,16.63,7
513,16.88,7
514,16.36,7
515,16.8,7
516,16.71,7
517,16.17,7
518,16.38,7
519,16.83,7
520,17.53,7
521,17.44,7
522,17.56,7
523,17.95,7
524,17.53,7
525,17.48,7
526,17.67,7
527,17.33,7
528,17.23,7
529,17.48,7
530,18.01,7
531,18.49,7
532,17.71,7
533,18.26,7
534,18.28,7
535,18.0,7
536,17.26,7
537,18.17,7
538,17.74,7
539,17.97,7
540,18.22,7
541,18.27,7
542,18.11,7
543,18.52,7
544,18.58,7
545,19.34,7
546,18.9,7
547,17.98,7
548,17.99,7
549,17.96,7
550,17.61,7
551,17.41,7
552,17.45,7
553,17.49,7
554,17.46,7
555,16.86,7
556,17.05,7
557,16.69,7
558,16.43,7
559,16.73,7
560,16.43,7
561,15.93,7
562,16.33,7
563,16.77,7
564,17.48,7
565,17.67,7
566,17.92,7
567,17.92,7
568,18.32,7
569,18.63,7
570,18.12,7
571,17.87,7
572,17.37,7
573,17.08,7
574,17.38,7
575,17.28,7
576,17.35,7
577,17.42,7
578,17.39,7
579,16.34,7
580,15.94,7
581,15.67,7
582,15.63,7
583,15.64,7
584,16.04,7
585,16.08,7
586,16.26,7
587,17.05,7
588,17.15,7
589,17.31,7
590,17.31,7
591,17.2,7
592,17.47,7
593,17.71,7
594,17.85,7
595,17.73,7
596,18.06,7
597,17.97,7
598,18.38,7
599,18.26,7
600,17.78,7
601,17.97,7
602,17.11,7
603,17.51,7
604,17.46,7
605,16.56,7
606,17.3,7
607,17.63,7
608,17.12,7
609,17.02,7
610,17.31,7
611,17.34,7
612,17.6,7
613,17.46,7
614,17.07,7
615,16.66,7
616,17.06,7
617,17.48,7
618,17.66,7
619,17.48,7
620,17.39,7
621,17.42,7
622,17.69,7
623,18.24,7
624,18.35,7
625,19.14,7
626,18.73,7
627,18.09,7
628,17.55,7
629,17.81,7
630,17.22,7
631,16.19,7
632,16.64,7
633,17.09,7
634,17.84,7
635,17.67,7
636,17.16,7
637,16.65,7
638,16.67,7
639,17.1,7
640,16.54,7
641,16.6,7
642,16.9,7
643,16.9,7
644,16.89,7
645,17.6,7
646,17.18,7
647,16.95,7
648,17.53,7
649,16.84,7
650,16.65,7
651,17.14,7
652,16.58,7
653,16.76,7
654,17.2,7
655,17.03,7
656,16.93,7
657,17.05,7
658,17.06,7
659,16.45,7
660,15.6,7
661,16.29,7
662,16.21,7
663,15.97,7
664,16.29,7
665,16.51,7
666,16.64,7
667,17.07,7
668,16.91,7
669,17.85,7
670,17.9,7
671,18.16,7
672,18.32,7
673,18.58,7
674,16.76,7
675,16.47,7
676,16.57,7
677,17.05,7
678,17.09,7
679,17.47,7
680,17.78,7
681,18.12,7
682,18.02,7
683,17.79,7
684,17.7,7
685,17.97,7
686,18.0,7
687,18.31,7
688,17.62,7
689,18.15,7
690,17.71,7
691,17.22,7
692,17.23,7
693,16.75,7
694,16.6,7
695,16.45,7
696,16.19,7
697,16.0,7
698,16.08,7
699,16.18,7
700,16.56,7
701,16.54,7
702,16.91,7
703,16.83,7
704,17.3,7
705,16.86,7
706,16.96,7
707,17.33,7
708,17.96,7
709,18.53,7
710,17.87,7
711,17.78,7
712,17.41,7
713,16.46,7
714,16.35,7
715,16.09,7
716,15.7,7
717,15.58,7
718,15.9,7
719,15.57,7
720,15.89,7
721,16.17,7
722,16.5,7
723,16.82,7
724,17.31,7
725,17.64,7
726,17.49,7
727,17.36,7
728,16.79,7
729,16.91,7
730,16.9,7
731,16.5,7
732,16.85,7
733,16.49,7
734,16.78,7
735,16.92,7
736,16.43,7
737,16.14,7
738,16.04,7
739,16.56,7
740,16.42,7
741,16.86,7
742,16.94,7
743,16.64,7
744,16.48,7
745,16.86,7
746,17.35,7
747,17.03,7
748,16.71,7
749,16.05,7
750,16.32,7
751,16.9,7
752,16.64,6
753,16.51,6
754,16.07,6
755,16.66,6
756,17.15,6
757,17.44,6
758,17.67,6
759,17.71,6
760,17.96,6
761,18.11,6
762,18.14,6
763,18.39,6
764,18.76,6
765,18.82,6
766,18.75,6
767,18.11,6
768,18.64,6
769,19.2,6
770,18.92,6
771,18.3,6
772,17.89,6
773,17.49,6
774,18.23,6
775,18.36,6
776,17.29,6
777,17.02,6
778,17.77,6
779,17.63,5
780,17.97,5
781,17.8,5
782,17.27,5
783,16.93,5
784,16.09,5
785,16.71,5
786,17.29,5
787,16.45,5
788,16.23,5
789,16.62,5
790,16.21,5
791,15.91,5
792,16.37,5
793,15.65,5
794,15.84,5
795,15.64,5
796,15.46,5
797,15.36,5
798,14.98,5
799,15.89,5
800,15.99,5
801,15.94,5
802,15.29,5
803,15.42,5
804,16.25,5
805,16.14,5
806,15.85,5
807,16.29,5
808,17.09,5
809,16.96,5
810,16.74,5
811,17.25,5
812,16.85,5
813,17.14,5
814,16.84,5
815,15.91,5
816,15.37,5
817,15.42,5
818,15.39,5
819,14.85,5
820,14.06,5
821,13.68,5
822,13.32,5
823,13.78,5
824,14.1,5
825,13.41,5
826,14.02,5
827,14.51,5
828,14.85,5
829,14.88,5
830,15.02,5
831,15.06,5
832,15.09,5
833,15.2,5
834,15.95,5
835,14.8,5
836,15.04,5
837,15.47,5
838,15.25,4
839,15.38,4
840,15.33,4
841,15.3,4
842,14.45,4
843,14.12,4
844,14.3,4
845,13.88,4
846,14.31,4
847,14.73,3
848,15.72,3
849,16.44,3
850,16.08,3
851,16.02,3
852,15.85,3
853,16.38,3
854,16.81,3
855,17.39,3
856,16.9,3
857,17.0,3
858,17.23,3
859,17.18,3
860,16.83,3
861,16.29,3
862,16.51,3
863,16.44,3
864,16.17,3
865,16.83,3
866,15.76,2
867,14.86,2
868,14.24,2
869,13.72,2
870,13.42,2
871,13.26,2
872,13.13,2
873,12.58,2
874,12.83,2
875,12.98,2
876,12.95,2
877,12.56,2
878,12.79,2
879,13.81,2
880,14.12,2
881,13.51,2
882,13.46,2
883,13.33,2
884,13.46,2
885,13.49,2
886,13.6,2
887,13.81,2
888,13.09,2
889,12.77,2
890,12.29,2
891,12.24,2
892,12.32,2
893,12.15,2
894,11.94,2
895,11.76,2
896,12.04,2
897,11.71,2
898,12.18,2
899,12.0,2
900,12.46,2
901,12.21,2
902,12.09,2
903,11.87,2
904,11.53,2
905,11.5,2
906,11.42,2
907,12.13,2
908,12.94,2
909,13.7,2
910,13.85,2
911,13.11,2
912,11.9,2
913,11.02,2
914,11.47,2
915,11.2,2
916,10.79,2
917,10.77,2
918,10.87,2
919,11.35,2
920,12.09,2
921,11.99,2
922,11.82,2
923,11.63,2
924,11.9,2
925,11.3,2
926,11.28,2
927,11.27,2
928,10.95,2
929,11.53,2
930,11.64,2
931,11.71,2
932,11.44,2
933,11.78,2
934,12.04,2
935,11.8,2
936,12.22,2
937,12.35,2
938,12.18,2
939,12.16,2
940,12.4,2
941,13.32,2
942,13.62,2
943,13.17,2
944,13.39,2
945,13.17,2
946,12.38,2
947,12.54,2
948,12.74,2
949,13.57,2
950,14.18,2
951,14.34,2
952,14.42,2
953,14.25,2
954,14.33,2
955,14.11,2
956,13.51,2
957,13.59,2
958,13.42,2
959,13.36,2
960,13.09,2
961,12.54,2
962,12.48,2
963,12.16,2
964,12.46,2
965,12.36,2
966,11.92,2
967,11.13,2
968,11.9,2
969,12.05,2
970,12.35,2
971,12.55,2
972,12.22,2
973,12.44,2
974,11.93,2
975,12.08,2
976,11.85,2
977,12.09,2
978,11.6,2
979,11.85,2
980,12.28,2
981,12.72,2
982,12.91,2
983,12.54,2
984,12.35,2
985,12.13,2
986,12.15,2
987,12.0,2
988,12.12,2
989,12.12,2
990,12.15,2
991,12.73,2
992,13.2,2
993,13.11,2
994,13.1,2
995,13.76,2
996,14.18,2
997,13.89,2
998,14.59,2
999,13.76,2
