Figure: large_4
File Number: 18
Nodes: 300
Edges: 22520
Max Generations: 1000
Population Size: 100
Mutation Rate: 0.01
Colors Used: 163
Runtime: 14.05

Generation,Average Fitness,Best Fitness
0,138.93,115
1,134.84,101
2,131.21,101
3,130.74,101
4,129.15,101
5,127.27,101
6,126.65,101
7,124.95,100
8,123.0,100
9,120.88,98
10,119.72,96
11,118.92,96
12,116.5,96
13,114.84,95
14,113.92,92
15,113.04,92
16,111.03,92
17,110.08,92
18,108.96,92
19,108.23,91
20,106.86,90
21,106.25,86
22,104.0,85
23,102.41,85
24,102.09,84
25,100.37,81
26,100.55,81
27,97.74,79
28,95.08,78
29,92.51,78
30,90.14,75
31,87.5,75
32,86.41,69
33,85.47,68
34,84.16,68
35,82.36,68
36,81.23,65
37,79.5,65
38,77.38,65
39,76.45,63
40,75.6,63
41,74.28,63
42,73.58,61
43,71.14,59
44,70.94,58
45,68.64,56
46,68.23,56
47,67.27,56
48,67.19,56
49,66.65,54
50,65.77,54
51,65.32,54
52,64.58,54
53,63.19,54
54,62.6,51
55,61.84,50
56,60.2,49
57,59.5,49
58,57.95,49
59,57.11,47
60,56.74,44
61,56.53,44
62,55.95,44
63,54.98,44
64,54.94,44
65,55.14,44
66,54.36,44
67,53.66,44
68,53.57,44
69,52.66,42
70,51.65,41
71,50.56,41
72,50.51,41
73,50.16,41
74,49.71,41
75,49.85,41
76,49.35,41
77,49.09,40
78,49.08,40
79,49.26,40
80,49.36,39
81,48.08,39
82,47.27,37
83,46.42,37
84,46.58,37
85,46.18,35
86,46.04,35
87,45.18,33
88,43.4,33
89,43.32,33
90,42.26,32
91,42.71,32
92,42.03,32
93,42.24,32
94,42.28,32
95,42.38,31
96,42.55,31
97,41.8,30
98,41.28,30
99,41.4,30
100,41.42,30
101,41.2,30
102,40.84,28
103,40.02,28
104,39.16,28
105,39.44,28
106,39.98,28
107,40.77,28
108,39.99,28
109,39.65,28
110,39.34,28
111,38.27,28
112,38.38,28
113,38.46,28
114,38.42,27
115,37.71,27
116,37.59,27
117,37.93,27
118,38.69,27
119,38.75,27
120,38.16,27
121,37.29,27
122,36.82,27
123,36.53,27
124,36.46,27
125,36.94,27
126,36.95,27
127,36.64,26
128,36.57,26
129,37.11,26
130,36.82,26
131,36.54,26
132,36.54,26
133,34.5,26
134,34.07,26
135,34.46,26
136,33.62,26
137,34.05,26
138,35.02,26
139,34.84,26
140,35.07,26
141,34.65,24
142,34.06,24
143,33.78,24
144,33.87,24
145,33.56,24
146,33.61,24
147,33.91,22
148,33.48,22
149,33.24,22
150,33.02,22
151,32.95,22
152,33.04,22
153,32.88,22
154,32.33,22
155,33.04,22
156,33.71,22
157,33.75,22
158,33.02,22
159,34.2,22
160,34.46,22
161,34.85,22
162,34.22,22
163,33.9,22
164,32.46,22
165,31.99,22
166,32.11,22
167,31.62,22
168,31.33,22
169,31.5,22
170,31.08,22
171,31.13,22
172,31.1,22
173,31.95,22
174,32.04,22
175,31.79,22
176,32.06,22
177,32.05,22
178,31.94,20
179,30.75,20
180,30.28,20
181,30.0,20
182,30.42,20
183,30.95,20
184,31.35,20
185,31.84,20
186,32.75,20
187,32.86,20
188,32.8,20
189,32.4,20
190,32.35,20
191,31.85,20
192,31.41,20
193,30.76,20
194,30.41,20
195,30.09,20
196,30.19,20
197,29.98,20
198,29.33,20
199,29.32,19
200,29.81,19
201,29.36,19
202,30.17,19
203,30.23,19
204,30.13,18
205,30.14,18
206,30.36,18
207,30.18,18
208,29.74,18
209,29.19,18
210,28.46,18
211,28.95,18
212,28.99,18
213,29.39,18
214,29.41,18
215,29.97,18
216,29.51,17
217,29.21,16
218,28.09,16
219,27.72,16
220,27.18,16
221,26.64,16
222,26.55,16
223,26.17,16
224,26.56,16
225,26.17,16
226,26.67,16
227,27.16,16
228,27.82,16
229,27.51,16
230,27.74,16
231,26.95,16
232,27.29,16
233,27.17,16
234,26.99,16
235,27.11,16
236,27.51,16
237,27.8,16
238,27.36,16
239,26.9,15
240,26.1,15
241,26.76,15
242,27.01,14
243,26.05,14
244,25.26,12
245,25.32,12
246,24.74,12
247,25.12,12
248,24.87,12
249,24.28,12
250,23.51,12
251,23.4,12
252,23.45,12
253,23.28,12
254,23.26,12
255,22.9,12
256,23.0,12
257,23.52,12
258,23.01,12
259,23.14,12
260,22.86,12
261,22.55,11
262,22.32,11
263,21.9,11
264,22.35,11
265,22.41,11
266,22.43,10
267,22.87,10
268,22.15,9
269,22.76,9
270,22.1,9
271,22.22,9
272,22.09,9
273,21.87,9
274,21.27,9
275,22.34,9
276,22.57,9
277,22.65,9
278,22.49,9
279,22.44,9
280,22.0,9
281,21.57,9
282,20.85,9
283,20.77,9
284,21.18,9
285,21.32,9
286,21.33,9
287,20.87,9
288,19.74,9
289,19.66,9
290,19.43,9
291,19.96,9
292,19.4,9
293,19.68,9
294,19.86,9
295,19.81,9
296,19.55,8
297,19.12,8
298,19.42,8
299,18.1,8
300,17.54,8
301,17.59,8
302,18.24,8
303,19.05,8
304,19.43,8
305,19.32,8
306,20.37,8
307,19.97,8
308,19.56,8
309,20.25,8
310,20.4,8
311,20.85,8
312,21.21,8
313,20.87,8
314,20.18,8
315,19.84,8
316,19.52,8
317,18.63,8
318,17.61,8
319,17.0,8
320,17.13,8
321,17.9,8
322,17.96,8
323,17.99,7
324,19.38,7
325,19.89,7
326,19.98,7
327,19.22,7
328,19.11,7
329,19.55,7
330,19.25,7
331,18.65,7
332,19.21,7
333,18.93,7
334,19.53,7
335,19.75,7
336,19.74,7
337,19.95,7
338,20.05,7
339,19.32,7
340,19.43,7
341,20.31,7
342,20.31,7
343,20.49,7
344,20.81,7
345,19.31,7
346,19.0,7
347,19.23,7
348,18.38,7
349,18.3,7
350,18.47,7
351,18.25,7
352,17.94,7
353,18.31,7
354,18.23,7
355,18.04,7
356,17.75,7
357,17.29,7
358,17.75,7
359,17.59,7
360,17.47,7
361,17.18,7
362,17.5,7
363,17.69,7
364,18.02,7
365,17.9,7
366,17.99,7
367,17.7,7
368,17.59,7
369,17.64,7
370,18.18,7
371,17.54,7
372,17.62,7
373,18.86,7
374,19.56,7
375,19.02,7
376,18.59,7
377,18.66,7
378,18.2,7
379,18.15,7
380,17.63,7
381,18.35,7
382,18.4,7
383,18.4,7
384,18.08,7
385,18.16,7
386,18.36,7
387,18.26,7
388,17.29,7
389,17.41,7
390,16.95,7
391,17.52,7
392,17.67,7
393,17.73,7
394,17.52,7
395,17.91,7
396,17.48,7
397,17.47,7
398,16.68,7
399,15.82,7
400,16.12,7
401,16.66,7
402,16.84,7
403,17.41,7
404,18.09,7
405,18.52,7
406,18.95,7
407,20.08,7
408,20.54,7
409,20.39,7
410,21.06,7
411,20.49,7
412,20.9,7
413,20.42,7
414,20.1,7
415,19.92,7
416,19.75,7
417,18.89,7
418,18.62,7
419,18.91,7
420,19.06,7
421,19.25,7
422,18.76,7
423,19.06,7
424,18.61,7
425,18.55,7
426,19.29,7
427,19.04,7
428,19.26,7
429,19.69,7
430,19.55,7
431,19.6,7
432,19.6,7
433,19.9,7
434,20.56,7
435,20.0,7
436,19.89,7
437,20.01,7
438,19.67,7
439,20.3,7
440,19.89,7
441,20.11,7
442,19.15,7
443,19.04,7
444,18.79,7
445,19.05,7
446,18.45,6
447,18.63,6
448,18.89,6
449,19.6,6
450,19.63,6
451,19.47,6
452,19.74,6
453,20.29,6
454,20.72,6
455,20.17,6
456,20.17,6
457,20.37,6
458,20.55,6
459,20.4,6
460,20.28,6
461,21.38,6
462,21.52,6
463,21.53,6
464,21.65,6
465,21.29,6
466,21.5,6
467,21.49,6
468,21.01,6
469,20.37,6
470,20.76,6
471,21.51,6
472,20.24,6
473,18.92,6
474,18.36,6
475,18.26,6
476,17.65,6
477,18.07,6
478,18.21,6
479,19.01,6
480,17.78,6
481,17.52,6
482,16.76,6
483,16.86,6
484,16.9,6
485,17.12,6
486,17.05,6
487,17.65,6
488,17.71,6
489,17.67,6
490,17.72,6
491,17.82,6
492,17.56,6
493,17.34,6
494,17.2,6
495,16.96,6
496,17.03,6
497,16.85,6
498,17.1,6
499,17.5,6
500,17.7,6
501,17.38,6
502,16.97,6
503,17.09,6
504,17.61,6
505,17.46,6
506,18.04,6
507,18.43,6
508,18.62,6
509,18.02,6
510,18.26,6
511,18.45,6
512,17.66,6
513,17.75,6
514,17.29,6
515,17.45,6
516,17.97,6
517,18.43,6
518,18.22,6
519,17.66,6
520,17.04,6
521,16.75,6
522,15.94,6
523,15.84,6
524,16.63,6
525,16.87,6
526,16.49,6
527,15.8,6
528,16.25,6
529,16.2,6
530,16.78,6
531,16.28,6
532,15.96,6
533,16.21,6
534,15.83,6
535,15.54,6
536,16.06,6
537,16.16,6
538,16.76,6
539,15.71,6
540,16.46,6
541,16.44,6
542,16.11,6
543,16.97,6
544,16.77,6
545,17.18,6
546,16.89,6
547,16.78,6
548,16.5,6
549,16.64,6
550,16.56,6
551,16.63,6
552,16.62,6
553,17.14,6
554,17.66,6
555,17.23,6
556,17.07,6
557,17.21,5
558,16.83,5
559,17.07,5
560,16.61,5
561,17.13,5
562,17.77,5
563,17.56,5
564,17.62,5
565,17.2,5
566,17.38,5
567,17.27,5
568,17.79,5
569,18.25,5
570,19.33,5
571,18.9,5
572,19.03,5
573,19.11,5
574,18.54,5
575,17.83,5
576,17.38,5
577,17.41,5
578,17.86,5
579,18.36,5
580,18.77,5
581,18.8,5
582,18.74,5
583,19.2,5
584,19.0,5
585,18.76,5
586,19.09,5
587,18.66,5
588,18.53,5
589,18.18,5
590,17.01,5
591,17.26,5
592,16.59,5
593,17.06,5
594,17.47,5
595,15.76,5
596,16.09,5
597,16.47,5
598,16.69,5
599,17.01,5
600,17.56,5
601,17.48,5
602,17.7,5
603,17.65,5
604,18.3,5
605,17.53,5
606,17.14,5
607,17.63,5
608,16.62,5
609,16.63,5
610,16.84,5
611,17.16,5
612,17.55,5
613,16.87,5
614,16.59,5
615,16.49,5
616,16.3,5
617,15.89,5
618,16.14,5
619,15.85,5
620,16.16,5
621,17.02,5
622,18.28,5
623,17.57,5
624,16.31,5
625,16.45,5
626,16.63,5
627,17.15,5
628,17.65,5
629,17.96,5
630,18.18,5
631,17.84,5
632,17.85,5
633,18.1,5
634,18.68,5
635,18.29,5
636,17.97,5
637,17.75,5
638,17.12,5
639,17.06,5
640,16.77,5
641,16.75,5
642,16.54,5
643,16.61,5
644,15.95,5
645,15.81,5
646,16.05,5
647,16.73,5
648,16.92,5
649,17.35,5
650,17.62,5
651,18.07,5
652,17.55,5
653,17.7,5
654,17.92,5
655,18.61,5
656,18.96,5
657,19.15,5
658,18.55,5
659,19.36,5
660,18.47,5
661,18.58,5
662,17.81,5
663,17.85,5
664,17.47,5
665,16.89,5
666,16.09,5
667,16.0,5
668,16.13,5
669,16.3,5
670,16.02,5
671,16.25,5
672,15.83,5
673,16.66,5
674,16.75,5
675,17.57,5
676,17.19,5
677,16.79,5
678,17.2,5
679,17.71,5
680,17.4,5
681,17.19,5
682,17.53,5
683,18.01,5
684,18.36,5
685,17.67,5
686,17.59,5
687,17.76,5
688,17.62,5
689,17.77,5
690,18.06,5
691,17.88,5
692,17.35,5
693,17.71,5
694,17.45,5
695,17.44,5
696,17.81,5
697,17.3,5
698,17.16,5
699,17.67,5
700,18.07,5
701,17.24,5
702,17.14,5
703,17.06,5
704,17.5,5
705,18.18,5
706,18.36,5
707,18.48,5
708,17.79,5
709,18.22,5
710,18.39,5
711,18.03,5
712,17.76,5
713,17.41,5
714,16.71,5
715,16.68,5
716,16.14,5
717,16.2,5
718,16.11,5
719,16.02,5
720,15.78,5
721,15.72,5
722,16.06,5
723,15.68,5
724,16.71,5
725,17.06,5
726,17.17,5
727,17.72,5
728,17.62,5
729,17.41,5
730,17.73,5
731,18.57,5
732,19.03,5
733,19.56,5
734,19.25,5
735,18.53,5
736,18.99,5
737,19.27,5
738,18.88,5
739,18.68,5
740,18.53,5
741,19.11,5
742,19.76,5
743,19.43,5
744,18.75,5
745,17.87,5
746,18.94,5
747,18.67,5
748,18.53,5
749,18.32,5
750,18.15,5
751,18.98,5
752,18.22,5
753,17.54,5
754,17.62,5
755,17.38,5
756,17.33,5
757,17.11,5
758,17.39,5
759,17.43,5
760,17.6,5
761,17.5,5
762,17.38,5
763,16.92,5
764,16.58,5
765,16.27,5
766,17.08,5
767,17.0,5
768,16.53,5
769,16.08,5
770,15.7,5
771,15.37,5
772,15.66,5
773,15.3,5
774,15.49,5
775,16.37,5
776,16.22,5
777,16.15,5
778,17.01,5
779,17.62,5
780,17.92,5
781,18.01,5
782,18.05,5
783,18.78,5
784,18.68,5
785,19.15,5
786,18.96,5
787,18.63,5
788,18.9,5
789,18.31,5
790,17.46,5
791,17.66,5
792,18.11,5
793,18.16,5
794,18.38,5
795,17.84,5
796,18.17,5
797,17.73,5
798,17.64,5
799,17.72,5
800,18.03,5
801,17.58,5
802,17.75,5
803,17.4,5
804,17.53,5
805,17.34,5
806,17.47,5
807,18.06,5
808,18.27,5
809,17.72,5
810,16.97,5
811,16.83,5
812,17.2,5
813,17.51,5
814,17.58,5
815,16.59,5
816,17.23,5
817,17.76,5
818,17.33,5
819,16.72,5
820,16.75,5
821,17.07,5
822,17.52,5
823,17.86,5
824,18.3,5
825,17.99,5
826,17.78,5
827,17.83,5
828,17.46,5
829,18.33,5
830,17.9,5
831,17.75,5
832,17.57,5
833,16.99,5
834,16.83,5
835,16.01,5
836,15.96,5
837,15.69,5
838,14.81,5
839,15.21,5
840,14.26,5
841,13.92,5
842,13.95,5
843,14.19,5
844,14.67,5
845,14.78,5
846,15.58,5
847,15.81,5
848,15.81,5
849,16.32,5
850,16.97,5
851,16.33,5
852,16.47,5
853,16.55,5
854,16.07,5
855,16.22,5
856,16.15,5
857,16.05,5
858,16.27,5
859,16.53,5
860,15.73,5
861,15.24,5
862,15.11,5
863,15.17,5
864,15.4,5
865,15.19,5
866,16.0,5
867,16.17,5
868,16.35,5
869,16.57,5
870,16.1,5
871,16.4,5
872,16.53,5
873,17.02,5
874,17.39,5
875,17.97,5
876,17.81,5
877,17.67,5
878,17.63,5
879,17.88,5
880,18.15,5
881,17.96,5
882,17.61,5
883,17.42,5
884,17.69,5
885,17.65,5
886,16.78,5
887,16.5,5
888,16.82,5
889,17.03,5
890,17.07,5
891,16.61,5
892,16.62,5
893,17.09,5
894,16.99,5
895,16.8,5
896,16.95,5
897,16.79,5
898,16.57,5
899,17.31,5
900,17.03,5
901,17.59,5
902,17.51,5
903,17.24,5
904,16.83,5
905,17.59,5
906,17.43,5
907,17.82,5
908,17.01,5
909,17.7,5
910,17.73,5
911,18.05,5
912,17.23,5
913,17.46,5
914,17.51,5
915,17.01,5
916,16.86,5
917,17.06,5
918,16.81,5
919,16.75,5
920,16.89,5
921,16.65,5
922,15.4,5
923,15.44,5
924,16.21,5
925,16.16,5
926,15.74,5
927,15.91,5
928,16.55,5
929,16.45,5
930,16.86,5
931,16.91,5
932,17.37,5
933,17.74,5
934,17.66,5
935,18.37,5
936,18.38,5
937,19.26,5
938,18.95,5
939,19.09,5
940,18.34,5
941,18.53,5
942,18.03,5
943,17.88,5
944,17.99,5
945,16.95,5
946,16.53,5
947,17.18,5
948,17.32,5
949,17.52,5
950,17.76,5
951,17.63,5
952,17.89,5
953,18.6,5
954,18.65,5
955,18.11,5
956,18.09,5
957,18.0,5
958,17.01,5
959,16.76,5
960,16.26,5
961,16.52,5
962,17.44,5
963,17.67,5
964,17.81,5
965,18.07,5
966,18.9,5
967,18.66,5
968,19.15,5
969,19.14,5
970,18.14,5
971,18.81,5
972,19.0,5
973,19.24,5
974,19.93,5
975,19.99,5
976,19.77,5
977,19.3,5
978,18.7,5
979,18.42,5
980,19.01,5
981,18.8,5
982,18.57,5
983,18.12,5
984,18.74,5
985,18.91,5
986,17.96,5
987,17.07,5
988,17.01,5
989,17.54,5
990,17.58,5
991,17.83,5
992,17.19,5
993,16.75,5
994,16.89,5
995,16.21,5
996,16.63,5
997,15.55,5
998,15.62,5
999,16.12,5
