Figure: medium_5
File Number: 25
Nodes: 100
Edges: 2527
Max Generations: 1000
Population Size: 100
Mutation Rate: 0.01
Colors Used: 26
Runtime: 4.97

Generation,Average Fitness,Best Fitness
0,99.52,81
1,96.9,69
2,95.14,69
3,91.9,69
4,90.44,69
5,88.12,67
6,87.9,67
7,85.59,67
8,85.78,65
9,84.27,65
10,84.44,65
11,80.88,61
12,78.68,61
13,77.32,61
14,74.67,61
15,70.89,59
16,69.46,59
17,68.16,59
18,66.96,58
19,66.4,58
20,65.72,58
21,65.38,53
22,63.31,53
23,62.25,53
24,60.47,53
25,59.52,50
26,58.39,50
27,57.27,49
28,57.41,49
29,56.33,46
30,55.64,46
31,54.87,46
32,53.43,44
33,52.99,44
34,51.41,44
35,51.07,44
36,50.09,43
37,48.88,42
38,47.86,41
39,47.36,39
40,46.75,39
41,45.93,38
42,45.48,38
43,44.82,38
44,44.55,38
45,43.93,38
46,43.46,36
47,42.84,33
48,41.76,33
49,40.91,33
50,40.17,33
51,39.51,33
52,38.85,33
53,38.39,32
54,37.93,31
55,37.82,31
56,38.09,31
57,37.49,31
58,36.67,31
59,36.37,31
60,35.76,31
61,35.01,29
62,34.44,28
63,34.05,28
64,33.79,28
65,33.8,28
66,33.53,27
67,33.46,25
68,32.95,25
69,32.66,25
70,32.01,25
71,31.43,24
72,31.54,24
73,31.22,24
74,30.55,24
75,30.02,24
76,30.08,24
77,30.25,23
78,29.31,22
79,29.16,22
80,28.85,22
81,28.72,22
82,28.43,22
83,28.33,22
84,28.11,22
85,27.95,21
86,28.18,21
87,27.95,20
88,28.35,20
89,27.37,20
90,27.58,19
91,27.09,19
92,26.43,18
93,25.91,18
94,25.53,18
95,24.67,18
96,24.53,18
97,24.14,18
98,23.32,18
99,23.08,18
100,22.91,17
101,22.94,16
102,23.08,16
103,23.1,16
104,22.82,15
105,22.06,15
106,22.26,15
107,21.92,15
108,21.7,15
109,21.85,15
110,21.79,15
111,21.36,15
112,21.01,15
113,21.06,14
114,20.46,14
115,20.34,14
116,20.46,14
117,20.09,14
118,18.92,14
119,18.56,13
120,18.78,13
121,19.13,13
122,19.05,13
123,19.02,13
124,19.47,13
125,18.43,13
126,18.37,13
127,17.85,12
128,17.87,12
129,17.94,12
130,18.08,11
131,17.93,11
132,17.69,11
133,17.21,10
134,16.99,10
135,17.19,10
136,17.45,10
137,17.18,10
138,17.38,10
139,17.61,10
140,17.57,10
141,16.95,10
142,16.91,10
143,16.79,10
144,16.57,10
145,15.88,10
146,15.33,9
147,15.52,9
148,15.71,9
149,16.35,9
150,16.36,9
151,16.37,9
152,15.97,8
153,14.94,8
154,14.17,8
155,14.46,8
156,14.22,6
157,14.92,6
158,15.08,6
159,14.5,6
160,13.66,5
161,13.51,5
162,13.51,5
163,13.4,5
164,13.27,5
165,13.22,5
166,13.06,5
167,12.83,5
168,12.72,5
169,11.93,5
170,11.06,5
171,11.24,5
172,11.22,5
173,10.93,5
174,11.04,5
175,10.74,5
176,11.16,5
177,11.07,5
178,11.02,5
179,10.78,5
180,10.75,5
181,10.75,5
182,10.9,5
183,11.21,5
184,10.36,5
185,10.07,5
186,9.81,5
187,10.03,5
188,10.06,5
189,10.03,5
190,9.57,5
191,10.17,5
192,10.15,5
193,10.16,5
194,9.93,5
195,10.0,5
196,9.61,4
197,9.5,4
198,9.25,4
199,9.37,4
200,9.93,4
201,9.74,4
202,9.54,4
203,9.52,4
204,10.02,4
205,9.98,4
206,10.52,4
207,10.76,4
208,11.2,3
209,11.18,3
210,10.6,3
211,10.26,3
212,10.52,3
213,9.67,3
214,8.73,3
215,8.74,3
216,7.88,3
217,8.05,3
218,8.38,3
219,8.21,3
220,8.58,3
221,8.89,3
222,9.79,3
223,10.04,3
224,10.35,3
225,9.87,3
226,9.69,3
227,9.38,3
228,9.14,3
229,8.9,3
230,9.01,2
231,8.71,2
232,8.84,2
233,8.56,2
234,8.47,2
235,8.37,2
236,8.0,2
237,8.39,2
238,8.05,2
239,8.09,2
240,7.94,2
241,7.86,2
242,7.46,2
243,7.61,2
244,7.2,2
245,7.7,2
246,8.0,2
247,7.47,2
248,7.25,2
249,6.7,2
250,6.89,2
251,7.13,2
252,7.39,2
253,7.25,2
254,7.12,2
255,7.48,2
256,7.42,2
257,7.9,2
258,8.49,2
259,8.69,2
260,8.37,2
261,9.03,2
262,8.98,2
263,8.94,2
264,8.19,2
265,7.89,2
266,7.93,2
267,7.32,2
268,7.81,2
269,8.07,2
270,7.93,2
271,8.2,2
272,8.08,2
273,8.16,2
274,8.2,2
275,8.18,2
276,8.15,2
277,7.35,2
278,7.11,2
279,7.51,2
280,7.37,2
281,7.13,2
282,7.78,2
283,8.21,2
284,7.97,2
285,7.95,2
286,8.22,2
287,8.0,2
288,8.06,2
289,8.27,2
290,8.55,2
291,8.42,2
292,7.62,2
293,7.45,2
294,7.39,2
295,7.37,2
296,7.24,2
297,7.58,2
298,8.08,2
299,8.14,2
300,7.7,2
301,7.9,2
302,7.74,2
303,8.59,2
304,8.64,2
305,8.64,2
306,8.87,2
307,8.36,2
308,8.87,2
309,8.83,2
310,8.97,2
311,9.39,2
312,9.07,2
313,8.71,2
314,8.74,2
315,8.58,2
316,8.27,2
317,8.33,2
318,7.82,2
319,8.01,2
320,7.86,2
321,8.06,2
322,8.03,2
323,8.02,2
324,7.42,2
325,7.99,2
326,7.4,2
327,7.56,2
328,7.81,2
329,7.81,2
330,8.07,2
331,7.6,2
332,7.42,1
333,7.73,1
334,7.17,1
335,7.24,1
336,7.35,1
337,7.26,1
338,7.22,1
339,7.09,1
340,7.26,1
341,7.24,1
342,7.16,1
343,6.64,1
344,6.58,1
345,6.18,1
346,5.88,1
347,6.26,1
348,6.29,1
349,5.65,1
350,6.01,1
351,6.06,1
352,6.94,1
353,7.36,1
354,6.71,1
355,7.13,1
356,7.4,1
357,7.21,1
358,7.2,1
359,7.11,1
360,7.11,1
361,7.94,1
362,7.54,1
363,7.71,1
364,7.34,1
365,7.63,1
366,7.41,1
367,6.92,1
368,6.82,1
369,6.8,1
370,6.63,1
371,6.23,1
372,6.39,1
373,6.12,1
374,5.9,1
375,6.32,1
376,6.56,1
377,6.78,1
378,6.17,1
379,6.18,1
380,6.13,1
381,6.17,1
382,6.31,1
383,5.62,1
384,6.05,1
385,6.2,1
386,6.09,1
387,6.24,1
388,6.31,1
389,5.94,1
390,6.08,1
391,5.54,1
392,6.18,1
393,6.15,1
394,5.85,1
395,5.91,1
396,6.15,1
397,6.1,1
398,6.62,1
399,6.57,1
400,7.11,1
401,7.05,1
402,6.98,1
403,7.21,1
404,7.79,1
405,8.13,1
406,8.61,1
407,8.48,1
408,8.48,1
409,8.7,1
410,8.55,1
411,7.96,1
412,7.37,1
413,7.77,1
414,7.67,1
415,7.67,1
416,8.27,1
417,8.01,1
418,7.79,1
419,7.57,1
420,7.21,1
421,6.88,1
422,6.95,1
423,6.69,1
424,6.29,1
425,6.15,1
426,6.48,1
427,7.12,1
428,6.66,1
429,5.97,1
430,6.27,1
431,6.28,1
432,6.82,1
433,6.8,1
434,6.85,1
435,6.5,1
436,6.77,1
437,7.24,1
438,6.23,1
439,6.1,1
440,6.1,1
441,6.52,1
442,6.33,1
443,6.57,1
444,6.51,1
445,6.99,1
446,7.04,1
447,7.03,1
448,7.1,1
449,7.13,1
450,7.3,1
451,6.68,1
452,6.61,1
453,6.56,1
454,6.22,1
455,6.55,1
456,6.73,1
457,6.32,1
458,6.49,1
459,6.98,1
460,6.84,1
461,6.7,1
462,7.21,1
463,7.04,1
464,7.35,1
465,7.21,1
466,7.04,1
467,7.24,1
468,7.24,1
469,6.75,1
470,6.49,1
471,5.72,1
472,5.53,1
473,5.79,1
474,5.57,1
475,5.98,1
476,5.9,1
477,5.46,1
478,5.84,1
479,6.17,1
480,6.49,1
481,6.88,1
482,6.56,1
483,6.38,1
484,6.69,1
485,6.94,1
486,6.12,1
487,6.69,1
488,7.13,1
489,6.71,1
490,6.37,1
491,6.67,1
492,6.42,1
493,6.23,1
494,6.48,1
495,6.75,1
496,7.3,1
497,7.82,1
498,7.92,1
499,7.61,1
500,7.69,1
501,7.39,1
502,8.02,1
503,7.82,1
504,7.25,1
505,7.01,1
506,6.62,1
507,6.52,1
508,6.29,1
509,6.69,1
510,6.82,1
511,7.66,1
512,6.52,1
513,6.4,1
514,6.31,1
515,5.95,1
516,5.67,1
517,5.97,1
518,5.8,1
519,5.77,1
520,5.98,1
521,6.18,1
522,6.62,1
523,6.7,1
524,6.94,1
525,6.54,1
526,7.48,1
527,7.69,1
528,7.97,1
529,8.01,1
530,8.19,1
531,8.43,1
532,8.11,1
533,7.85,1
534,7.36,1
535,6.75,1
536,6.54,1
537,6.62,1
538,6.87,1
539,7.23,1
540,7.25,1
541,7.18,1
542,7.48,1
543,7.37,1
544,7.12,1
545,6.79,1
546,6.87,1
547,6.6,1
548,6.77,1
549,7.19,1
550,8.32,1
551,7.97,1
552,7.79,1
553,7.46,1
554,7.5,1
555,7.15,1
556,7.32,1
557,7.18,1
558,7.08,1
559,7.19,1
560,7.14,1
561,7.59,1
562,8.09,1
563,7.76,1
564,8.27,1
565,8.23,1
566,8.08,1
567,8.14,1
568,8.4,1
569,7.95,1
570,7.95,1
571,7.54,1
572,7.48,1
573,7.49,1
574,7.25,1
575,7.51,1
576,6.89,1
577,6.8,1
578,6.45,1
579,6.89,1
580,6.7,1
581,7.51,1
582,6.91,1
583,6.77,1
584,7.08,1
585,7.1,1
586,6.52,1
587,6.27,1
588,6.79,1
589,6.93,1
590,6.78,1
591,6.94,1
592,5.94,1
593,5.63,1
594,5.68,1
595,5.88,1
596,6.42,1
597,6.31,1
598,6.69,1
599,7.05,1
600,7.07,1
601,7.26,1
602,7.18,1
603,7.19,1
604,7.21,1
605,6.85,1
606,6.82,1
607,6.45,1
608,5.97,1
609,5.88,1
610,5.93,1
611,6.19,1
612,6.52,1
613,6.74,1
614,7.04,1
615,6.73,1
616,6.15,1
617,6.81,1
618,6.6,1
619,6.83,1
620,6.56,1
621,6.08,1
622,5.86,1
623,6.42,1
624,6.33,1
625,6.56,1
626,6.51,1
627,6.52,1
628,6.81,1
629,5.86,1
630,5.7,1
631,5.54,1
632,5.98,1
633,6.11,1
634,6.04,1
635,6.37,1
636,6.91,1
637,6.54,1
638,7.06,1
639,6.92,1
640,6.58,1
641,6.61,1
642,5.83,1
643,6.35,1
644,6.74,1
645,7.04,1
646,7.38,1
647,7.16,1
648,7.27,1
649,7.49,1
650,7.64,1
651,7.63,1
652,7.59,1
653,7.91,1
654,8.06,1
655,8.75,1
656,8.77,1
657,8.75,1
658,8.58,1
659,7.45,1
660,6.29,1
661,6.48,1
662,6.35,1
663,6.65,1
664,6.83,1
665,7.4,1
666,7.31,1
667,7.17,1
668,7.3,1
669,7.46,1
670,7.46,1
671,6.82,1
672,6.48,1
673,6.58,1
674,6.76,1
675,6.59,1
676,6.52,1
677,6.72,1
678,7.08,1
679,6.96,1
680,7.04,1
681,7.09,1
682,6.8,1
683,5.53,1
684,5.63,1
685,6.41,1
686,7.02,1
687,7.14,1
688,6.59,1
689,6.36,1
690,6.89,1
691,6.69,1
692,7.08,1
693,7.14,1
694,6.72,1
695,6.91,1
696,6.8,1
697,6.62,1
698,6.4,1
699,6.43,1
700,6.67,1
701,6.9,1
702,6.44,1
703,6.5,1
704,5.9,1
705,5.91,1
706,5.88,1
707,6.0,1
708,5.28,1
709,5.35,1
710,5.2,1
711,5.93,1
712,6.22,1
713,6.34,1
714,5.77,1
715,5.37,1
716,5.55,1
717,5.65,1
718,5.78,1
719,5.48,1
720,5.92,1
721,6.2,1
722,6.32,1
723,6.65,1
724,7.0,1
725,6.82,1
726,6.71,1
727,6.44,1
728,7.02,1
729,6.59,1
730,6.6,1
731,6.59,1
732,6.27,1
733,6.71,1
734,6.76,1
735,7.48,1
736,7.79,1
737,7.63,1
738,7.54,1
739,7.15,1
740,6.45,1
741,6.26,1
742,6.54,1
743,6.51,1
744,6.22,1
745,6.9,1
746,6.76,1
747,6.79,1
748,7.42,1
749,7.06,1
750,6.55,1
751,6.48,1
752,6.61,1
753,6.44,1
754,6.63,1
755,6.56,1
756,7.07,1
757,6.27,1
758,5.59,1
759,5.2,1
760,4.95,1
761,5.19,1
762,5.72,1
763,5.85,1
764,6.03,1
765,6.86,1
766,7.22,1
767,7.18,1
768,7.23,1
769,6.27,1
770,5.77,1
771,5.51,1
772,5.0,1
773,4.63,1
774,4.66,1
775,5.24,1
776,5.05,1
777,5.57,1
778,5.31,1
779,5.45,1
780,5.83,1
781,5.95,1
782,6.32,1
783,6.31,1
784,6.48,1
785,6.47,1
786,7.09,1
787,7.42,1
788,7.19,1
789,7.41,1
790,7.61,1
791,8.03,1
792,7.05,1
793,6.85,1
794,7.06,1
795,6.83,1
796,6.83,1
797,6.71,1
798,6.14,1
799,6.33,1
800,6.57,1
801,6.56,1
802,6.57,1
803,6.6,1
804,5.96,1
805,6.49,1
806,5.72,1
807,5.56,1
808,6.02,1
809,6.22,1
810,5.95,1
811,5.89,1
812,5.85,1
813,5.73,1
814,6.08,1
815,5.96,1
816,5.81,1
817,6.34,1
818,6.2,1
819,5.62,1
820,6.6,1
821,6.19,1
822,6.68,1
823,6.12,1
824,6.19,1
825,5.84,1
826,5.51,1
827,6.25,1
828,5.86,1
829,5.32,1
830,6.15,1
831,6.4,1
832,6.1,1
833,6.18,1
834,6.76,1
835,6.61,1
836,6.65,1
837,6.92,1
838,6.62,1
839,7.15,1
840,7.59,1
841,7.61,1
842,7.52,1
843,7.72,1
844,7.68,1
845,7.35,1
846,8.07,1
847,8.37,1
848,8.42,1
849,8.0,1
850,8.08,1
851,8.27,1
852,7.66,1
853,8.12,1
854,7.57,1
855,7.4,1
856,7.35,1
857,6.87,1
858,6.86,1
859,6.69,1
860,6.78,1
861,6.33,1
862,7.14,1
863,6.56,1
864,6.57,1
865,6.99,1
866,7.14,1
867,7.51,1
868,7.35,1
869,7.38,1
870,7.41,1
871,8.05,1
872,7.98,1
873,7.72,1
874,7.79,1
875,8.06,1
876,7.54,1
877,7.21,1
878,7.04,1
879,7.32,1
880,7.19,1
881,6.86,1
882,6.73,1
883,6.56,1
884,6.46,1
885,7.17,1
886,7.37,1
887,7.15,1
888,7.33,1
889,7.2,1
890,7.04,1
891,7.29,1
892,7.77,1
893,7.64,1
894,7.59,1
895,7.34,1
896,7.08,1
897,7.19,1
898,7.29,1
899,7.31,1
900,6.33,1
901,6.18,1
902,6.76,1
903,7.39,1
904,7.11,1
905,7.3,1
906,7.52,1
907,7.18,1
908,6.83,1
909,6.73,1
910,6.84,1
911,7.25,1
912,6.82,1
913,6.71,1
914,6.8,1
915,7.22,1
916,6.67,1
917,7.14,1
918,7.71,1
919,7.63,1
920,7.1,1
921,7.02,1
922,7.23,1
923,7.38,1
924,6.87,1
925,7.1,1
926,7.04,1
927,7.07,1
928,7.16,1
929,7.22,1
930,6.69,1
931,7.11,1
932,7.31,1
933,6.96,1
934,6.8,1
935,6.8,1
936,7.11,1
937,7.44,1
938,7.12,1
939,6.53,1
940,6.35,1
941,5.96,1
942,6.41,1
943,6.53,1
944,7.0,1
945,7.45,1
946,7.59,1
947,7.76,1
948,8.12,1
949,8.22,1
950,8.67,1
951,8.59,1
952,7.9,1
953,7.94,1
954,7.94,1
955,7.81,1
956,7.28,1
957,7.58,1
958,7.49,1
959,7.7,1
960,7.58,1
961,7.53,1
962,7.48,1
963,7.88,1
964,8.1,1
965,7.75,1
966,7.31,1
967,7.13,1
968,7.2,1
969,7.48,1
970,7.11,1
971,7.66,1
972,7.98,1
973,8.75,1
974,8.66,1
975,8.36,1
976,8.0,1
977,7.34,1
978,7.3,1
979,7.11,1
980,6.98,1
981,7.19,1
982,6.37,1
983,6.89,1
984,7.17,1
985,6.94,1
986,7.13,1
987,6.76,1
988,6.9,1
989,6.79,1
990,7.25,1
991,7.19,1
992,7.4,1
993,7.44,1
994,7.07,1
995,6.42,1
996,5.82,1
997,6.14,1
998,6.56,1
999,6.71,1
