Figure: medium_5
File Number: 28
Nodes: 100
Edges: 2527
Max Generations: 1000
Population Size: 100
Mutation Rate: 0.01
Colors Used: 23
Runtime: 7.90

Generation,Average Fitness,Best Fitness
0,114.82,92
1,111.85,87
2,109.0,87
3,106.57,87
4,104.29,85
5,100.39,85
6,99.92,82
7,98.2,82
8,96.73,82
9,96.24,81
10,94.19,81
11,92.26,74
12,90.95,74
13,89.32,69
14,88.63,69
15,85.71,63
16,83.34,63
17,81.58,63
18,80.36,63
19,77.95,62
20,75.83,62
21,73.55,60
22,71.41,60
23,70.37,53
24,68.57,53
25,67.13,52
26,66.16,52
27,64.46,52
28,62.31,51
29,61.46,51
30,60.21,50
31,58.52,47
32,56.85,47
33,56.37,47
34,55.9,45
35,54.25,44
36,52.76,44
37,51.45,44
38,50.18,44
39,49.63,40
40,49.15,40
41,48.21,40
42,47.79,39
43,46.63,38
44,45.93,38
45,44.89,37
46,44.13,37
47,43.52,36
48,43.35,34
49,42.07,34
50,42.12,34
51,41.84,34
52,41.93,33
53,42.05,32
54,40.85,32
55,40.62,32
56,39.37,31
57,38.7,31
58,38.27,31
59,37.91,31
60,37.93,31
61,36.89,31
62,36.84,30
63,36.62,30
64,36.49,30
65,36.17,27
66,35.25,27
67,35.01,27
68,34.64,27
69,34.26,26
70,33.31,26
71,33.52,26
72,33.3,26
73,32.94,26
74,32.74,26
75,31.87,26
76,32.04,26
77,32.29,26
78,31.74,24
79,31.49,24
80,30.92,24
81,30.12,24
82,29.5,24
83,29.75,23
84,29.65,22
85,29.32,21
86,29.78,21
87,29.96,21
88,29.15,21
89,29.12,21
90,29.13,21
91,28.71,21
92,28.02,21
93,27.93,21
94,27.19,21
95,26.97,20
96,26.69,19
97,26.66,19
98,26.84,19
99,26.34,19
100,26.01,19
101,25.31,19
102,24.44,19
103,24.82,19
104,24.75,19
105,24.46,19
106,24.59,19
107,23.85,19
108,23.64,18
109,23.42,18
110,23.42,18
111,23.57,18
112,23.9,18
113,24.03,18
114,24.34,18
115,24.11,18
116,23.67,18
117,23.04,18
118,22.51,18
119,22.95,18
120,23.38,17
121,23.34,17
122,23.12,17
123,23.99,17
124,24.63,17
125,25.09,17
126,24.37,17
127,23.43,17
128,23.73,17
129,23.47,17
130,23.38,17
131,23.14,16
132,23.7,16
133,24.37,16
134,24.26,16
135,23.84,16
136,24.12,16
137,24.61,16
138,24.33,16
139,24.29,16
140,24.02,16
141,23.16,16
142,23.04,16
143,22.95,16
144,22.6,16
145,22.51,16
146,22.23,16
147,21.92,16
148,22.02,16
149,21.84,16
150,21.98,16
151,22.07,16
152,22.03,16
153,21.81,16
154,22.09,16
155,21.34,16
156,21.06,16
157,21.15,16
158,20.94,15
159,21.01,15
160,20.96,15
161,20.97,15
162,21.0,14
163,20.68,14
164,20.99,14
165,21.63,14
166,21.61,14
167,21.28,14
168,20.98,14
169,20.96,14
170,20.35,14
171,20.79,14
172,20.15,14
173,20.51,14
174,20.15,14
175,20.8,14
176,20.4,14
177,20.1,13
178,19.57,13
179,19.71,13
180,18.95,13
181,18.84,13
182,18.86,13
183,19.17,13
184,19.2,13
185,19.01,13
186,19.05,13
187,18.69,13
188,18.23,13
189,18.53,13
190,18.99,13
191,19.24,13
192,18.7,13
193,18.46,13
194,18.88,13
195,19.14,13
196,18.68,13
197,18.38,13
198,18.26,13
199,18.02,13
200,18.28,13
201,18.3,13
202,18.41,13
203,18.34,13
204,18.28,13
205,18.04,13
206,17.9,13
207,18.54,13
208,18.71,13
209,18.27,12
210,18.83,12
211,18.54,12
212,18.5,12
213,18.3,12
214,18.64,12
215,18.99,12
216,18.95,12
217,18.43,12
218,18.5,12
219,18.31,12
220,18.45,12
221,18.78,12
222,18.1,12
223,18.0,12
224,18.39,12
225,18.26,12
226,17.59,12
227,17.81,11
228,17.5,11
229,17.47,11
230,17.7,11
231,17.38,11
232,17.39,11
233,17.34,11
234,17.43,11
235,17.23,11
236,17.02,11
237,16.89,11
238,17.1,11
239,16.66,11
240,16.89,11
241,16.76,11
242,17.48,11
243,16.81,11
244,16.91,11
245,16.44,11
246,16.27,11
247,16.28,11
248,15.84,11
249,15.67,11
250,16.3,10
251,17.03,10
252,17.45,10
253,17.86,10
254,17.89,10
255,17.35,10
256,18.03,10
257,17.11,10
258,17.23,10
259,16.92,10
260,16.49,10
261,15.78,10
262,15.73,10
263,15.62,10
264,15.33,10
265,15.79,10
266,16.28,10
267,16.81,10
268,16.18,10
269,15.8,10
270,15.09,10
271,14.99,10
272,15.55,9
273,15.85,9
274,15.9,9
275,15.22,9
276,15.39,8
277,15.31,8
278,14.87,8
279,14.59,8
280,14.91,8
281,14.45,8
282,14.58,8
283,14.88,8
284,15.08,8
285,14.88,8
286,14.21,8
287,14.07,8
288,14.16,8
289,14.52,8
290,14.41,8
291,14.1,8
292,14.66,8
293,14.46,8
294,14.21,8
295,13.54,8
296,13.35,8
297,13.36,8
298,13.39,8
299,13.33,8
300,13.24,7
301,13.63,7
302,13.66,7
303,13.94,7
304,14.36,7
305,13.37,7
306,12.93,7
307,12.88,7
308,13.41,7
309,13.71,7
310,13.55,6
311,13.45,5
312,13.98,5
313,13.76,5
314,12.62,5
315,12.17,5
316,12.28,5
317,13.12,5
318,12.31,5
319,12.46,5
320,12.0,5
321,11.94,5
322,11.7,5
323,12.1,5
324,11.04,5
325,11.18,5
326,11.47,5
327,11.8,5
328,12.33,5
329,12.08,5
330,11.7,5
331,11.47,5
332,11.16,5
333,10.96,5
334,11.14,5
335,10.92,5
336,10.73,5
337,10.91,5
338,10.44,5
339,9.87,5
340,9.76,5
341,9.94,5
342,10.16,5
343,9.92,5
344,10.19,5
345,10.41,5
346,10.74,5
347,10.63,5
348,10.57,5
349,10.53,5
350,10.57,5
351,10.52,5
352,10.35,5
353,10.29,5
354,10.44,5
355,11.43,5
356,11.03,4
357,10.52,4
358,10.61,4
359,10.64,4
360,10.51,4
361,9.94,4
362,10.05,4
363,9.96,4
364,9.66,4
365,10.04,4
366,10.59,4
367,10.05,4
368,10.23,4
369,9.28,4
370,10.11,4
371,10.81,4
372,10.22,4
373,10.62,4
374,9.98,3
375,10.12,3
376,10.09,3
377,9.74,3
378,10.27,3
379,10.19,3
380,10.47,3
381,10.42,3
382,10.31,3
383,10.07,3
384,10.35,3
385,10.04,3
386,10.74,3
387,10.48,3
388,10.17,3
389,9.81,3
390,9.35,3
391,9.54,3
392,9.39,3
393,9.39,3
394,9.21,3
395,8.8,3
396,8.98,3
397,9.45,3
398,9.14,3
399,9.45,3
400,9.68,3
401,9.54,3
402,9.54,3
403,9.19,3
404,8.9,3
405,9.24,3
406,8.6,3
407,8.47,3
408,8.87,3
409,9.18,3
410,9.23,3
411,9.4,3
412,9.55,3
413,9.7,3
414,9.6,3
415,10.06,3
416,9.87,3
417,10.02,3
418,9.72,3
419,9.3,3
420,9.44,3
421,9.37,3
422,9.67,3
423,9.89,3
424,9.4,3
425,9.63,3
426,8.87,3
427,9.12,3
428,9.18,3
429,9.34,3
430,8.91,3
431,9.69,3
432,9.9,3
433,10.08,3
434,10.7,3
435,11.27,3
436,10.87,3
437,10.48,3
438,10.1,3
439,10.29,3
440,9.68,3
441,9.61,3
442,9.09,3
443,9.04,3
444,9.37,3
445,9.54,3
446,9.5,3
447,9.83,3
448,9.85,3
449,9.81,3
450,9.46,3
451,8.88,3
452,8.69,3
453,9.42,3
454,8.76,3
455,8.56,3
456,9.27,3
457,9.74,3
458,8.97,3
459,9.49,3
460,9.29,3
461,8.31,3
462,8.24,3
463,8.77,3
464,8.89,3
465,8.71,3
466,9.28,3
467,9.38,3
468,9.18,3
469,9.16,3
470,9.31,3
471,9.77,3
472,8.8,3
473,8.3,3
474,8.42,3
475,8.49,3
476,8.49,3
477,8.81,3
478,8.4,3
479,8.83,2
480,9.32,2
481,9.59,2
482,9.88,2
483,10.34,2
484,10.35,2
485,10.77,2
486,11.04,2
487,10.39,2
488,10.1,2
489,9.91,2
490,9.44,2
491,9.0,2
492,9.32,2
493,10.0,2
494,9.07,2
495,9.27,2
496,9.37,2
497,8.51,2
498,8.58,2
499,8.64,2
500,8.4,2
501,8.26,2
502,7.91,2
503,8.07,2
504,8.77,2
505,9.36,2
506,9.39,2
507,8.72,2
508,8.5,2
509,7.62,2
510,7.11,2
511,7.12,2
512,7.85,2
513,8.19,2
514,7.98,2
515,8.1,2
516,8.09,2
517,8.59,2
518,7.7,2
519,7.7,2
520,7.55,2
521,7.89,2
522,7.96,2
523,7.77,2
524,7.88,2
525,8.09,2
526,8.13,2
527,8.59,2
528,9.31,2
529,9.93,2
530,8.92,2
531,10.13,2
532,10.01,2
533,9.94,2
534,9.77,2
535,9.5,2
536,9.5,2
537,10.14,2
538,10.01,2
539,9.69,2
540,9.15,2
541,8.83,2
542,8.52,2
543,8.62,2
544,9.14,2
545,8.73,2
546,8.79,2
547,9.82,2
548,9.35,2
549,8.91,2
550,9.52,2
551,9.07,2
552,8.39,2
553,7.32,2
554,7.7,2
555,8.18,2
556,8.68,2
557,8.18,2
558,7.79,2
559,7.39,2
560,7.53,2
561,7.79,2
562,8.12,2
563,8.05,2
564,8.46,2
565,7.67,2
566,7.39,2
567,7.8,2
568,7.51,1
569,7.5,1
570,7.44,1
571,7.34,1
572,7.19,1
573,7.65,1
574,7.28,1
575,7.44,1
576,7.14,1
577,6.8,1
578,7.04,1
579,7.02,1
580,6.92,1
581,6.84,1
582,7.59,1
583,6.95,1
584,7.8,1
585,7.89,1
586,7.84,1
587,6.71,1
588,6.52,1
589,6.84,1
590,6.99,1
591,7.42,1
592,7.77,1
593,7.31,1
594,6.99,1
595,7.61,1
596,7.66,1
597,7.62,1
598,7.47,1
599,7.04,1
600,7.7,1
601,8.07,1
602,8.26,1
603,7.77,1
604,7.5,1
605,7.41,1
606,7.09,1
607,7.02,1
608,6.79,1
609,6.97,1
610,7.6,1
611,7.77,1
612,8.45,1
613,8.3,1
614,7.84,1
615,7.84,1
616,7.84,1
617,6.78,1
618,6.78,1
619,7.35,1
620,8.42,1
621,8.91,1
622,8.81,1
623,8.62,1
624,8.3,1
625,8.59,1
626,8.0,1
627,8.07,1
628,7.68,1
629,8.32,1
630,8.25,1
631,8.39,1
632,8.49,1
633,8.08,1
634,8.56,1
635,8.05,1
636,7.91,1
637,8.09,1
638,8.27,1
639,8.13,1
640,7.71,1
641,7.75,1
642,7.49,1
643,7.04,1
644,6.38,1
645,6.35,1
646,6.87,1
647,6.37,1
648,6.15,1
649,6.74,1
650,6.66,1
651,6.95,1
652,7.89,1
653,8.21,1
654,7.0,1
655,7.56,1
656,7.37,1
657,7.62,1
658,7.93,1
659,7.89,1
660,7.68,1
661,7.22,1
662,7.34,1
663,7.32,1
664,7.28,1
665,7.05,1
666,7.37,1
667,7.15,1
668,6.09,1
669,6.44,1
670,6.87,1
671,7.07,1
672,7.3,1
673,7.72,1
674,6.74,1
675,6.96,1
676,7.48,1
677,7.12,1
678,7.34,1
679,7.07,1
680,6.56,1
681,7.03,1
682,7.2,1
683,6.95,1
684,6.98,1
685,7.39,1
686,7.7,1
687,7.41,1
688,7.51,1
689,7.36,1
690,6.71,1
691,6.87,1
692,7.0,1
693,7.12,1
694,7.24,1
695,8.1,1
696,8.71,1
697,9.08,1
698,8.79,1
699,8.68,1
700,8.55,1
701,8.56,1
702,8.25,1
703,7.56,1
704,7.36,1
705,7.66,1
706,7.97,1
707,8.01,1
708,7.63,1
709,6.83,1
710,6.92,1
711,6.36,1
712,6.36,1
713,6.63,1
714,6.28,1
715,6.77,1
716,7.45,1
717,7.7,1
718,7.31,1
719,7.43,1
720,7.69,1
721,7.83,1
722,7.93,1
723,8.06,1
724,8.53,1
725,7.91,1
726,8.06,1
727,7.88,1
728,7.52,1
729,7.04,1
730,6.46,1
731,6.18,1
732,6.61,1
733,6.65,1
734,7.04,1
735,7.64,1
736,7.24,1
737,7.85,1
738,8.48,1
739,8.03,1
740,7.8,1
741,7.78,1
742,7.55,1
743,7.65,1
744,7.79,1
745,7.65,1
746,7.83,1
747,7.87,1
748,7.64,1
749,8.02,1
750,7.6,1
751,7.51,1
752,7.77,1
753,8.69,1
754,8.6,1
755,8.69,1
756,8.84,1
757,9.43,1
758,9.16,1
759,8.96,1
760,8.05,1
761,8.5,1
762,8.61,1
763,9.14,1
764,9.66,1
765,9.29,1
766,8.94,1
767,9.04,1
768,8.27,1
769,8.13,1
770,8.55,1
771,8.35,1
772,7.43,1
773,6.74,1
774,6.7,1
775,6.75,1
776,6.84,1
777,6.76,1
778,6.58,1
779,7.05,1
780,6.66,1
781,7.19,1
782,7.63,1
783,7.76,1
784,7.72,1
785,8.2,1
786,7.58,1
787,7.51,1
788,7.03,1
789,7.17,1
790,7.84,1
791,8.37,1
792,8.19,1
793,7.97,1
794,7.87,1
795,7.78,1
796,8.06,1
797,8.08,1
798,7.62,1
799,7.75,1
800,7.65,1
801,8.16,1
802,8.63,1
803,7.69,1
804,8.01,1
805,7.52,1
806,7.22,1
807,7.53,1
808,7.72,1
809,7.1,1
810,7.48,1
811,7.66,1
812,7.36,1
813,7.49,1
814,7.34,1
815,6.46,1
816,7.31,1
817,7.37,1
818,7.65,1
819,7.48,1
820,7.72,1
821,7.15,1
822,7.43,1
823,7.61,1
824,7.1,1
825,7.16,1
826,6.66,1
827,6.29,1
828,6.64,1
829,7.66,1
830,7.63,1
831,7.78,1
832,7.69,1
833,7.82,1
834,7.9,1
835,7.37,1
836,7.8,1
837,7.9,1
838,8.0,1
839,7.63,1
840,7.48,1
841,7.33,1
842,6.91,1
843,6.7,1
844,6.42,1
845,6.92,1
846,6.79,1
847,6.91,1
848,7.38,1
849,7.42,1
850,7.84,1
851,8.42,1
852,8.84,1
853,9.27,1
854,9.39,1
855,9.15,1
856,8.22,1
857,8.41,1
858,8.5,1
859,8.76,1
860,8.87,1
861,9.26,1
862,8.65,1
863,8.14,1
864,7.92,1
865,7.84,1
866,8.19,1
867,9.19,1
868,8.37,1
869,8.27,1
870,7.81,1
871,7.55,1
872,7.36,1
873,6.86,1
874,6.83,1
875,6.48,1
876,6.99,1
877,6.16,1
878,6.51,1
879,6.54,1
880,7.16,1
881,7.56,1
882,7.89,1
883,7.3,1
884,6.9,1
885,7.03,1
886,6.31,1
887,5.87,1
888,6.66,1
889,6.33,1
890,7.11,1
891,6.95,1
892,7.5,1
893,7.71,1
894,8.46,1
895,8.43,1
896,8.34,1
897,7.35,1
898,7.37,1
899,7.22,1
900,7.47,1
901,6.97,1
902,7.28,1
903,7.5,1
904,7.96,1
905,7.99,1
906,7.74,1
907,8.05,1
908,8.09,1
909,7.99,1
910,7.69,1
911,7.65,1
912,7.66,1
913,7.17,1
914,7.19,1
915,7.64,1
916,7.17,1
917,7.87,1
918,8.41,1
919,8.08,1
920,8.29,1
921,8.04,1
922,7.67,1
923,7.56,1
924,7.05,1
925,7.31,1
926,7.62,1
927,8.0,1
928,7.71,1
929,7.92,1
930,7.65,1
931,7.5,1
932,7.36,1
933,7.69,1
934,7.55,1
935,7.35,1
936,6.81,1
937,7.54,1
938,7.61,1
939,8.07,1
940,7.82,1
941,7.55,1
942,7.41,1
943,8.03,1
944,8.0,1
945,7.63,1
946,7.76,1
947,6.97,1
948,7.47,1
949,7.14,1
950,7.5,1
951,8.04,1
952,7.41,1
953,6.93,1
954,7.19,1
955,6.9,1
956,7.17,1
957,7.82,1
958,8.21,1
959,8.39,1
960,8.0,1
961,7.47,1
962,7.61,1
963,7.74,1
964,7.6,1
965,7.84,1
966,7.62,1
967,7.51,1
968,7.51,1
969,7.34,1
970,6.87,1
971,6.41,1
972,6.27,1
973,6.4,1
974,6.54,1
975,6.8,1
976,6.93,1
977,6.86,1
978,7.15,1
979,7.15,1
980,7.9,1
981,8.41,1
982,7.92,1
983,7.5,1
984,7.91,1
985,7.01,1
986,7.07,1
987,7.05,1
988,7.36,1
989,7.36,1
990,7.51,1
991,7.68,1
992,7.02,1
993,7.3,1
994,7.01,1
995,6.64,1
996,7.15,1
997,6.78,1
998,7.13,1
999,7.15,1
