Figure: small_2
File Number: 16
Nodes: 23
Edges: 71
Max Generations: 1000
Population Size: 100
Mutation Rate: 0.01
Colors Used: 5
Runtime: 0.03

Generation,Average Fitness,Best Fitness
0,18.14,9
1,16.65,9
2,15.85,7
3,15.15,7
4,14.6,6
5,14.68,1
6,13.48,1
7,13.41,1
8,12.93,1
9,11.85,1
10,12.02,1
11,11.12,1
12,11.52,1
13,10.06,1
14,8.45,1
15,6.83,1
16,6.37,1
17,4.59,1
18,3.58,1
19,3.01,1
20,2.38,1
21,2.15,1
22,1.79,1
23,1.44,1
24,1.45,1
25,1.26,1
26,1.46,1
27,1.27,1
28,1.28,1
29,1.24,1
30,1.56,1
31,1.81,1
32,1.29,1
33,1.33,1
34,1.31,1
35,1.24,1
36,1.43,1
37,1.4,1
38,1.35,1
39,1.46,1
40,1.3,1
41,1.31,1
42,1.32,1
43,1.34,1
44,1.37,1
45,1.42,1
46,1.33,1
47,1.31,1
48,1.24,1
49,1.42,1
50,1.41,1
51,1.41,1
52,1.27,1
53,1.1,1
54,1.44,1
55,1.44,1
56,1.41,1
57,1.43,1
58,1.34,1
59,1.25,1
60,1.21,1
61,1.31,1
62,1.2,1
63,1.37,1
64,1.23,1
65,1.35,1
66,1.32,1
67,1.35,1
68,1.34,1
69,1.26,1
70,1.18,1
71,1.38,1
72,1.37,1
73,1.4,1
74,1.35,1
75,1.47,1
76,1.33,1
77,1.44,1
78,1.39,1
79,1.34,1
80,1.22,1
81,1.23,1
82,1.36,1
83,1.59,1
84,1.47,1
85,1.45,1
86,1.33,1
87,1.44,1
88,1.52,1
89,1.63,1
90,1.36,1
91,1.43,1
92,1.45,1
93,1.41,1
94,1.38,1
95,1.33,1
96,1.31,1
97,1.36,1
98,1.32,1
99,1.26,1
100,1.49,1
101,1.39,1
102,1.4,1
103,1.56,1
104,1.17,1
105,1.37,1
106,1.28,1
107,1.23,1
108,1.28,1
109,1.41,1
110,1.41,1
111,1.29,1
112,1.29,1
113,1.33,1
114,1.19,1
115,1.4,1
116,1.4,1
117,1.44,1
118,1.5,1
119,1.3,1
120,1.32,1
121,1.32,1
122,1.33,1
123,1.34,1
124,1.44,1
125,1.41,1
126,1.5,1
127,1.27,1
128,1.45,1
129,1.33,1
130,1.29,1
131,1.61,1
132,1.36,1
133,1.44,1
134,1.47,1
135,1.47,1
136,1.46,1
137,1.4,1
138,1.52,1
139,1.55,1
140,1.35,1
141,1.52,1
142,1.4,1
143,1.44,1
144,1.41,1
145,1.63,1
146,1.26,1
147,1.36,1
148,1.17,1
149,1.35,1
150,1.56,1
151,1.37,1
152,1.23,1
153,1.36,1
154,1.34,1
155,1.24,1
156,1.36,1
157,1.22,1
158,1.43,1
159,1.32,1
160,1.32,1
161,1.36,1
162,1.38,1
163,1.39,1
164,1.36,1
165,1.41,1
166,1.28,1
167,1.34,1
168,1.29,1
169,1.4,1
170,1.47,1
171,1.41,1
172,1.39,1
173,1.25,1
174,1.39,1
175,1.27,1
176,1.4,1
177,1.58,1
178,1.59,1
179,1.44,1
180,1.36,1
181,1.36,1
182,1.37,1
183,1.22,1
184,1.36,1
185,1.42,1
186,1.46,1
187,1.4,1
188,1.25,1
189,1.56,1
190,1.37,1
191,1.22,1
192,1.37,1
193,1.4,1
194,1.3,1
195,1.27,1
196,1.5,1
197,1.34,1
198,1.48,1
199,1.21,1
200,1.28,1
201,1.28,1
202,1.45,1
203,1.25,1
204,1.21,1
205,1.34,1
206,1.3,1
207,1.32,1
208,1.28,1
209,1.25,1
210,1.38,1
211,1.38,1
212,1.26,1
213,1.31,1
214,1.27,1
215,1.28,1
216,1.31,1
217,1.45,1
218,1.35,1
219,1.31,1
220,1.4,1
221,1.3,1
222,1.23,1
223,1.38,1
224,1.31,1
225,1.52,1
226,1.57,1
227,1.3,1
228,1.23,1
229,1.38,1
230,1.39,1
231,1.53,1
232,1.48,1
233,1.31,1
234,1.45,1
235,1.59,1
236,1.28,1
237,1.43,1
238,1.43,1
239,1.3,1
240,1.3,1
241,1.38,1
242,1.47,1
243,1.1,1
244,1.22,1
245,1.35,1
246,1.34,1
247,1.34,1
248,1.25,1
249,1.29,1
250,1.32,1
251,1.39,1
252,1.31,1
253,1.47,1
254,1.39,1
255,1.19,1
256,1.35,1
257,1.38,1
258,1.33,1
259,1.23,1
260,1.31,1
261,1.31,1
262,1.36,1
263,1.34,1
264,1.47,1
265,1.43,1
266,1.54,1
267,1.39,1
268,1.45,1
269,1.4,1
270,1.29,1
271,1.31,1
272,1.36,1
273,1.18,1
274,1.4,1
275,1.51,1
276,1.24,1
277,1.33,1
278,1.56,1
279,1.32,1
280,1.31,1
281,1.4,1
282,1.39,1
283,1.26,1
284,1.39,1
285,1.25,1
286,1.23,1
287,1.27,1
288,1.39,1
289,1.18,1
290,1.26,1
291,1.47,1
292,1.47,1
293,1.39,1
294,1.43,1
295,1.19,1
296,1.49,1
297,1.26,1
298,1.46,1
299,1.24,1
300,1.48,1
301,1.42,1
302,1.29,1
303,1.69,1
304,1.46,1
305,1.39,1
306,1.44,1
307,1.34,1
308,1.3,1
309,1.39,1
310,1.21,1
311,1.28,1
312,1.23,1
313,1.26,1
314,1.39,1
315,1.31,1
316,1.39,1
317,1.26,1
318,1.52,1
319,1.4,1
320,1.49,1
321,1.45,1
322,1.49,1
323,1.29,1
324,1.21,1
325,1.34,1
326,1.32,1
327,1.15,1
328,1.27,1
329,1.5,1
330,1.33,1
331,1.31,1
332,1.27,1
333,1.39,1
334,1.22,1
335,1.29,1
336,1.41,1
337,1.38,1
338,1.19,1
339,1.35,1
340,1.33,1
341,1.36,1
342,1.35,1
343,1.46,1
344,1.47,1
345,1.52,1
346,1.45,1
347,1.41,1
348,1.21,1
349,1.27,1
350,1.71,1
351,1.37,1
352,1.48,1
353,1.47,1
354,1.5,1
355,1.37,1
356,1.43,1
357,1.51,1
358,1.46,1
359,1.39,1
360,1.25,1
361,1.28,1
362,1.34,1
363,1.23,1
364,1.33,1
365,1.54,1
366,1.5,1
367,1.39,1
368,1.38,1
369,1.38,1
370,1.42,1
371,1.52,1
372,1.41,1
373,1.59,1
374,1.46,1
375,1.45,1
376,1.55,1
377,1.51,1
378,1.46,1
379,1.18,1
380,1.38,1
381,1.41,1
382,1.25,1
383,1.42,1
384,1.3,1
385,1.43,1
386,1.35,1
387,1.34,1
388,1.4,1
389,1.54,1
390,1.4,1
391,1.34,1
392,1.26,1
393,1.36,1
394,1.34,1
395,1.39,1
396,1.27,1
397,1.47,1
398,1.31,1
399,1.33,1
400,1.24,1
401,1.18,1
402,1.32,1
403,1.26,1
404,1.42,1
405,1.39,1
406,1.28,1
407,1.15,1
408,1.27,1
409,1.35,1
410,1.38,1
411,1.55,1
412,1.29,1
413,1.34,1
414,1.19,1
415,1.49,1
416,1.57,1
417,1.31,1
418,1.27,1
419,1.33,1
420,1.4,1
421,1.49,1
422,1.33,1
423,1.44,1
424,1.38,1
425,1.43,1
426,1.44,1
427,1.43,1
428,1.48,1
429,1.39,1
430,1.41,1
431,1.2,1
432,1.19,1
433,1.2,1
434,1.23,1
435,1.35,1
436,1.45,1
437,1.45,1
438,1.31,1
439,1.23,1
440,1.42,1
441,1.35,1
442,1.33,1
443,1.46,1
444,1.39,1
445,1.58,1
446,1.35,1
447,1.26,1
448,1.16,1
449,1.21,1
450,1.54,1
451,1.44,1
452,1.43,1
453,1.32,1
454,1.37,1
455,1.42,1
456,1.23,1
457,1.37,1
458,1.26,1
459,1.28,1
460,1.39,1
461,1.71,1
462,1.49,1
463,1.44,1
464,1.32,1
465,1.26,1
466,1.24,1
467,1.44,1
468,1.28,1
469,1.31,1
470,1.37,1
471,1.49,1
472,1.33,1
473,1.7,1
474,1.17,1
475,1.48,1
476,1.32,1
477,1.31,1
478,1.41,1
479,1.31,1
480,1.38,1
481,1.36,1
482,1.46,1
483,1.28,1
484,1.2,1
485,1.51,1
486,1.39,1
487,1.57,1
488,1.41,1
489,1.16,1
490,1.4,1
491,1.43,1
492,1.4,1
493,1.32,1
494,1.23,1
495,1.28,1
496,1.49,1
497,1.19,1
498,1.36,1
499,1.29,1
500,1.41,1
501,1.41,1
502,1.37,1
503,1.39,1
504,1.59,1
505,1.5,1
506,1.32,1
507,1.27,1
508,1.27,1
509,1.32,1
510,1.31,1
511,1.22,1
512,1.25,1
513,1.45,1
514,1.31,1
515,1.43,1
516,1.29,1
517,1.35,1
518,1.51,1
519,1.45,1
520,1.36,1
521,1.29,1
522,1.26,1
523,1.25,1
524,1.38,1
525,1.26,1
526,1.41,1
527,1.43,1
528,1.36,1
529,1.36,1
530,1.36,1
531,1.48,1
532,1.37,1
533,1.49,1
534,1.52,1
535,1.32,1
536,1.48,1
537,1.65,1
538,1.63,1
539,1.24,1
540,1.37,1
541,1.32,1
542,1.36,1
543,1.4,1
544,1.38,1
545,1.18,1
546,1.2,1
547,1.21,1
548,1.34,1
549,1.5,1
550,1.24,1
551,1.36,1
552,1.27,1
553,1.3,1
554,1.5,1
555,1.39,1
556,1.26,1
557,1.37,1
558,1.31,1
559,1.35,1
560,1.47,1
561,1.36,1
562,1.29,1
563,1.48,1
564,1.26,1
565,1.59,1
566,1.31,1
567,1.15,1
568,1.2,1
569,1.22,1
570,1.39,1
571,1.53,1
572,1.31,1
573,1.37,1
574,1.37,1
575,1.59,1
576,1.33,1
577,1.25,1
578,1.4,1
579,1.32,1
580,1.36,1
581,1.37,1
582,1.39,1
583,1.33,1
584,1.49,1
585,1.44,1
586,1.41,1
587,1.32,1
588,1.33,1
589,1.16,1
590,1.48,1
591,1.24,1
592,1.26,1
593,1.22,1
594,1.46,1
595,1.28,1
596,1.3,1
597,1.5,1
598,1.31,1
599,1.28,1
600,1.41,1
601,1.27,1
602,1.25,1
603,1.31,1
604,1.45,1
605,1.45,1
606,1.31,1
607,1.33,1
608,1.38,1
609,1.31,1
610,1.31,1
611,1.34,1
612,1.36,1
613,1.35,1
614,1.37,1
615,1.22,1
616,1.35,1
617,1.36,1
618,1.42,1
619,1.33,1
620,1.28,1
621,1.31,1
622,1.4,1
623,1.27,1
624,1.18,1
625,1.27,1
626,1.31,1
627,1.23,1
628,1.21,1
629,1.58,1
630,1.43,1
631,1.26,1
632,1.31,1
633,1.47,1
634,1.3,1
635,1.31,1
636,1.43,1
637,1.48,1
638,1.48,1
639,1.33,1
640,1.26,1
641,1.46,1
642,1.43,1
643,1.29,1
644,1.4,1
645,1.42,1
646,1.62,1
647,1.27,1
648,1.26,1
649,1.32,1
650,1.42,1
651,1.29,1
652,1.37,1
653,1.49,1
654,1.33,1
655,1.64,1
656,1.44,1
657,1.35,1
658,1.33,1
659,1.39,1
660,1.31,1
661,1.2,1
662,1.39,1
663,1.27,1
664,1.38,1
665,1.13,1
666,1.3,1
667,1.49,1
668,1.38,1
669,1.39,1
670,1.41,1
671,1.24,1
672,1.37,1
673,1.34,1
674,1.19,1
675,1.32,1
676,1.27,1
677,1.3,1
678,1.29,1
679,1.16,1
680,1.51,1
681,1.29,1
682,1.3,1
683,1.22,1
684,1.54,1
685,1.3,1
686,1.55,1
687,1.27,1
688,1.22,1
689,1.43,1
690,1.42,1
691,1.43,1
692,1.4,1
693,1.42,1
694,1.45,1
695,1.31,1
696,1.31,1
697,1.56,1
698,1.38,1
699,1.4,1
700,1.33,1
701,1.38,1
702,1.32,1
703,1.16,1
704,1.34,1
705,1.39,1
706,1.22,1
707,1.27,1
708,1.34,1
709,1.35,1
710,1.49,1
711,1.32,1
712,1.25,1
713,1.39,1
714,1.34,1
715,1.33,1
716,1.39,1
717,1.42,1
718,1.38,1
719,1.29,1
720,1.28,1
721,1.43,1
722,1.43,1
723,1.62,1
724,1.34,1
725,1.3,1
726,1.42,1
727,1.25,1
728,1.32,1
729,1.43,1
730,1.35,1
731,1.28,1
732,1.32,1
733,1.35,1
734,1.54,1
735,1.27,1
736,1.36,1
737,1.26,1
738,1.42,1
739,1.35,1
740,1.45,1
741,1.36,1
742,1.28,1
743,1.36,1
744,1.42,1
745,1.22,1
746,1.23,1
747,1.24,1
748,1.54,1
749,1.41,1
750,1.41,1
751,1.48,1
752,1.46,1
753,1.24,1
754,1.47,1
755,1.37,1
756,1.32,1
757,1.15,1
758,1.33,1
759,1.17,1
760,1.25,1
761,1.31,1
762,1.3,1
763,1.33,1
764,1.27,1
765,1.31,1
766,1.28,1
767,1.24,1
768,1.31,1
769,1.36,1
770,1.31,1
771,1.34,1
772,1.42,1
773,1.43,1
774,1.55,1
775,1.44,1
776,1.31,1
777,1.45,1
778,1.34,1
779,1.2,1
780,1.53,1
781,1.45,1
782,1.41,1
783,1.21,1
784,1.41,1
785,1.28,1
786,1.32,1
787,1.6,1
788,1.37,1
789,1.26,1
790,1.32,1
791,1.56,1
792,1.28,1
793,1.34,1
794,1.22,1
795,1.34,1
796,1.25,1
797,1.29,1
798,1.3,1
799,1.43,1
800,1.37,1
801,1.3,1
802,1.21,1
803,1.32,1
804,1.32,1
805,1.43,1
806,1.31,1
807,1.17,1
808,1.41,1
809,1.3,1
810,1.32,1
811,1.16,1
812,1.49,1
813,1.37,1
814,1.44,1
815,1.35,1
816,1.32,1
817,1.37,1
818,1.5,1
819,1.33,1
820,1.39,1
821,1.28,1
822,1.42,1
823,1.43,1
824,1.23,1
825,1.5,1
826,1.61,1
827,1.53,1
828,1.54,1
829,1.52,1
830,1.28,1
831,1.37,1
832,1.28,1
833,1.47,1
834,1.57,1
835,1.3,1
836,1.3,1
837,1.3,1
838,1.17,1
839,1.39,1
840,1.21,1
841,1.54,1
842,1.47,1
843,1.5,1
844,1.35,1
845,1.37,1
846,1.3,1
847,1.28,1
848,1.18,1
849,1.27,1
850,1.34,1
851,1.4,1
852,1.26,1
853,1.43,1
854,1.45,1
855,1.47,1
856,1.34,1
857,1.44,1
858,1.41,1
859,1.38,1
860,1.39,1
861,1.56,1
862,1.44,1
863,1.35,1
864,1.25,1
865,1.51,1
866,1.43,1
867,1.19,1
868,1.4,1
869,1.49,1
870,1.47,1
871,1.31,1
872,1.28,1
873,1.34,1
874,1.39,1
875,1.31,1
876,1.51,1
877,1.42,1
878,1.43,1
879,1.44,1
880,1.39,1
881,1.31,1
882,1.27,1
883,1.33,1
884,1.55,1
885,1.41,1
886,1.34,1
887,1.36,1
888,1.53,1
889,1.4,1
890,1.2,1
891,1.33,1
892,1.23,1
893,1.27,1
894,1.31,1
895,1.3,1
896,1.27,1
897,1.47,1
898,1.36,1
899,1.19,1
900,1.33,1
901,1.4,1
902,1.42,1
903,1.27,1
904,1.22,1
905,1.41,1
906,1.47,1
907,1.39,1
908,1.29,1
909,1.42,1
910,1.46,1
911,1.33,1
912,1.35,1
913,1.32,1
914,1.25,1
915,1.18,1
916,1.42,1
917,1.35,1
918,1.49,1
919,1.32,1
920,1.19,1
921,1.43,1
922,1.41,1
923,1.31,1
924,1.37,1
925,1.36,1
926,1.23,1
927,1.5,1
928,1.37,1
929,1.23,1
930,1.26,1
931,1.29,1
932,1.48,1
933,1.54,1
934,1.22,1
935,1.37,1
936,1.33,1
937,1.2,1
938,1.37,1
939,1.22,1
940,1.31,1
941,1.4,1
942,1.32,1
943,1.56,1
944,1.53,1
945,1.32,1
946,1.38,1
947,1.3,1
948,1.21,1
949,1.32,1
950,1.44,1
951,1.44,1
952,1.31,1
953,1.36,1
954,1.23,1
955,1.39,1
956,1.55,1
957,1.25,1
958,1.3,1
959,1.54,1
960,1.5,1
961,1.29,1
962,1.21,1
963,1.46,1
964,1.36,1
965,1.44,1
966,1.15,1
967,1.45,1
968,1.36,1
969,1.45,1
970,1.3,1
971,1.37,1
972,1.47,1
973,1.26,1
974,1.33,1
975,1.35,1
976,1.53,1
977,1.29,1
978,1.12,1
979,1.17,1
980,1.22,1
981,1.28,1
982,1.46,1
983,1.29,1
984,1.25,1
985,1.45,1
986,1.46,1
987,1.34,1
988,1.31,1
989,1.43,1
990,1.33,1
991,1.39,1
992,1.34,1
993,1.32,1
994,1.32,1
995,1.35,1
996,1.35,1
997,1.34,1
998,1.66,1
999,1.6,1
