Figure: small_2
File Number: 23
Nodes: 23
Edges: 71
Max Generations: 1000
Population Size: 100
Mutation Rate: 0.01
Colors Used: 5
Runtime: 0.04

Generation,Average Fitness,Best Fitness
0,17.7,7
1,16.89,7
2,15.71,7
3,15.27,7
4,15.01,7
5,14.51,4
6,14.67,4
7,13.34,4
8,12.99,4
9,12.51,4
10,12.55,4
11,12.74,4
12,12.52,4
13,11.26,4
14,10.34,4
15,9.83,4
16,9.3,4
17,8.03,4
18,6.96,4
19,6.49,4
20,5.99,3
21,5.52,3
22,4.88,3
23,4.42,3
24,4.32,2
25,4.2,2
26,3.99,2
27,3.64,2
28,3.34,1
29,3.26,1
30,2.76,1
31,2.63,1
32,2.41,1
33,1.93,1
34,1.6,1
35,1.54,1
36,1.31,1
37,1.43,1
38,1.39,1
39,1.25,1
40,1.13,1
41,1.31,1
42,1.44,1
43,1.36,1
44,1.32,1
45,1.43,1
46,1.53,1
47,1.35,1
48,1.25,1
49,1.33,1
50,1.47,1
51,1.38,1
52,1.5,1
53,1.45,1
54,1.34,1
55,1.32,1
56,1.38,1
57,1.42,1
58,1.28,1
59,1.18,1
60,1.35,1
61,1.2,1
62,1.3,1
63,1.27,1
64,1.54,1
65,1.42,1
66,1.3,1
67,1.43,1
68,1.35,1
69,1.45,1
70,1.32,1
71,1.3,1
72,1.26,1
73,1.48,1
74,1.22,1
75,1.35,1
76,1.24,1
77,1.4,1
78,1.33,1
79,1.35,1
80,1.55,1
81,1.26,1
82,1.47,1
83,1.37,1
84,1.43,1
85,1.36,1
86,1.24,1
87,1.38,1
88,1.36,1
89,1.36,1
90,1.44,1
91,1.5,1
92,1.22,1
93,1.33,1
94,1.34,1
95,1.21,1
96,1.25,1
97,1.4,1
98,1.44,1
99,1.23,1
100,1.21,1
101,1.24,1
102,1.28,1
103,1.31,1
104,1.25,1
105,1.31,1
106,1.29,1
107,1.1,1
108,1.32,1
109,1.1,1
110,1.24,1
111,1.36,1
112,1.36,1
113,1.3,1
114,1.39,1
115,1.38,1
116,1.41,1
117,1.24,1
118,1.36,1
119,1.23,1
120,1.27,1
121,1.24,1
122,1.56,1
123,1.41,1
124,1.36,1
125,1.34,1
126,1.5,1
127,1.59,1
128,1.5,1
129,1.45,1
130,1.31,1
131,1.33,1
132,1.35,1
133,1.39,1
134,1.24,1
135,1.52,1
136,1.37,1
137,1.31,1
138,1.45,1
139,1.45,1
140,1.38,1
141,1.32,1
142,1.26,1
143,1.24,1
144,1.3,1
145,1.35,1
146,1.43,1
147,1.3,1
148,1.3,1
149,1.32,1
150,1.48,1
151,1.44,1
152,1.45,1
153,1.48,1
154,1.25,1
155,1.51,1
156,1.26,1
157,1.41,1
158,1.36,1
159,1.48,1
160,1.24,1
161,1.35,1
162,1.26,1
163,1.35,1
164,1.29,1
165,1.44,1
166,1.44,1
167,1.23,1
168,1.43,1
169,1.29,1
170,1.3,1
171,1.19,1
172,1.3,1
173,1.3,1
174,1.3,1
175,1.21,1
176,1.48,1
177,1.21,1
178,1.32,1
179,1.31,1
180,1.31,1
181,1.3,1
182,1.34,1
183,1.51,1
184,1.39,1
185,1.22,1
186,1.26,1
187,1.2,1
188,1.34,1
189,1.4,1
190,1.34,1
191,1.33,1
192,1.27,1
193,1.46,1
194,1.44,1
195,1.3,1
196,1.5,1
197,1.45,1
198,1.25,1
199,1.32,1
200,1.26,1
201,1.47,1
202,1.3,1
203,1.25,1
204,1.52,1
205,1.54,1
206,1.43,1
207,1.4,1
208,1.39,1
209,1.41,1
210,1.36,1
211,1.48,1
212,1.46,1
213,1.4,1
214,1.28,1
215,1.2,1
216,1.39,1
217,1.39,1
218,1.53,1
219,1.27,1
220,1.23,1
221,1.43,1
222,1.35,1
223,1.34,1
224,1.38,1
225,1.75,1
226,1.49,1
227,1.38,1
228,1.53,1
229,1.51,1
230,1.33,1
231,1.27,1
232,1.3,1
233,1.25,1
234,1.28,1
235,1.19,1
236,1.17,1
237,1.34,1
238,1.28,1
239,1.61,1
240,1.54,1
241,1.23,1
242,1.38,1
243,1.51,1
244,1.34,1
245,1.18,1
246,1.17,1
247,1.3,1
248,1.34,1
249,1.38,1
250,1.44,1
251,1.36,1
252,1.3,1
253,1.43,1
254,1.35,1
255,1.29,1
256,1.37,1
257,1.46,1
258,1.4,1
259,1.4,1
260,1.19,1
261,1.45,1
262,1.44,1
263,1.37,1
264,1.21,1
265,1.55,1
266,1.31,1
267,1.18,1
268,1.17,1
269,1.24,1
270,1.33,1
271,1.44,1
272,1.32,1
273,1.28,1
274,1.4,1
275,1.25,1
276,1.35,1
277,1.35,1
278,1.39,1
279,1.38,1
280,1.44,1
281,1.51,1
282,1.3,1
283,1.48,1
284,1.39,1
285,1.36,1
286,1.33,1
287,1.38,1
288,1.39,1
289,1.37,1
290,1.46,1
291,1.46,1
292,1.41,1
293,1.25,1
294,1.38,1
295,1.39,1
296,1.36,1
297,1.31,1
298,1.32,1
299,1.54,1
300,1.45,1
301,1.32,1
302,1.35,1
303,1.21,1
304,1.4,1
305,1.36,1
306,1.33,1
307,1.36,1
308,1.31,1
309,1.38,1
310,1.34,1
311,1.46,1
312,1.46,1
313,1.44,1
314,1.48,1
315,1.46,1
316,1.26,1
317,1.51,1
318,1.29,1
319,1.35,1
320,1.39,1
321,1.5,1
322,1.44,1
323,1.39,1
324,1.55,1
325,1.52,1
326,1.14,1
327,1.41,1
328,1.24,1
329,1.28,1
330,1.28,1
331,1.38,1
332,1.44,1
333,1.49,1
334,1.22,1
335,1.42,1
336,1.25,1
337,1.27,1
338,1.43,1
339,1.24,1
340,1.42,1
341,1.26,1
342,1.47,1
343,1.41,1
344,1.5,1
345,1.48,1
346,1.37,1
347,1.33,1
348,1.31,1
349,1.27,1
350,1.4,1
351,1.38,1
352,1.45,1
353,1.29,1
354,1.26,1
355,1.41,1
356,1.34,1
357,1.38,1
358,1.35,1
359,1.17,1
360,1.38,1
361,1.25,1
362,1.22,1
363,1.34,1
364,1.53,1
365,1.61,1
366,1.35,1
367,1.3,1
368,1.51,1
369,1.49,1
370,1.41,1
371,1.36,1
372,1.38,1
373,1.41,1
374,1.26,1
375,1.48,1
376,1.39,1
377,1.23,1
378,1.39,1
379,1.52,1
380,1.27,1
381,1.24,1
382,1.3,1
383,1.54,1
384,1.49,1
385,1.21,1
386,1.46,1
387,1.33,1
388,1.45,1
389,1.34,1
390,1.45,1
391,1.37,1
392,1.27,1
393,1.36,1
394,1.41,1
395,1.31,1
396,1.33,1
397,1.48,1
398,1.34,1
399,1.46,1
400,1.48,1
401,1.27,1
402,1.23,1
403,1.41,1
404,1.38,1
405,1.49,1
406,1.19,1
407,1.29,1
408,1.27,1
409,1.44,1
410,1.31,1
411,1.31,1
412,1.4,1
413,1.36,1
414,1.41,1
415,1.36,1
416,1.44,1
417,1.36,1
418,1.65,1
419,1.52,1
420,1.47,1
421,1.48,1
422,1.37,1
423,1.38,1
424,1.18,1
425,1.16,1
426,1.44,1
427,1.33,1
428,1.25,1
429,1.37,1
430,1.68,1
431,1.46,1
432,1.46,1
433,1.34,1
434,1.44,1
435,1.38,1
436,1.4,1
437,1.31,1
438,1.31,1
439,1.53,1
440,1.29,1
441,1.57,1
442,1.39,1
443,1.37,1
444,1.37,1
445,1.44,1
446,1.28,1
447,1.45,1
448,1.41,1
449,1.28,1
450,1.38,1
451,1.2,1
452,1.25,1
453,1.23,1
454,1.41,1
455,1.2,1
456,1.29,1
457,1.35,1
458,1.43,1
459,1.42,1
460,1.31,1
461,1.31,1
462,1.37,1
463,1.31,1
464,1.36,1
465,1.23,1
466,1.29,1
467,1.28,1
468,1.29,1
469,1.21,1
470,1.31,1
471,1.27,1
472,1.42,1
473,1.38,1
474,1.32,1
475,1.42,1
476,1.55,1
477,1.39,1
478,1.43,1
479,1.53,1
480,1.26,1
481,1.32,1
482,1.36,1
483,1.2,1
484,1.33,1
485,1.24,1
486,1.33,1
487,1.43,1
488,1.46,1
489,1.3,1
490,1.45,1
491,1.41,1
492,1.25,1
493,1.32,1
494,1.39,1
495,1.44,1
496,1.28,1
497,1.34,1
498,1.31,1
499,1.47,1
500,1.27,1
501,1.37,1
502,1.42,1
503,1.42,1
504,1.25,1
505,1.45,1
506,1.31,1
507,1.42,1
508,1.64,1
509,1.3,1
510,1.34,1
511,1.27,1
512,1.36,1
513,1.38,1
514,1.26,1
515,1.32,1
516,1.42,1
517,1.35,1
518,1.4,1
519,1.5,1
520,1.42,1
521,1.4,1
522,1.34,1
523,1.35,1
524,1.53,1
525,1.51,1
526,1.3,1
527,1.24,1
528,1.42,1
529,1.36,1
530,1.32,1
531,1.52,1
532,1.53,1
533,1.52,1
534,1.3,1
535,1.28,1
536,1.37,1
537,1.3,1
538,1.37,1
539,1.41,1
540,1.42,1
541,1.48,1
542,1.35,1
543,1.26,1
544,1.36,1
545,1.36,1
546,1.43,1
547,1.39,1
548,1.39,1
549,1.48,1
550,1.41,1
551,1.25,1
552,1.41,1
553,1.32,1
554,1.45,1
555,1.27,1
556,1.5,1
557,1.45,1
558,1.24,1
559,1.35,1
560,1.33,1
561,1.11,1
562,1.2,1
563,1.31,1
564,1.54,1
565,1.49,1
566,1.38,1
567,1.42,1
568,1.7,1
569,1.24,1
570,1.27,1
571,1.34,1
572,1.33,1
573,1.45,1
574,1.37,1
575,1.36,1
576,1.26,1
577,1.41,1
578,1.37,1
579,1.27,1
580,1.47,1
581,1.31,1
582,1.27,1
583,1.25,1
584,1.4,1
585,1.22,1
586,1.61,1
587,1.5,1
588,1.38,1
589,1.35,1
590,1.37,1
591,1.29,1
592,1.43,1
593,1.59,1
594,1.33,1
595,1.48,1
596,1.3,1
597,1.34,1
598,1.49,1
599,1.36,1
600,1.29,1
601,1.21,1
602,1.47,1
603,1.33,1
604,1.36,1
605,1.25,1
606,1.37,1
607,1.35,1
608,1.39,1
609,1.49,1
610,1.42,1
611,1.3,1
612,1.45,1
613,1.36,1
614,1.26,1
615,1.36,1
616,1.44,1
617,1.26,1
618,1.44,1
619,1.33,1
620,1.38,1
621,1.36,1
622,1.57,1
623,1.61,1
624,1.65,1
625,1.52,1
626,1.4,1
627,1.5,1
628,1.24,1
629,1.34,1
630,1.27,1
631,1.49,1
632,1.48,1
633,1.42,1
634,1.39,1
635,1.35,1
636,1.24,1
637,1.25,1
638,1.25,1
639,1.24,1
640,1.47,1
641,1.47,1
642,1.34,1
643,1.58,1
644,1.32,1
645,1.31,1
646,1.29,1
647,1.29,1
648,1.32,1
649,1.5,1
650,1.34,1
651,1.51,1
652,1.41,1
653,1.33,1
654,1.46,1
655,1.41,1
656,1.19,1
657,1.08,1
658,1.29,1
659,1.35,1
660,1.41,1
661,1.75,1
662,1.44,1
663,1.49,1
664,1.43,1
665,1.36,1
666,1.37,1
667,1.32,1
668,1.31,1
669,1.26,1
670,1.25,1
671,1.32,1
672,1.3,1
673,1.31,1
674,1.34,1
675,1.33,1
676,1.4,1
677,1.45,1
678,1.31,1
679,1.51,1
680,1.36,1
681,1.24,1
682,1.29,1
683,1.33,1
684,1.21,1
685,1.4,1
686,1.29,1
687,1.24,1
688,1.38,1
689,1.39,1
690,1.33,1
691,1.38,1
692,1.46,1
693,1.31,1
694,1.3,1
695,1.41,1
696,1.26,1
697,1.39,1
698,1.43,1
699,1.37,1
700,1.39,1
701,1.31,1
702,1.4,1
703,1.3,1
704,1.42,1
705,1.25,1
706,1.27,1
707,1.2,1
708,1.21,1
709,1.31,1
710,1.61,1
711,1.47,1
712,1.44,1
713,1.36,1
714,1.43,1
715,1.37,1
716,1.28,1
717,1.2,1
718,1.35,1
719,1.39,1
720,1.17,1
721,1.22,1
722,1.23,1
723,1.49,1
724,1.38,1
725,1.33,1
726,1.27,1
727,1.19,1
728,1.47,1
729,1.52,1
730,1.27,1
731,1.53,1
732,1.42,1
733,1.37,1
734,1.5,1
735,1.71,1
736,1.45,1
737,1.31,1
738,1.39,1
739,1.42,1
740,1.37,1
741,1.47,1
742,1.43,1
743,1.46,1
744,1.37,1
745,1.65,1
746,1.45,1
747,1.37,1
748,1.44,1
749,1.18,1
750,1.41,1
751,1.42,1
752,1.53,1
753,1.44,1
754,1.43,1
755,1.47,1
756,1.31,1
757,1.32,1
758,1.29,1
759,1.33,1
760,1.34,1
761,1.31,1
762,1.32,1
763,1.32,1
764,1.35,1
765,1.47,1
766,1.59,1
767,1.48,1
768,1.44,1
769,1.19,1
770,1.33,1
771,1.23,1
772,1.34,1
773,1.25,1
774,1.28,1
775,1.36,1
776,1.22,1
777,1.49,1
778,1.47,1
779,1.45,1
780,1.34,1
781,1.27,1
782,1.46,1
783,1.51,1
784,1.47,1
785,1.42,1
786,1.3,1
787,1.62,1
788,1.34,1
789,1.42,1
790,1.29,1
791,1.22,1
792,1.48,1
793,1.42,1
794,1.21,1
795,1.26,1
796,1.3,1
797,1.26,1
798,1.32,1
799,1.26,1
800,1.39,1
801,1.4,1
802,1.46,1
803,1.4,1
804,1.28,1
805,1.17,1
806,1.28,1
807,1.42,1
808,1.35,1
809,1.27,1
810,1.31,1
811,1.13,1
812,1.32,1
813,1.35,1
814,1.38,1
815,1.32,1
816,1.38,1
817,1.4,1
818,1.28,1
819,1.24,1
820,1.14,1
821,1.18,1
822,1.35,1
823,1.3,1
824,1.35,1
825,1.34,1
826,1.34,1
827,1.55,1
828,1.18,1
829,1.49,1
830,1.33,1
831,1.48,1
832,1.24,1
833,1.25,1
834,1.26,1
835,1.32,1
836,1.43,1
837,1.37,1
838,1.35,1
839,1.45,1
840,1.69,1
841,1.44,1
842,1.22,1
843,1.34,1
844,1.37,1
845,1.35,1
846,1.32,1
847,1.18,1
848,1.33,1
849,1.25,1
850,1.27,1
851,1.36,1
852,1.28,1
853,1.37,1
854,1.56,1
855,1.43,1
856,1.23,1
857,1.47,1
858,1.3,1
859,1.4,1
860,1.24,1
861,1.71,1
862,1.42,1
863,1.51,1
864,1.52,1
865,1.22,1
866,1.35,1
867,1.36,1
868,1.54,1
869,1.57,1
870,1.33,1
871,1.32,1
872,1.25,1
873,1.46,1
874,1.45,1
875,1.56,1
876,1.38,1
877,1.36,1
878,1.25,1
879,1.36,1
880,1.46,1
881,1.62,1
882,1.28,1
883,1.31,1
884,1.14,1
885,1.5,1
886,1.24,1
887,1.32,1
888,1.4,1
889,1.41,1
890,1.46,1
891,1.26,1
892,1.41,1
893,1.47,1
894,1.44,1
895,1.37,1
896,1.43,1
897,1.39,1
898,1.4,1
899,1.46,1
900,1.37,1
901,1.53,1
902,1.3,1
903,1.27,1
904,1.35,1
905,1.36,1
906,1.21,1
907,1.45,1
908,1.39,1
909,1.31,1
910,1.23,1
911,1.3,1
912,1.59,1
913,1.32,1
914,1.41,1
915,1.26,1
916,1.29,1
917,1.21,1
918,1.51,1
919,1.31,1
920,1.37,1
921,1.51,1
922,1.3,1
923,1.55,1
924,1.49,1
925,1.26,1
926,1.41,1
927,1.29,1
928,1.46,1
929,1.37,1
930,1.29,1
931,1.29,1
932,1.23,1
933,1.27,1
934,1.3,1
935,1.49,1
936,1.35,1
937,1.25,1
938,1.3,1
939,1.39,1
940,1.37,1
941,1.28,1
942,1.39,1
943,1.58,1
944,1.39,1
945,1.27,1
946,1.38,1
947,1.44,1
948,1.39,1
949,1.49,1
950,1.39,1
951,1.48,1
952,1.47,1
953,1.5,1
954,1.51,1
955,1.61,1
956,1.44,1
957,1.52,1
958,1.47,1
959,1.36,1
960,1.26,1
961,1.39,1
962,1.45,1
963,1.37,1
964,1.47,1
965,1.29,1
966,1.38,1
967,1.42,1
968,1.25,1
969,1.38,1
970,1.38,1
971,1.42,1
972,1.48,1
973,1.59,1
974,1.36,1
975,1.61,1
976,1.43,1
977,1.54,1
978,1.41,1
979,1.24,1
980,1.36,1
981,1.34,1
982,1.4,1
983,1.58,1
984,1.61,1
985,1.51,1
986,1.57,1
987,1.29,1
988,1.41,1
989,1.39,1
990,1.36,1
991,1.36,1
992,1.35,1
993,1.45,1
994,1.51,1
995,1.4,1
996,1.49,1
997,1.55,1
998,1.19,1
999,1.19,1
