Figure: small_2
File Number: 27
Nodes: 23
Edges: 71
Max Generations: 1000
Population Size: 100
Mutation Rate: 0.01
Colors Used: 5
Runtime: 0.06

Generation,Average Fitness,Best Fitness
0,18.44,10
1,16.73,9
2,15.7,8
3,15.33,7
4,14.54,7
5,14.44,6
6,13.07,6
7,12.26,6
8,11.68,6
9,11.15,5
10,10.8,5
11,10.47,5
12,9.9,5
13,9.22,5
14,8.33,4
15,7.69,4
16,7.07,3
17,6.48,3
18,5.56,3
19,5.12,3
20,4.76,3
21,4.23,3
22,3.98,3
23,3.75,3
24,3.59,3
25,3.32,3
26,3.28,3
27,3.39,3
28,3.32,3
29,3.35,3
30,3.35,3
31,3.43,3
32,3.3,3
33,3.19,3
34,3.42,3
35,3.18,3
36,3.2,3
37,3.37,3
38,3.28,3
39,3.44,3
40,3.35,3
41,3.37,3
42,3.24,3
43,3.41,3
44,3.32,3
45,3.49,3
46,3.21,3
47,3.27,3
48,3.17,3
49,3.34,3
50,3.14,3
51,3.32,3
52,3.34,3
53,3.3,3
54,3.27,3
55,3.38,3
56,3.42,3
57,3.3,3
58,3.38,3
59,3.28,3
60,3.22,3
61,3.37,3
62,3.34,3
63,3.29,3
64,3.27,3
65,3.24,3
66,3.19,3
67,3.34,3
68,3.33,3
69,3.35,3
70,3.32,3
71,3.22,3
72,3.35,3
73,3.34,3
74,3.16,3
75,3.36,3
76,3.35,3
77,3.48,3
78,3.28,3
79,3.39,3
80,3.25,3
81,3.34,3
82,3.33,3
83,3.24,3
84,3.31,3
85,3.27,3
86,3.35,3
87,3.37,3
88,3.34,3
89,3.37,3
90,3.35,3
91,3.32,3
92,3.32,3
93,3.39,3
94,3.49,3
95,3.28,3
96,3.14,3
97,3.34,3
98,3.4,3
99,3.29,3
100,3.33,3
101,3.37,3
102,3.42,3
103,3.37,3
104,3.29,3
105,3.48,3
106,3.55,3
107,3.64,3
108,3.62,3
109,3.55,3
110,3.43,3
111,3.56,3
112,3.25,3
113,3.25,3
114,3.52,3
115,3.09,3
116,3.37,3
117,3.28,3
118,3.46,3
119,3.28,3
120,3.44,2
121,3.36,2
122,3.14,2
123,3.23,2
124,3.15,2
125,3.14,2
126,2.94,2
127,2.66,2
128,2.56,2
129,2.42,2
130,2.46,2
131,2.35,2
132,2.26,2
133,2.23,2
134,2.46,2
135,2.37,2
136,2.53,2
137,2.27,2
138,2.52,2
139,2.31,2
140,2.2,2
141,2.26,2
142,2.49,2
143,2.3,2
144,2.19,2
145,2.35,2
146,2.3,2
147,2.39,2
148,2.45,2
149,2.27,2
150,2.31,2
151,2.24,2
152,2.27,2
153,2.38,2
154,2.37,2
155,2.4,2
156,2.45,2
157,2.29,2
158,2.33,2
159,2.36,2
160,2.37,2
161,2.35,2
162,2.34,2
163,2.19,2
164,2.41,2
165,2.32,2
166,2.52,2
167,2.37,2
168,2.33,2
169,2.39,2
170,2.35,2
171,2.46,2
172,2.55,2
173,2.47,2
174,2.3,2
175,2.32,2
176,2.24,2
177,2.27,2
178,2.38,2
179,2.39,2
180,2.39,2
181,2.26,2
182,2.32,2
183,2.35,2
184,2.38,2
185,2.39,2
186,2.41,2
187,2.31,2
188,2.47,2
189,2.27,2
190,2.49,2
191,2.4,2
192,2.37,2
193,2.6,2
194,2.39,2
195,2.34,2
196,2.32,2
197,2.43,2
198,2.27,2
199,2.28,2
200,2.4,2
201,2.32,2
202,2.29,2
203,2.35,2
204,2.25,2
205,2.32,2
206,2.43,2
207,2.4,2
208,2.23,2
209,2.31,2
210,2.28,2
211,2.4,2
212,2.34,2
213,2.3,2
214,2.27,1
215,2.29,1
216,2.06,1
217,2.25,1
218,2.16,1
219,2.18,1
220,2.11,1
221,1.74,1
222,1.59,1
223,1.42,1
224,1.29,1
225,1.25,1
226,1.28,1
227,1.56,1
228,1.41,1
229,1.42,1
230,1.31,1
231,1.51,1
232,1.44,1
233,1.58,1
234,1.42,1
235,1.19,1
236,1.33,1
237,1.31,1
238,1.35,1
239,1.15,1
240,1.27,1
241,1.22,1
242,1.47,1
243,1.38,1
244,1.41,1
245,1.44,1
246,1.51,1
247,1.4,1
248,1.29,1
249,1.37,1
250,1.28,1
251,1.48,1
252,1.27,1
253,1.19,1
254,1.45,1
255,1.3,1
256,1.31,1
257,1.48,1
258,1.33,1
259,1.36,1
260,1.39,1
261,1.42,1
262,1.3,1
263,1.37,1
264,1.61,1
265,1.35,1
266,1.28,1
267,1.28,1
268,1.32,1
269,1.38,1
270,1.32,1
271,1.3,1
272,1.25,1
273,1.41,1
274,1.34,1
275,1.37,1
276,1.41,1
277,1.37,1
278,1.43,1
279,1.51,1
280,1.46,1
281,1.22,1
282,1.27,1
283,1.24,1
284,1.35,1
285,1.33,1
286,1.62,1
287,1.31,1
288,1.45,1
289,1.46,1
290,1.48,1
291,1.49,1
292,1.34,1
293,1.44,1
294,1.38,1
295,1.31,1
296,1.37,1
297,1.3,1
298,1.35,1
299,1.37,1
300,1.44,1
301,1.43,1
302,1.46,1
303,1.38,1
304,1.56,1
305,1.31,1
306,1.46,1
307,1.4,1
308,1.51,1
309,1.57,1
310,1.31,1
311,1.59,1
312,1.51,1
313,1.25,1
314,1.16,1
315,1.59,1
316,1.3,1
317,1.37,1
318,1.37,1
319,1.34,1
320,1.46,1
321,1.31,1
322,1.41,1
323,1.49,1
324,1.35,1
325,1.21,1
326,1.27,1
327,1.35,1
328,1.48,1
329,1.45,1
330,1.38,1
331,1.32,1
332,1.5,1
333,1.22,1
334,1.39,1
335,1.29,1
336,1.36,1
337,1.44,1
338,1.31,1
339,1.32,1
340,1.45,1
341,1.46,1
342,1.39,1
343,1.24,1
344,1.37,1
345,1.37,1
346,1.4,1
347,1.45,1
348,1.12,1
349,1.27,1
350,1.07,1
351,1.15,1
352,1.35,1
353,1.31,1
354,1.12,1
355,1.35,1
356,1.55,1
357,1.63,1
358,1.53,1
359,1.32,1
360,1.19,1
361,1.39,1
362,1.31,1
363,1.21,1
364,1.41,1
365,1.51,1
366,1.48,1
367,1.32,1
368,1.3,1
369,1.17,1
370,1.34,1
371,1.2,1
372,1.44,1
373,1.33,1
374,1.33,1
375,1.31,1
376,1.3,1
377,1.31,1
378,1.36,1
379,1.34,1
380,1.28,1
381,1.42,1
382,1.38,1
383,1.42,1
384,1.39,1
385,1.35,1
386,1.34,1
387,1.25,1
388,1.21,1
389,1.39,1
390,1.27,1
391,1.25,1
392,1.44,1
393,1.47,1
394,1.48,1
395,1.45,1
396,1.58,1
397,1.37,1
398,1.47,1
399,1.32,1
400,1.22,1
401,1.54,1
402,1.3,1
403,1.49,1
404,1.25,1
405,1.29,1
406,1.39,1
407,1.38,1
408,1.51,1
409,1.43,1
410,1.51,1
411,1.52,1
412,1.61,1
413,1.42,1
414,1.28,1
415,1.27,1
416,1.37,1
417,1.49,1
418,1.36,1
419,1.36,1
420,1.43,1
421,1.3,1
422,1.4,1
423,1.38,1
424,1.31,1
425,1.4,1
426,1.32,1
427,1.36,1
428,1.35,1
429,1.45,1
430,1.36,1
431,1.38,1
432,1.28,1
433,1.27,1
434,1.41,1
435,1.55,1
436,1.47,1
437,1.2,1
438,1.41,1
439,1.38,1
440,1.41,1
441,1.44,1
442,1.39,1
443,1.28,1
444,1.37,1
445,1.51,1
446,1.33,1
447,1.31,1
448,1.27,1
449,1.16,1
450,1.36,1
451,1.23,1
452,1.22,1
453,1.46,1
454,1.36,1
455,1.31,1
456,1.25,1
457,1.31,1
458,1.48,1
459,1.69,1
460,1.31,1
461,1.26,1
462,1.32,1
463,1.44,1
464,1.33,1
465,1.36,1
466,1.43,1
467,1.49,1
468,1.51,1
469,1.48,1
470,1.42,1
471,1.49,1
472,1.44,1
473,1.5,1
474,1.56,1
475,1.76,1
476,1.52,1
477,1.52,1
478,1.6,1
479,1.4,1
480,1.32,1
481,1.3,1
482,1.59,1
483,1.47,1
484,1.25,1
485,1.46,1
486,1.19,1
487,1.39,1
488,1.43,1
489,1.33,1
490,1.3,1
491,1.36,1
492,1.5,1
493,1.46,1
494,1.35,1
495,1.44,1
496,1.42,1
497,1.19,1
498,1.37,1
499,1.55,1
500,1.36,1
501,1.49,1
502,1.51,1
503,1.49,1
504,1.32,1
505,1.57,1
506,1.39,1
507,1.37,1
508,1.28,1
509,1.62,1
510,1.55,1
511,1.28,1
512,1.23,1
513,1.25,1
514,1.36,1
515,1.34,1
516,1.35,1
517,1.68,1
518,1.27,1
519,1.41,1
520,1.48,1
521,1.43,1
522,1.21,1
523,1.43,1
524,1.51,1
525,1.41,1
526,1.27,1
527,1.31,1
528,1.42,1
529,1.65,1
530,1.41,1
531,1.32,1
532,1.33,1
533,1.38,1
534,1.53,1
535,1.4,1
536,1.44,1
537,1.4,1
538,1.37,1
539,1.41,1
540,1.26,1
541,1.22,1
542,1.35,1
543,1.5,1
544,1.48,1
545,1.31,1
546,1.57,1
547,1.26,1
548,1.36,1
549,1.43,1
550,1.38,1
551,1.19,1
552,1.35,1
553,1.48,1
554,1.39,1
555,1.19,1
556,1.36,1
557,1.35,1
558,1.24,1
559,1.39,1
560,1.31,1
561,1.31,1
562,1.45,1
563,1.32,1
564,1.36,1
565,1.43,1
566,1.46,1
567,1.27,1
568,1.23,1
569,1.34,1
570,1.4,1
571,1.35,1
572,1.45,1
573,1.29,1
574,1.41,1
575,1.58,1
576,1.27,1
577,1.53,1
578,1.43,1
579,1.27,1
580,1.39,1
581,1.54,1
582,1.52,1
583,1.15,1
584,1.33,1
585,1.38,1
586,1.25,1
587,1.44,1
588,1.39,1
589,1.62,1
590,1.47,1
591,1.42,1
592,1.35,1
593,1.15,1
594,1.21,1
595,1.45,1
596,1.4,1
597,1.64,1
598,1.6,1
599,1.35,1
600,1.45,1
601,1.47,1
602,1.31,1
603,1.4,1
604,1.35,1
605,1.26,1
606,1.42,1
607,1.28,1
608,1.39,1
609,1.31,1
610,1.17,1
611,1.31,1
612,1.29,1
613,1.29,1
614,1.21,1
615,1.27,1
616,1.25,1
617,1.35,1
618,1.49,1
619,1.4,1
620,1.34,1
621,1.55,1
622,1.4,1
623,1.33,1
624,1.32,1
625,1.41,1
626,1.47,1
627,1.23,1
628,1.29,1
629,1.45,1
630,1.46,1
631,1.43,1
632,1.47,1
633,1.5,1
634,1.33,1
635,1.42,1
636,1.43,1
637,1.4,1
638,1.47,1
639,1.42,1
640,1.65,1
641,1.38,1
642,1.54,1
643,1.25,1
644,1.37,1
645,1.46,1
646,1.57,1
647,1.39,1
648,1.41,1
649,1.41,1
650,1.54,1
651,1.59,1
652,1.42,1
653,1.53,1
654,1.27,1
655,1.38,1
656,1.33,1
657,1.33,1
658,1.27,1
659,1.47,1
660,1.38,1
661,1.35,1
662,1.33,1
663,1.24,1
664,1.49,1
665,1.5,1
666,1.48,1
667,1.16,1
668,1.43,1
669,1.27,1
670,1.4,1
671,1.4,1
672,1.35,1
673,1.24,1
674,1.27,1
675,1.35,1
676,1.31,1
677,1.53,1
678,1.51,1
679,1.41,1
680,1.24,1
681,1.41,1
682,1.38,1
683,1.57,1
684,1.39,1
685,1.23,1
686,1.35,1
687,1.42,1
688,1.67,1
689,1.36,1
690,1.37,1
691,1.31,1
692,1.52,1
693,1.25,1
694,1.21,1
695,1.33,1
696,1.36,1
697,1.37,1
698,1.42,1
699,1.41,1
700,1.35,1
701,1.39,1
702,1.3,1
703,1.43,1
704,1.24,1
705,1.3,1
706,1.27,1
707,1.27,1
708,1.53,1
709,1.59,1
710,1.42,1
711,1.37,1
712,1.48,1
713,1.62,1
714,1.48,1
715,1.4,1
716,1.48,1
717,1.48,1
718,1.43,1
719,1.49,1
720,1.34,1
721,1.53,1
722,1.27,1
723,1.35,1
724,1.29,1
725,1.28,1
726,1.3,1
727,1.29,1
728,1.28,1
729,1.2,1
730,1.35,1
731,1.32,1
732,1.39,1
733,1.52,1
734,1.39,1
735,1.59,1
736,1.46,1
737,1.54,1
738,1.17,1
739,1.51,1
740,1.18,1
741,1.5,1
742,1.42,1
743,1.34,1
744,1.48,1
745,1.17,1
746,1.34,1
747,1.42,1
748,1.4,1
749,1.58,1
750,1.37,1
751,1.18,1
752,1.26,1
753,1.44,1
754,1.56,1
755,1.58,1
756,1.44,1
757,1.33,1
758,1.41,1
759,1.29,1
760,1.33,1
761,1.44,1
762,1.38,1
763,1.52,1
764,1.37,1
765,1.36,1
766,1.44,1
767,1.41,1
768,1.35,1
769,1.25,1
770,1.45,1
771,1.35,1
772,1.22,1
773,1.18,1
774,1.3,1
775,1.37,1
776,1.25,1
777,1.19,1
778,1.25,1
779,1.34,1
780,1.36,1
781,1.39,1
782,1.37,1
783,1.46,1
784,1.31,1
785,1.29,1
786,1.32,1
787,1.49,1
788,1.42,1
789,1.35,1
790,1.58,1
791,1.34,1
792,1.32,1
793,1.31,1
794,1.37,1
795,1.43,1
796,1.26,1
797,1.33,1
798,1.22,1
799,1.32,1
800,1.35,1
801,1.27,1
802,1.48,1
803,1.33,1
804,1.37,1
805,1.29,1
806,1.24,1
807,1.3,1
808,1.59,1
809,1.42,1
810,1.42,1
811,1.36,1
812,1.26,1
813,1.34,1
814,1.14,1
815,1.54,1
816,1.46,1
817,1.3,1
818,1.36,1
819,1.65,1
820,1.47,1
821,1.28,1
822,1.19,1
823,1.4,1
824,1.25,1
825,1.39,1
826,1.25,1
827,1.31,1
828,1.22,1
829,1.43,1
830,1.5,1
831,1.36,1
832,1.46,1
833,1.12,1
834,1.23,1
835,1.33,1
836,1.43,1
837,1.7,1
838,1.35,1
839,1.21,1
840,1.31,1
841,1.3,1
842,1.37,1
843,1.36,1
844,1.3,1
845,1.36,1
846,1.37,1
847,1.27,1
848,1.38,1
849,1.54,1
850,1.51,1
851,1.52,1
852,1.34,1
853,1.48,1
854,1.42,1
855,1.69,1
856,1.49,1
857,1.39,1
858,1.42,1
859,1.5,1
860,1.37,1
861,1.35,1
862,1.27,1
863,1.29,1
864,1.24,1
865,1.28,1
866,1.27,1
867,1.33,1
868,1.28,1
869,1.27,1
870,1.27,1
871,1.29,1
872,1.31,1
873,1.35,1
874,1.37,1
875,1.34,1
876,1.41,1
877,1.31,1
878,1.53,1
879,1.46,1
880,1.53,1
881,1.46,1
882,1.38,1
883,1.37,1
884,1.42,1
885,1.35,1
886,1.37,1
887,1.25,1
888,1.23,1
889,1.22,1
890,1.37,1
891,1.31,1
892,1.4,1
893,1.15,1
894,1.35,1
895,1.37,1
896,1.32,1
897,1.29,1
898,1.42,1
899,1.36,1
900,1.15,1
901,1.44,1
902,1.27,1
903,1.44,1
904,1.29,1
905,1.22,1
906,1.35,1
907,1.28,1
908,1.31,1
909,1.3,1
910,1.29,1
911,1.22,1
912,1.43,1
913,1.51,1
914,1.49,1
915,1.43,1
916,1.44,1
917,1.55,1
918,1.41,1
919,1.25,1
920,1.38,1
921,1.2,1
922,1.53,1
923,1.46,1
924,1.17,1
925,1.43,1
926,1.53,1
927,1.43,1
928,1.31,1
929,1.39,1
930,1.34,1
931,1.44,1
932,1.26,1
933,1.19,1
934,1.14,1
935,1.36,1
936,1.5,1
937,1.43,1
938,1.34,1
939,1.41,1
940,1.47,1
941,1.56,1
942,1.34,1
943,1.27,1
944,1.37,1
945,1.45,1
946,1.22,1
947,1.32,1
948,1.4,1
949,1.65,1
950,1.74,1
951,1.54,1
952,1.49,1
953,1.18,1
954,1.53,1
955,1.6,1
956,1.44,1
957,1.32,1
958,1.24,1
959,1.46,1
960,1.33,1
961,1.57,1
962,1.32,1
963,1.32,1
964,1.38,1
965,1.3,1
966,1.33,1
967,1.34,1
968,1.36,1
969,1.37,1
970,1.17,1
971,1.34,1
972,1.43,1
973,1.27,1
974,1.43,1
975,1.33,1
976,1.26,1
977,1.26,1
978,1.46,1
979,1.56,1
980,1.43,1
981,1.3,1
982,1.33,1
983,1.39,1
984,1.26,1
985,1.28,1
986,1.46,1
987,1.34,1
988,1.21,1
989,1.49,1
990,1.43,1
991,1.33,1
992,1.24,1
993,1.44,1
994,1.41,1
995,1.32,1
996,1.59,1
997,1.39,1
998,1.27,1
999,1.42,1
