Figure: small_2
File Number: 6
Nodes: 23
Edges: 71
Max Generations: 1000
Population Size: 100
Mutation Rate: 0.01
Colors Used: 5
Runtime: 0.04

Generation,Average Fitness,Best Fitness
0,17.39,9
1,16.8,9
2,15.61,8
3,14.69,8
4,14.16,8
5,13.93,6
6,13.41,6
7,13.28,5
8,12.8,5
9,12.51,5
10,12.9,5
11,12.95,5
12,12.32,5
13,11.46,5
14,10.31,5
15,9.74,5
16,9.63,5
17,9.21,4
18,9.0,3
19,8.45,3
20,8.12,3
21,7.68,3
22,7.13,3
23,6.46,2
24,5.88,2
25,5.05,2
26,4.57,2
27,4.43,1
28,3.67,1
29,3.12,1
30,2.84,1
31,2.39,1
32,2.24,1
33,1.86,1
34,1.9,1
35,1.83,1
36,1.7,1
37,1.54,1
38,1.48,1
39,1.38,1
40,1.44,1
41,1.32,1
42,1.37,1
43,1.39,1
44,1.5,1
45,1.61,1
46,1.51,1
47,1.48,1
48,1.44,1
49,1.56,1
50,1.53,1
51,1.52,1
52,1.41,1
53,1.29,1
54,1.42,1
55,1.6,1
56,1.44,1
57,1.41,1
58,1.69,1
59,1.69,1
60,1.48,1
61,1.45,1
62,1.38,1
63,1.4,1
64,1.36,1
65,1.46,1
66,1.4,1
67,1.4,1
68,1.34,1
69,1.21,1
70,1.39,1
71,1.22,1
72,1.43,1
73,1.61,1
74,1.44,1
75,1.21,1
76,1.54,1
77,1.54,1
78,1.37,1
79,1.26,1
80,1.45,1
81,1.24,1
82,1.48,1
83,1.22,1
84,1.3,1
85,1.22,1
86,1.43,1
87,1.46,1
88,1.47,1
89,1.24,1
90,1.54,1
91,1.37,1
92,1.59,1
93,1.31,1
94,1.32,1
95,1.36,1
96,1.28,1
97,1.44,1
98,1.54,1
99,1.6,1
100,1.33,1
101,1.38,1
102,1.21,1
103,1.52,1
104,1.54,1
105,1.32,1
106,1.31,1
107,1.3,1
108,1.29,1
109,1.28,1
110,1.37,1
111,1.36,1
112,1.45,1
113,1.3,1
114,1.29,1
115,1.46,1
116,1.27,1
117,1.51,1
118,1.49,1
119,1.42,1
120,1.47,1
121,1.3,1
122,1.38,1
123,1.43,1
124,1.33,1
125,1.29,1
126,1.27,1
127,1.41,1
128,1.41,1
129,1.34,1
130,1.55,1
131,1.37,1
132,1.4,1
133,1.53,1
134,1.37,1
135,1.49,1
136,1.38,1
137,1.22,1
138,1.41,1
139,1.48,1
140,1.46,1
141,1.67,1
142,1.62,1
143,1.55,1
144,1.45,1
145,1.29,1
146,1.37,1
147,1.38,1
148,1.32,1
149,1.41,1
150,1.52,1
151,1.45,1
152,1.37,1
153,1.35,1
154,1.32,1
155,1.44,1
156,1.41,1
157,1.53,1
158,1.5,1
159,1.55,1
160,1.37,1
161,1.4,1
162,1.46,1
163,1.38,1
164,1.47,1
165,1.36,1
166,1.45,1
167,1.42,1
168,1.44,1
169,1.41,1
170,1.5,1
171,1.35,1
172,1.36,1
173,1.36,1
174,1.37,1
175,1.52,1
176,1.43,1
177,1.33,1
178,1.43,1
179,1.4,1
180,1.45,1
181,1.36,1
182,1.37,1
183,1.58,1
184,1.39,1
185,1.54,1
186,1.52,1
187,1.41,1
188,1.23,1
189,1.37,1
190,1.37,1
191,1.44,1
192,1.4,1
193,1.21,1
194,1.41,1
195,1.22,1
196,1.39,1
197,1.37,1
198,1.32,1
199,1.3,1
200,1.46,1
201,1.43,1
202,1.26,1
203,1.46,1
204,1.42,1
205,1.57,1
206,1.45,1
207,1.41,1
208,1.38,1
209,1.37,1
210,1.41,1
211,1.35,1
212,1.25,1
213,1.33,1
214,1.44,1
215,1.3,1
216,1.16,1
217,1.17,1
218,1.56,1
219,1.38,1
220,1.24,1
221,1.29,1
222,1.23,1
223,1.29,1
224,1.34,1
225,1.24,1
226,1.34,1
227,1.33,1
228,1.3,1
229,1.34,1
230,1.3,1
231,1.29,1
232,1.16,1
233,1.27,1
234,1.25,1
235,1.34,1
236,1.42,1
237,1.44,1
238,1.28,1
239,1.2,1
240,1.21,1
241,1.16,1
242,1.29,1
243,1.27,1
244,1.26,1
245,1.34,1
246,1.24,1
247,1.4,1
248,1.37,1
249,1.46,1
250,1.32,1
251,1.28,1
252,1.26,1
253,1.62,1
254,1.68,1
255,1.43,1
256,1.29,1
257,1.44,1
258,1.36,1
259,1.5,1
260,1.36,1
261,1.49,1
262,1.51,1
263,1.41,1
264,1.32,1
265,1.33,1
266,1.41,1
267,1.42,1
268,1.72,1
269,1.39,1
270,1.38,1
271,1.19,1
272,1.4,1
273,1.44,1
274,1.6,1
275,1.51,1
276,1.44,1
277,1.34,1
278,1.47,1
279,1.39,1
280,1.25,1
281,1.51,1
282,1.17,1
283,1.64,1
284,1.28,1
285,1.45,1
286,1.59,1
287,1.54,1
288,1.65,1
289,1.42,1
290,1.42,1
291,1.36,1
292,1.38,1
293,1.32,1
294,1.46,1
295,1.68,1
296,1.5,1
297,1.32,1
298,1.54,1
299,1.39,1
300,1.45,1
301,1.29,1
302,1.49,1
303,1.38,1
304,1.56,1
305,1.61,1
306,1.42,1
307,1.56,1
308,1.19,1
309,1.3,1
310,1.44,1
311,1.34,1
312,1.3,1
313,1.53,1
314,1.45,1
315,1.5,1
316,1.31,1
317,1.18,1
318,1.33,1
319,1.29,1
320,1.35,1
321,1.52,1
322,1.37,1
323,1.36,1
324,1.42,1
325,1.4,1
326,1.51,1
327,1.55,1
328,1.32,1
329,1.31,1
330,1.26,1
331,1.38,1
332,1.32,1
333,1.43,1
334,1.21,1
335,1.35,1
336,1.52,1
337,1.33,1
338,1.51,1
339,1.15,1
340,1.41,1
341,1.27,1
342,1.49,1
343,1.39,1
344,1.24,1
345,1.25,1
346,1.21,1
347,1.46,1
348,1.3,1
349,1.18,1
350,1.23,1
351,1.29,1
352,1.21,1
353,1.43,1
354,1.26,1
355,1.36,1
356,1.46,1
357,1.41,1
358,1.36,1
359,1.39,1
360,1.17,1
361,1.45,1
362,1.24,1
363,1.29,1
364,1.3,1
365,1.49,1
366,1.42,1
367,1.36,1
368,1.45,1
369,1.17,1
370,1.41,1
371,1.51,1
372,1.32,1
373,1.24,1
374,1.19,1
375,1.32,1
376,1.24,1
377,1.23,1
378,1.47,1
379,1.38,1
380,1.39,1
381,1.32,1
382,1.56,1
383,1.23,1
384,1.29,1
385,1.35,1
386,1.52,1
387,1.3,1
388,1.48,1
389,1.31,1
390,1.43,1
391,1.4,1
392,1.31,1
393,1.45,1
394,1.35,1
395,1.51,1
396,1.36,1
397,1.24,1
398,1.46,1
399,1.43,1
400,1.33,1
401,1.42,1
402,1.43,1
403,1.37,1
404,1.48,1
405,1.27,1
406,1.29,1
407,1.49,1
408,1.32,1
409,1.49,1
410,1.32,1
411,1.35,1
412,1.41,1
413,1.36,1
414,1.08,1
415,1.4,1
416,1.3,1
417,1.35,1
418,1.21,1
419,1.28,1
420,1.29,1
421,1.24,1
422,1.26,1
423,1.36,1
424,1.38,1
425,1.38,1
426,1.38,1
427,1.46,1
428,1.13,1
429,1.35,1
430,1.54,1
431,1.53,1
432,1.45,1
433,1.31,1
434,1.34,1
435,1.4,1
436,1.3,1
437,1.33,1
438,1.2,1
439,1.34,1
440,1.42,1
441,1.28,1
442,1.45,1
443,1.42,1
444,1.5,1
445,1.29,1
446,1.49,1
447,1.3,1
448,1.39,1
449,1.31,1
450,1.32,1
451,1.37,1
452,1.32,1
453,1.5,1
454,1.37,1
455,1.41,1
456,1.37,1
457,1.41,1
458,1.34,1
459,1.6,1
460,1.19,1
461,1.36,1
462,1.46,1
463,1.29,1
464,1.6,1
465,1.44,1
466,1.3,1
467,1.3,1
468,1.26,1
469,1.26,1
470,1.14,1
471,1.24,1
472,1.35,1
473,1.39,1
474,1.41,1
475,1.37,1
476,1.28,1
477,1.2,1
478,1.26,1
479,1.36,1
480,1.4,1
481,1.47,1
482,1.46,1
483,1.44,1
484,1.27,1
485,1.46,1
486,1.47,1
487,1.43,1
488,1.46,1
489,1.31,1
490,1.13,1
491,1.35,1
492,1.57,1
493,1.43,1
494,1.38,1
495,1.3,1
496,1.29,1
497,1.33,1
498,1.24,1
499,1.26,1
500,1.27,1
501,1.46,1
502,1.17,1
503,1.33,1
504,1.38,1
505,1.2,1
506,1.45,1
507,1.33,1
508,1.47,1
509,1.43,1
510,1.26,1
511,1.28,1
512,1.35,1
513,1.25,1
514,1.31,1
515,1.33,1
516,1.44,1
517,1.39,1
518,1.4,1
519,1.35,1
520,1.59,1
521,1.29,1
522,1.23,1
523,1.31,1
524,1.28,1
525,1.27,1
526,1.15,1
527,1.28,1
528,1.69,1
529,1.39,1
530,1.49,1
531,1.55,1
532,1.35,1
533,1.55,1
534,1.56,1
535,1.52,1
536,1.41,1
537,1.32,1
538,1.35,1
539,1.55,1
540,1.28,1
541,1.24,1
542,1.48,1
543,1.31,1
544,1.45,1
545,1.43,1
546,1.37,1
547,1.47,1
548,1.54,1
549,1.46,1
550,1.32,1
551,1.31,1
552,1.64,1
553,1.55,1
554,1.45,1
555,1.38,1
556,1.37,1
557,1.3,1
558,1.36,1
559,1.27,1
560,1.47,1
561,1.26,1
562,1.32,1
563,1.54,1
564,1.6,1
565,1.32,1
566,1.45,1
567,1.25,1
568,1.29,1
569,1.36,1
570,1.38,1
571,1.34,1
572,1.36,1
573,1.4,1
574,1.38,1
575,1.4,1
576,1.36,1
577,1.34,1
578,1.33,1
579,1.25,1
580,1.46,1
581,1.48,1
582,1.2,1
583,1.49,1
584,1.55,1
585,1.22,1
586,1.15,1
587,1.21,1
588,1.33,1
589,1.23,1
590,1.46,1
591,1.36,1
592,1.25,1
593,1.38,1
594,1.31,1
595,1.36,1
596,1.4,1
597,1.31,1
598,1.18,1
599,1.28,1
600,1.29,1
601,1.42,1
602,1.31,1
603,1.44,1
604,1.53,1
605,1.45,1
606,1.36,1
607,1.35,1
608,1.58,1
609,1.54,1
610,1.32,1
611,1.35,1
612,1.39,1
613,1.72,1
614,1.39,1
615,1.43,1
616,1.18,1
617,1.25,1
618,1.31,1
619,1.4,1
620,1.49,1
621,1.22,1
622,1.3,1
623,1.33,1
624,1.3,1
625,1.26,1
626,1.39,1
627,1.38,1
628,1.27,1
629,1.32,1
630,1.36,1
631,1.43,1
632,1.2,1
633,1.43,1
634,1.43,1
635,1.39,1
636,1.43,1
637,1.59,1
638,1.61,1
639,1.44,1
640,1.41,1
641,1.32,1
642,1.52,1
643,1.35,1
644,1.64,1
645,1.39,1
646,1.37,1
647,1.33,1
648,1.35,1
649,1.34,1
650,1.46,1
651,1.44,1
652,1.35,1
653,1.3,1
654,1.42,1
655,1.16,1
656,1.38,1
657,1.33,1
658,1.37,1
659,1.43,1
660,1.42,1
661,1.39,1
662,1.43,1
663,1.27,1
664,1.48,1
665,1.41,1
666,1.57,1
667,1.29,1
668,1.23,1
669,1.22,1
670,1.37,1
671,1.5,1
672,1.4,1
673,1.25,1
674,1.29,1
675,1.17,1
676,1.17,1
677,1.23,1
678,1.38,1
679,1.41,1
680,1.17,1
681,1.29,1
682,1.48,1
683,1.52,1
684,1.25,1
685,1.37,1
686,1.51,1
687,1.21,1
688,1.31,1
689,1.48,1
690,1.55,1
691,1.33,1
692,1.25,1
693,1.47,1
694,1.43,1
695,1.42,1
696,1.37,1
697,1.27,1
698,1.4,1
699,1.25,1
700,1.42,1
701,1.34,1
702,1.33,1
703,1.51,1
704,1.47,1
705,1.54,1
706,1.42,1
707,1.33,1
708,1.5,1
709,1.28,1
710,1.42,1
711,1.3,1
712,1.46,1
713,1.4,1
714,1.3,1
715,1.36,1
716,1.22,1
717,1.47,1
718,1.61,1
719,1.47,1
720,1.4,1
721,1.34,1
722,1.38,1
723,1.46,1
724,1.32,1
725,1.13,1
726,1.3,1
727,1.35,1
728,1.31,1
729,1.35,1
730,1.44,1
731,1.58,1
732,1.4,1
733,1.26,1
734,1.31,1
735,1.53,1
736,1.44,1
737,1.32,1
738,1.27,1
739,1.36,1
740,1.28,1
741,1.25,1
742,1.29,1
743,1.32,1
744,1.73,1
745,1.52,1
746,1.31,1
747,1.24,1
748,1.21,1
749,1.32,1
750,1.43,1
751,1.56,1
752,1.39,1
753,1.18,1
754,1.36,1
755,1.46,1
756,1.38,1
757,1.39,1
758,1.32,1
759,1.34,1
760,1.35,1
761,1.37,1
762,1.26,1
763,1.55,1
764,1.67,1
765,1.25,1
766,1.33,1
767,1.42,1
768,1.31,1
769,1.49,1
770,1.35,1
771,1.27,1
772,1.53,1
773,1.29,1
774,1.12,1
775,1.29,1
776,1.42,1
777,1.25,1
778,1.47,1
779,1.36,1
780,1.28,1
781,1.39,1
782,1.28,1
783,1.42,1
784,1.27,1
785,1.37,1
786,1.22,1
787,1.35,1
788,1.29,1
789,1.22,1
790,1.38,1
791,1.34,1
792,1.18,1
793,1.3,1
794,1.32,1
795,1.41,1
796,1.3,1
797,1.12,1
798,1.32,1
799,1.22,1
800,1.45,1
801,1.42,1
802,1.39,1
803,1.53,1
804,1.22,1
805,1.38,1
806,1.38,1
807,1.36,1
808,1.41,1
809,1.38,1
810,1.43,1
811,1.34,1
812,1.44,1
813,1.5,1
814,1.44,1
815,1.3,1
816,1.51,1
817,1.31,1
818,1.48,1
819,1.4,1
820,1.18,1
821,1.35,1
822,1.35,1
823,1.22,1
824,1.39,1
825,1.29,1
826,1.41,1
827,1.31,1
828,1.41,1
829,1.37,1
830,1.4,1
831,1.36,1
832,1.5,1
833,1.41,1
834,1.59,1
835,1.48,1
836,1.38,1
837,1.48,1
838,1.61,1
839,1.47,1
840,1.36,1
841,1.23,1
842,1.29,1
843,1.38,1
844,1.41,1
845,1.37,1
846,1.39,1
847,1.39,1
848,1.46,1
849,1.23,1
850,1.21,1
851,1.44,1
852,1.27,1
853,1.38,1
854,1.33,1
855,1.39,1
856,1.45,1
857,1.42,1
858,1.28,1
859,1.27,1
860,1.13,1
861,1.48,1
862,1.55,1
863,1.58,1
864,1.42,1
865,1.65,1
866,1.32,1
867,1.32,1
868,1.31,1
869,1.39,1
870,1.24,1
871,1.29,1
872,1.34,1
873,1.5,1
874,1.46,1
875,1.17,1
876,1.27,1
877,1.22,1
878,1.43,1
879,1.46,1
880,1.48,1
881,1.18,1
882,1.32,1
883,1.32,1
884,1.36,1
885,1.44,1
886,1.29,1
887,1.18,1
888,1.45,1
889,1.34,1
890,1.37,1
891,1.3,1
892,1.31,1
893,1.4,1
894,1.34,1
895,1.32,1
896,1.23,1
897,1.27,1
898,1.37,1
899,1.48,1
900,1.33,1
901,1.36,1
902,1.39,1
903,1.16,1
904,1.49,1
905,1.31,1
906,1.54,1
907,1.54,1
908,1.29,1
909,1.34,1
910,1.42,1
911,1.38,1
912,1.42,1
913,1.51,1
914,1.3,1
915,1.39,1
916,1.31,1
917,1.34,1
918,1.43,1
919,1.29,1
920,1.36,1
921,1.4,1
922,1.46,1
923,1.38,1
924,1.48,1
925,1.26,1
926,1.4,1
927,1.27,1
928,1.38,1
929,1.24,1
930,1.43,1
931,1.35,1
932,1.37,1
933,1.5,1
934,1.48,1
935,1.47,1
936,1.45,1
937,1.55,1
938,1.45,1
939,1.38,1
940,1.42,1
941,1.4,1
942,1.26,1
943,1.48,1
944,1.3,1
945,1.47,1
946,1.21,1
947,1.27,1
948,1.37,1
949,1.36,1
950,1.32,1
951,1.45,1
952,1.3,1
953,1.39,1
954,1.42,1
955,1.59,1
956,1.42,1
957,1.57,1
958,1.33,1
959,1.33,1
960,1.27,1
961,1.34,1
962,1.27,1
963,1.35,1
964,1.42,1
965,1.38,1
966,1.38,1
967,1.39,1
968,1.47,1
969,1.32,1
970,1.31,1
971,1.53,1
972,1.44,1
973,1.41,1
974,1.28,1
975,1.82,1
976,1.52,1
977,1.52,1
978,1.29,1
979,1.37,1
980,1.23,1
981,1.27,1
982,1.28,1
983,1.46,1
984,1.45,1
985,1.48,1
986,1.2,1
987,1.5,1
988,1.16,1
989,1.43,1
990,1.43,1
991,1.26,1
992,1.26,1
993,1.29,1
994,1.52,1
995,1.43,1
996,1.51,1
997,1.19,1
998,1.28,1
999,1.48,1
