Figure: small_2
File Number: 8
Max Generations: 1000
Population Size: 100
Mutation Rate: 0.02
Colors Used: 5
Runtime: 0.2523 s

Generation,Average Fitness,Best Fitness
0,37.04,20
1,32.32,12
2,31.5,12
3,30.68,12
4,29.98,12
5,28.08,12
6,28.48,12
7,27.76,12
8,27.04,12
9,26.04,10
10,24.08,8
11,23.0,8
12,22.12,8
13,20.58,8
14,19.66,8
15,18.22,8
16,16.66,8
17,14.9,8
18,14.02,8
19,13.22,8
20,12.0,8
21,11.68,8
22,11.7,4
23,10.38,4
24,10.54,4
25,10.58,4
26,10.12,4
27,8.64,4
28,9.22,4
29,8.78,4
30,7.12,4
31,6.98,4
32,7.1,2
33,5.94,2
34,5.64,2
35,5.48,2
36,5.72,2
37,6.12,2
38,5.74,2
39,5.6,2
40,5.84,2
41,4.96,2
42,5.28,2
43,4.94,2
44,4.88,2
45,4.42,2
46,4.36,2
47,4.06,2
48,3.44,2
49,3.9,2
50,4.4,2
51,4.08,2
52,4.44,2
53,4.44,2
54,4.04,2
55,3.88,2
56,3.98,2
57,4.44,2
58,3.5,2
59,3.42,2
60,3.74,2
61,4.02,2
62,4.14,2
63,4.0,2
64,4.38,2
65,4.26,2
66,3.66,2
67,3.5,2
68,3.42,2
69,4.06,2
70,4.08,2
71,3.58,2
72,3.4,2
73,3.7,2
74,3.24,2
75,3.72,2
76,4.06,2
77,3.76,2
78,3.56,2
79,4.0,2
80,4.16,2
81,3.66,2
82,3.86,2
83,3.56,2
84,3.56,2
85,3.66,2
86,2.86,2
87,3.64,2
88,3.4,2
89,3.4,2
90,3.18,2
91,4.04,2
92,4.06,2
93,4.42,2
94,4.44,2
95,4.0,2
96,4.0,2
97,3.64,2
98,3.7,2
99,3.94,2
100,4.1,2
101,4.16,2
102,3.46,2
103,3.68,2
104,3.48,2
105,3.58,2
106,3.82,2
107,3.54,2
108,3.64,2
109,4.04,2
110,4.0,2
111,3.88,2
112,3.78,2
113,3.78,2
114,3.4,2
115,3.22,2
116,3.32,2
117,3.48,2
118,3.64,2
119,3.84,2
120,3.86,2
121,3.22,2
122,3.44,2
123,3.52,2
124,3.48,2
125,3.6,2
126,3.72,2
127,3.02,2
128,3.5,2
129,3.38,2
130,4.08,2
131,3.3,2
132,3.4,2
133,3.52,2
134,3.2,2
135,3.24,2
136,3.46,2
137,3.7,2
138,3.46,2
139,3.62,2
140,4.02,2
141,4.26,2
142,4.3,2
143,3.46,2
144,3.9,2
145,3.94,2
146,3.88,2
147,3.92,2
148,3.68,2
149,3.22,2
150,3.22,2
151,3.82,2
152,3.64,2
153,3.72,2
154,3.8,2
155,3.58,2
156,3.24,2
157,3.54,2
158,3.72,2
159,3.7,2
160,3.96,2
161,4.06,2
162,3.68,2
163,3.8,2
164,3.48,2
165,3.66,2
166,3.84,2
167,3.72,2
168,3.82,2
169,4.02,2
170,3.66,2
171,3.82,2
172,3.42,2
173,3.18,2
174,3.66,2
175,4.34,2
176,3.72,2
177,3.64,2
178,3.86,2
179,3.74,2
180,4.1,2
181,3.98,2
182,3.96,2
183,3.36,2
184,3.2,2
185,3.66,2
186,4.02,2
187,4.72,2
188,4.54,2
189,3.76,2
190,3.82,2
191,3.72,2
192,3.52,2
193,3.06,2
194,3.62,2
195,3.5,2
196,3.8,2
197,4.16,2
198,3.68,2
199,4.06,2
200,4.5,2
201,3.96,2
202,3.78,2
203,3.58,2
204,3.94,2
205,3.88,2
206,3.9,2
207,3.96,2
208,3.82,2
209,3.36,2
210,3.38,2
211,2.9,2
212,3.24,2
213,3.7,2
214,3.88,2
215,4.0,2
216,3.76,2
217,3.94,2
218,3.82,2
219,3.84,2
220,4.18,2
221,3.72,2
222,4.14,2
223,4.34,2
224,4.08,2
225,3.72,2
226,3.36,2
227,4.04,2
228,3.78,2
229,3.48,2
230,4.14,2
231,3.84,2
232,3.72,2
233,3.32,2
234,3.5,2
235,3.24,2
236,3.66,2
237,3.96,2
238,3.66,2
239,3.6,2
240,3.34,2
241,3.74,2
242,4.12,2
243,3.74,2
244,3.62,2
245,3.66,2
246,3.6,2
247,3.28,2
248,3.62,2
249,3.7,2
250,4.0,2
251,4.26,2
252,3.9,2
253,3.5,2
254,3.5,2
255,3.38,2
256,3.52,2
257,3.58,2
258,3.7,2
259,3.62,2
260,3.72,2
261,3.98,2
262,3.22,2
263,3.84,2
264,3.82,2
265,3.62,2
266,3.54,2
267,3.82,2
268,3.76,2
269,3.4,2
270,4.06,2
271,3.72,2
272,3.76,2
273,4.02,2
274,3.66,2
275,3.52,2
276,3.38,2
277,3.86,2
278,3.64,2
279,3.38,2
280,3.44,2
281,3.42,2
282,3.58,2
283,3.5,2
284,3.54,2
285,3.7,2
286,3.64,2
287,3.56,2
288,3.12,2
289,3.12,2
290,3.5,2
291,3.58,2
292,3.62,2
293,3.78,2
294,3.42,2
295,3.34,2
296,3.84,2
297,3.84,2
298,3.62,2
299,3.84,2
300,3.56,2
301,3.52,2
302,3.44,2
303,3.66,2
304,3.84,2
305,3.8,2
306,4.04,2
307,3.34,2
308,3.66,2
309,3.92,2
310,3.52,2
311,3.26,2
312,3.92,2
313,4.04,2
314,3.56,2
315,3.7,2
316,3.88,2
317,3.86,2
318,3.68,2
319,4.28,2
320,3.8,2
321,3.58,2
322,3.84,2
323,3.86,2
324,4.26,2
325,4.14,2
326,3.64,2
327,4.2,2
328,4.18,2
329,4.04,2
330,3.4,2
331,3.4,2
332,3.1,2
333,3.8,2
334,3.66,2
335,3.58,2
336,3.44,2
337,3.5,2
338,3.66,2
339,4.0,2
340,3.58,2
341,3.8,2
342,4.26,2
343,4.32,2
344,4.1,2
345,4.38,2
346,3.88,2
347,4.3,2
348,4.06,2
349,3.6,2
350,3.4,2
351,3.78,2
352,3.84,2
353,3.78,2
354,3.74,2
355,3.48,2
356,4.06,2
357,4.6,2
358,4.54,2
359,4.16,2
360,3.28,2
361,3.72,2
362,3.78,2
363,3.32,2
364,3.02,2
365,3.36,2
366,3.32,2
367,3.34,2
368,3.38,2
369,3.84,2
370,3.96,2
371,3.48,2
372,3.72,2
373,3.5,2
374,3.84,2
375,3.4,2
376,4.14,2
377,4.26,2
378,4.0,2
379,3.7,2
380,3.8,2
381,3.62,2
382,3.38,2
383,3.34,2
384,3.76,2
385,3.56,2
386,3.7,2
387,3.74,2
388,3.34,2
389,3.36,2
390,3.62,2
391,3.16,2
392,3.38,2
393,3.38,2
394,3.44,2
395,3.9,2
396,3.78,2
397,3.3,2
398,3.26,2
399,3.3,2
400,3.86,2
401,3.48,2
402,3.86,2
403,3.68,2
404,3.62,2
405,3.36,2
406,3.06,2
407,3.22,2
408,3.6,2
409,3.72,2
410,3.86,2
411,3.46,2
412,3.98,2
413,3.72,2
414,4.42,2
415,4.08,2
416,3.82,2
417,3.76,2
418,3.88,2
419,3.88,2
420,4.22,2
421,4.2,2
422,4.24,2
423,4.02,2
424,4.1,2
425,3.36,2
426,3.4,2
427,3.76,2
428,3.84,2
429,4.16,2
430,4.0,2
431,3.96,2
432,4.5,2
433,4.52,2
434,3.92,2
435,3.66,2
436,3.9,2
437,3.82,2
438,3.38,2
439,3.62,2
440,3.48,2
441,3.8,2
442,4.02,2
443,3.76,2
444,4.18,2
445,3.58,2
446,4.02,2
447,3.56,2
448,4.02,2
449,3.34,2
450,3.56,2
451,3.64,2
452,3.46,2
453,3.84,2
454,4.06,2
455,3.8,2
456,4.04,2
457,4.5,2
458,3.94,2
459,3.86,2
460,3.98,2
461,3.78,2
462,3.72,2
463,3.56,2
464,3.58,2
465,4.02,2
466,3.66,2
467,3.52,2
468,3.58,2
469,3.24,2
470,3.94,2
471,4.22,2
472,4.06,2
473,3.22,2
474,3.2,2
475,3.8,2
476,3.9,2
477,3.64,2
478,3.38,2
479,3.26,2
480,3.66,2
481,4.24,2
482,4.16,2
483,3.6,2
484,3.76,2
485,3.42,2
486,3.3,2
487,4.02,2
488,3.86,2
489,3.38,2
490,3.5,2
491,3.32,2
492,3.44,2
493,3.7,2
494,3.88,2
495,3.52,2
496,3.7,2
497,3.9,2
498,3.82,2
499,3.46,2
500,3.48,2
501,3.4,2
502,3.58,2
503,3.62,2
504,3.58,2
505,3.4,2
506,3.84,2
507,3.98,2
508,3.72,2
509,3.68,2
510,3.84,2
511,4.1,2
512,3.68,2
513,3.5,2
514,3.44,2
515,3.3,2
516,3.26,2
517,3.4,2
518,3.5,2
519,3.88,2
520,3.32,2
521,3.3,2
522,3.86,2
523,3.8,2
524,3.68,2
525,4.44,2
526,3.96,2
527,3.48,2
528,4.02,2
529,3.88,2
530,4.08,2
531,4.06,2
532,3.58,2
533,4.04,2
534,3.34,2
535,3.64,2
536,3.66,2
537,3.66,2
538,3.44,2
539,3.6,2
540,4.04,2
541,4.48,2
542,3.86,2
543,3.94,2
544,3.9,2
545,4.38,2
546,3.96,2
547,4.28,2
548,4.22,2
549,4.5,2
550,4.02,2
551,4.28,2
552,4.06,2
553,3.46,2
554,3.38,2
555,3.54,2
556,3.92,2
557,3.56,2
558,3.32,2
559,3.74,2
560,4.14,2
561,4.48,2
562,4.26,2
563,4.2,2
564,3.54,2
565,3.78,2
566,3.4,2
567,4.04,2
568,3.64,2
569,3.58,2
570,3.52,2
571,3.84,2
572,4.22,2
573,3.42,2
574,3.28,2
575,3.52,2
576,3.46,2
577,3.36,2
578,2.9,2
579,3.36,2
580,3.0,2
581,3.12,2
582,3.44,2
583,3.34,2
584,3.82,2
585,3.52,2
586,4.42,2
587,4.18,2
588,4.12,2
589,3.96,2
590,4.26,2
591,3.82,2
592,3.78,2
593,3.68,2
594,3.94,2
595,3.92,2
596,4.14,2
597,4.22,2
598,4.32,2
599,3.88,2
600,3.76,2
601,3.68,2
602,3.5,2
603,3.68,2
604,3.46,2
605,3.28,2
606,3.28,2
607,3.46,2
608,3.64,2
609,3.88,2
610,3.86,2
611,3.92,2
612,3.74,2
613,3.52,2
614,3.54,2
615,3.42,2
616,3.44,2
617,3.26,2
618,3.8,2
619,4.14,2
620,4.36,2
621,4.46,2
622,4.24,2
623,4.14,2
624,4.16,2
625,3.88,2
626,3.58,2
627,3.8,2
628,4.02,2
629,3.78,2
630,4.06,2
631,3.8,2
632,3.84,2
633,3.56,2
634,3.44,2
635,3.66,2
636,3.7,2
637,3.44,2
638,3.2,2
639,4.68,2
640,4.22,2
641,4.06,2
642,4.4,2
643,3.42,2
644,3.8,2
645,4.04,2
646,3.54,2
647,3.76,2
648,3.92,2
649,3.58,2
650,3.26,2
651,3.5,2
652,4.08,2
653,3.76,2
654,3.96,2
655,4.22,2
656,3.92,2
657,4.82,2
658,3.66,2
659,3.16,2
660,3.36,2
661,3.48,2
662,3.84,2
663,3.64,2
664,3.64,2
665,3.8,2
666,3.36,2
667,3.42,2
668,3.78,2
669,4.12,2
670,3.56,2
671,3.68,2
672,3.84,2
673,3.46,2
674,3.66,2
675,3.0,2
676,2.94,2
677,3.48,2
678,3.58,2
679,4.44,2
680,3.74,2
681,3.38,2
682,4.02,2
683,3.9,2
684,3.9,2
685,3.34,2
686,3.36,2
687,3.48,2
688,3.54,2
689,3.58,2
690,3.9,2
691,3.68,2
692,3.5,2
693,3.84,2
694,3.6,2
695,3.58,2
696,3.64,2
697,3.7,2
698,3.34,2
699,3.92,2
700,3.46,2
701,3.4,2
702,3.72,2
703,3.08,2
704,3.76,2
705,4.2,2
706,4.2,2
707,4.4,2
708,4.12,2
709,3.54,2
710,4.12,2
711,3.44,2
712,3.82,2
713,3.7,2
714,3.64,2
715,3.76,2
716,3.64,2
717,3.48,2
718,3.46,2
719,3.6,2
720,3.68,2
721,3.74,2
722,3.78,2
723,3.72,2
724,3.54,2
725,3.26,2
726,3.16,2
727,3.04,2
728,3.28,2
729,3.52,2
730,3.88,2
731,4.06,2
732,4.18,2
733,3.92,2
734,3.42,2
735,3.02,2
736,3.08,2
737,3.4,2
738,3.86,2
739,3.84,2
740,4.42,2
741,3.48,2
742,3.58,2
743,3.86,2
744,3.64,2
745,3.94,2
746,3.86,2
747,3.62,2
748,4.06,2
749,4.42,2
750,4.44,2
751,3.72,2
752,3.64,2
753,3.24,2
754,3.16,2
755,3.44,2
756,4.04,2
757,3.72,2
758,3.5,2
759,3.3,2
760,3.56,2
761,3.42,2
762,3.76,2
763,3.5,2
764,4.0,2
765,4.16,2
766,4.02,2
767,3.5,2
768,3.18,2
769,3.48,2
770,3.68,2
771,3.64,2
772,3.9,2
773,4.0,2
774,4.06,2
775,3.74,2
776,3.5,2
777,3.34,2
778,3.72,2
779,3.68,2
780,3.56,2
781,4.24,2
782,3.74,2
783,3.66,2
784,3.48,2
785,4.12,2
786,3.66,2
787,3.58,2
788,3.48,2
789,3.58,2
790,3.76,2
791,3.3,2
792,3.44,2
793,4.02,2
794,4.32,2
795,4.06,2
796,3.92,2
797,3.58,2
798,3.58,2
799,3.6,2
800,3.88,2
801,3.86,2
802,3.96,2
803,3.42,2
804,3.42,2
805,3.96,2
806,3.88,2
807,3.52,2
808,3.86,2
809,3.58,2
810,3.64,2
811,3.66,2
812,4.14,2
813,3.64,2
814,3.58,2
815,3.34,2
816,3.7,2
817,3.8,2
818,4.0,2
819,3.4,2
820,3.42,2
821,3.68,2
822,3.72,2
823,3.6,2
824,3.86,2
825,4.08,2
826,3.78,2
827,3.64,2
828,3.66,2
829,3.66,2
830,3.56,2
831,3.68,2
832,3.74,2
833,3.92,2
834,3.8,2
835,4.1,2
836,3.54,2
837,3.62,2
838,4.28,2
839,4.0,2
840,4.0,2
841,3.96,2
842,4.54,2
843,3.94,2
844,3.82,2
845,3.86,2
846,3.5,2
847,4.1,2
848,3.9,2
849,3.34,2
850,3.5,2
851,3.82,2
852,3.58,2
853,3.72,2
854,3.56,2
855,3.66,2
856,4.02,2
857,3.74,2
858,3.66,2
859,3.88,2
860,3.58,2
861,3.64,2
862,3.16,2
863,3.24,2
864,3.4,2
865,3.24,2
866,3.26,2
867,3.84,2
868,3.6,2
869,3.92,2
870,3.82,2
871,4.26,2
872,4.36,2
873,4.14,2
874,3.72,2
875,3.6,2
876,3.34,2
877,3.5,2
878,3.78,2
879,3.66,2
880,3.64,2
881,3.94,2
882,3.5,2
883,3.72,2
884,3.74,2
885,3.92,2
886,4.34,2
887,3.82,2
888,4.12,2
889,4.0,2
890,4.02,2
891,4.14,2
892,4.58,2
893,4.48,2
894,3.62,2
895,3.92,2
896,4.04,2
897,3.8,2
898,3.74,2
899,3.72,2
900,4.4,2
901,4.58,2
902,3.82,2
903,3.78,2
904,3.52,2
905,3.56,2
906,3.6,2
907,3.96,2
908,3.76,2
909,3.44,2
910,3.62,2
911,3.4,2
912,3.38,2
913,3.46,2
914,3.52,2
915,4.2,2
916,3.78,2
917,3.6,2
918,3.3,2
919,3.78,2
920,3.5,2
921,3.66,2
922,3.56,2
923,3.22,2
924,3.8,2
925,3.74,2
926,3.64,2
927,3.86,2
928,4.36,2
929,4.12,2
930,3.82,2
931,4.22,2
932,3.68,2
933,3.56,2
934,3.34,2
935,3.18,2
936,3.64,2
937,3.74,2
938,3.26,2
939,3.38,2
940,3.66,2
941,3.6,2
942,3.56,2
943,3.74,2
944,3.94,2
945,3.88,2
946,4.22,2
947,3.66,2
948,3.86,2
949,4.08,2
950,3.66,2
951,3.86,2
952,3.66,2
953,4.16,2
954,3.86,2
955,3.84,2
956,4.1,2
957,3.54,2
958,3.76,2
959,3.58,2
960,3.9,2
961,4.4,2
962,3.82,2
963,3.8,2
964,4.1,2
965,4.06,2
966,3.72,2
967,3.4,2
968,3.76,2
969,4.02,2
970,3.54,2
971,4.12,2
972,4.32,2
973,4.24,2
974,3.98,2
975,4.56,2
976,4.04,2
977,3.52,2
978,3.62,2
979,4.32,2
980,4.62,2
981,4.02,2
982,3.98,2
983,3.64,2
984,3.52,2
985,3.62,2
986,4.18,2
987,3.66,2
988,4.1,2
989,4.22,2
990,3.74,2
991,3.82,2
992,3.46,2
993,3.82,2
994,3.98,2
995,3.72,2
996,3.92,2
997,3.7,2
998,3.82,2
999,4.2,2
