Figure: small_5
File Number: 11
Nodes: 36
Edges: 580
Max Generations: 2000
Population Size: 150
Mutation Rate: 0.01
Colors Used: 8
Runtime: 2.59

Generation,Average Fitness,Best Fitness
0,144.34666666666666,100
1,134.32,96
2,132.26666666666668,84
3,125.89333333333333,84
4,121.62666666666667,80
5,119.65333333333334,80
6,114.02666666666667,72
7,111.14666666666666,68
8,107.52,68
9,106.98666666666666,68
10,105.17333333333333,60
11,101.70666666666666,60
12,97.54666666666667,60
13,93.89333333333333,56
14,89.65333333333334,56
15,88.56,52
16,85.6,48
17,78.69333333333333,48
18,74.34666666666666,48
19,72.32,44
20,68.93333333333334,44
21,64.13333333333334,40
22,61.81333333333333,40
23,60.42666666666667,40
24,60.10666666666667,36
25,57.92,32
26,54.08,28
27,51.25333333333333,28
28,47.70666666666666,28
29,44.986666666666665,24
30,42.08,24
31,39.49333333333333,24
32,36.906666666666666,24
33,34.42666666666667,24
34,34.053333333333335,24
35,32.13333333333333,20
36,31.493333333333332,20
37,30.96,20
38,29.466666666666665,20
39,27.733333333333334,20
40,27.653333333333332,20
41,26.48,20
42,24.64,20
43,24.666666666666668,20
44,24.746666666666666,20
45,23.973333333333333,16
46,23.253333333333334,16
47,23.413333333333334,16
48,22.773333333333333,16
49,21.2,16
50,21.52,16
51,21.653333333333332,16
52,20.72,16
53,20.613333333333333,16
54,20.986666666666668,12
55,20.506666666666668,12
56,20.16,12
57,19.84,12
58,18.906666666666666,12
59,19.226666666666667,12
60,18.906666666666666,12
61,17.786666666666665,12
62,18.026666666666667,12
63,18.08,12
64,17.733333333333334,8
65,16.746666666666666,8
66,16.213333333333335,8
67,16.0,8
68,15.226666666666667,8
69,15.093333333333334,8
70,15.173333333333334,8
71,14.24,8
72,15.093333333333334,8
73,14.106666666666667,8
74,13.626666666666667,8
75,13.146666666666667,8
76,11.973333333333333,8
77,12.266666666666667,8
78,11.066666666666666,8
79,11.573333333333334,8
80,11.253333333333334,8
81,11.973333333333333,8
82,12.0,8
83,11.6,8
84,11.92,8
85,11.44,8
86,11.493333333333334,8
87,11.226666666666667,8
88,11.466666666666667,8
89,11.413333333333334,8
90,11.093333333333334,8
91,10.96,8
92,11.52,8
93,12.106666666666667,8
94,12.266666666666667,8
95,12.186666666666667,8
96,12.533333333333333,8
97,11.066666666666666,8
98,10.906666666666666,4
99,10.533333333333333,4
100,10.346666666666666,4
101,10.08,4
102,10.32,4
103,10.213333333333333,4
104,9.04,4
105,8.693333333333333,4
106,8.48,4
107,7.8933333333333335,4
108,7.36,4
109,7.466666666666667,4
110,7.306666666666667,4
111,7.413333333333333,4
112,7.92,4
113,7.253333333333333,4
114,7.866666666666666,4
115,7.493333333333333,4
116,7.84,4
117,8.426666666666666,4
118,7.8933333333333335,4
119,7.546666666666667,4
120,7.626666666666667,4
121,8.4,4
122,8.0,4
123,7.733333333333333,4
124,7.946666666666666,4
125,8.16,4
126,8.56,4
127,8.053333333333333,4
128,8.053333333333333,4
129,7.68,4
130,7.68,4
131,7.173333333333333,4
132,7.466666666666667,4
133,7.546666666666667,4
134,7.253333333333333,4
135,7.84,4
136,7.76,4
137,7.76,4
138,7.68,4
139,7.573333333333333,4
140,8.293333333333333,4
141,8.506666666666666,4
142,7.946666666666666,4
143,7.8933333333333335,4
144,9.52,4
145,8.586666666666666,4
146,8.48,4
147,7.8133333333333335,4
148,8.746666666666666,4
149,7.946666666666666,4
150,7.626666666666667,4
151,7.413333333333333,4
152,6.906666666666666,4
153,7.36,4
154,7.52,4
155,7.92,4
156,7.28,4
157,6.64,4
158,6.8533333333333335,4
159,7.546666666666667,4
160,7.253333333333333,4
161,8.426666666666666,4
162,8.986666666666666,4
163,8.32,4
164,7.8133333333333335,4
165,7.786666666666667,4
166,8.453333333333333,4
167,7.36,4
168,7.8933333333333335,4
169,8.506666666666666,4
170,8.186666666666667,4
171,7.173333333333333,4
172,7.6,4
173,7.84,4
174,6.986666666666666,4
175,7.466666666666667,4
176,7.653333333333333,4
177,7.466666666666667,4
178,7.306666666666667,4
179,8.16,4
180,8.08,4
181,7.6,4
182,7.946666666666666,4
183,7.386666666666667,4
184,7.2,4
185,7.8933333333333335,4
186,7.573333333333333,4
187,8.053333333333333,4
188,7.306666666666667,4
189,8.426666666666666,4
190,7.386666666666667,4
191,8.24,4
192,8.32,4
193,7.573333333333333,4
194,7.546666666666667,4
195,7.706666666666667,4
196,7.68,4
197,7.76,4
198,7.333333333333333,4
199,7.866666666666666,4
200,6.613333333333333,4
201,7.6,4
202,7.466666666666667,4
203,8.08,4
204,8.373333333333333,4
205,6.666666666666667,4
206,6.906666666666666,4
207,6.906666666666666,4
208,7.76,4
209,7.626666666666667,4
210,7.1466666666666665,4
211,8.0,4
212,7.92,4
213,7.866666666666666,4
214,8.4,4
215,8.026666666666667,4
216,7.253333333333333,4
217,7.52,4
218,7.92,4
219,7.36,4
220,6.8,4
221,6.826666666666667,4
222,7.8933333333333335,4
223,7.333333333333333,4
224,7.84,4
225,7.706666666666667,4
226,8.08,4
227,8.853333333333333,4
228,7.493333333333333,4
229,7.8133333333333335,4
230,7.733333333333333,4
231,6.08,4
232,6.693333333333333,4
233,6.613333333333333,4
234,6.746666666666667,4
235,7.333333333333333,4
236,7.573333333333333,4
237,7.946666666666666,4
238,7.706666666666667,4
239,8.133333333333333,4
240,8.026666666666667,4
241,7.8133333333333335,4
242,8.48,4
243,8.906666666666666,4
244,7.733333333333333,4
245,7.493333333333333,4
246,7.44,4
247,7.6,4
248,7.333333333333333,4
249,7.253333333333333,4
250,7.706666666666667,4
251,8.026666666666667,4
252,7.946666666666666,4
253,7.333333333333333,4
254,8.533333333333333,4
255,7.2,4
256,7.626666666666667,4
257,7.226666666666667,4
258,7.28,4
259,7.6,4
260,6.8533333333333335,4
261,7.2,4
262,7.786666666666667,4
263,7.84,4
264,8.24,4
265,7.653333333333333,4
266,8.293333333333333,4
267,7.253333333333333,4
268,8.426666666666666,4
269,7.573333333333333,4
270,7.76,4
271,8.64,4
272,7.92,4
273,8.213333333333333,4
274,8.48,4
275,8.133333333333333,4
276,7.733333333333333,4
277,7.493333333333333,4
278,7.92,4
279,7.8933333333333335,4
280,7.546666666666667,4
281,7.413333333333333,4
282,8.346666666666666,4
283,7.76,4
284,8.106666666666667,4
285,7.52,4
286,7.04,4
287,6.933333333333334,4
288,7.493333333333333,4
289,7.413333333333333,4
290,7.04,4
291,7.866666666666666,4
292,9.04,4
293,8.64,4
294,7.6,4
295,6.586666666666667,4
296,6.826666666666667,4
297,7.493333333333333,4
298,8.586666666666666,4
299,8.0,4
300,7.28,4
301,7.493333333333333,4
302,7.706666666666667,4
303,7.626666666666667,4
304,7.6,4
305,7.8933333333333335,4
306,7.653333333333333,4
307,7.706666666666667,4
308,7.12,4
309,7.76,4
310,7.733333333333333,4
311,8.666666666666666,4
312,8.773333333333333,4
313,8.186666666666667,4
314,8.88,4
315,8.426666666666666,4
316,8.453333333333333,4
317,8.64,4
318,8.026666666666667,4
319,8.693333333333333,4
320,8.186666666666667,4
321,6.746666666666667,4
322,7.12,4
323,7.706666666666667,4
324,8.32,4
325,8.426666666666666,4
326,8.373333333333333,4
327,8.4,4
328,7.573333333333333,4
329,8.746666666666666,4
330,8.586666666666666,4
331,8.693333333333333,4
332,8.906666666666666,4
333,7.786666666666667,4
334,7.306666666666667,4
335,7.573333333333333,4
336,7.093333333333334,4
337,6.96,4
338,7.093333333333334,4
339,7.706666666666667,4
340,7.2,4
341,8.586666666666666,4
342,8.986666666666666,4
343,8.373333333333333,4
344,8.0,4
345,7.733333333333333,4
346,7.546666666666667,4
347,7.76,4
348,7.52,4
349,7.866666666666666,4
350,7.333333333333333,4
351,7.733333333333333,4
352,8.4,4
353,8.186666666666667,4
354,8.053333333333333,4
355,7.653333333333333,4
356,7.973333333333334,4
357,7.866666666666666,4
358,8.213333333333333,4
359,6.8,4
360,8.026666666666667,4
361,7.786666666666667,4
362,8.32,4
363,8.346666666666666,4
364,8.613333333333333,4
365,8.053333333333333,4
366,8.133333333333333,4
367,7.8933333333333335,4
368,7.52,4
369,6.72,4
370,7.8933333333333335,4
371,7.946666666666666,4
372,8.186666666666667,4
373,7.8933333333333335,4
374,8.0,4
375,8.453333333333333,4
376,8.106666666666667,4
377,7.466666666666667,4
378,7.76,4
379,7.466666666666667,4
380,8.106666666666667,4
381,6.906666666666666,4
382,7.28,4
383,7.6,4
384,7.653333333333333,4
385,7.866666666666666,4
386,7.413333333333333,4
387,7.6,4
388,7.52,4
389,7.8133333333333335,4
390,7.973333333333334,4
391,8.64,4
392,8.0,4
393,8.72,4
394,8.106666666666667,4
395,6.8,4
396,7.706666666666667,4
397,7.866666666666666,4
398,7.733333333333333,4
399,7.44,4
400,8.773333333333333,4
401,7.413333333333333,4
402,7.306666666666667,4
403,7.626666666666667,4
404,8.133333333333333,4
405,7.493333333333333,4
406,7.1466666666666665,4
407,7.386666666666667,4
408,8.373333333333333,4
409,8.16,4
410,8.026666666666667,4
411,8.026666666666667,4
412,8.133333333333333,4
413,7.76,4
414,7.04,4
415,7.973333333333334,4
416,8.213333333333333,4
417,7.173333333333333,4
418,7.546666666666667,4
419,8.213333333333333,4
420,7.306666666666667,4
421,8.08,4
422,7.84,4
423,7.92,4
424,9.2,4
425,9.546666666666667,4
426,8.0,4
427,8.186666666666667,4
428,7.626666666666667,4
429,8.4,4
430,8.613333333333333,4
431,7.306666666666667,4
432,7.253333333333333,4
433,7.8933333333333335,4
434,7.493333333333333,4
435,8.133333333333333,4
436,8.186666666666667,4
437,7.8933333333333335,4
438,7.573333333333333,4
439,7.786666666666667,4
440,8.666666666666666,4
441,7.2,4
442,7.466666666666667,4
443,7.8933333333333335,4
444,8.0,4
445,8.48,4
446,8.08,4
447,7.786666666666667,4
448,8.453333333333333,4
449,7.786666666666667,4
450,7.493333333333333,4
451,7.253333333333333,4
452,8.4,4
453,7.786666666666667,4
454,7.546666666666667,4
455,7.093333333333334,4
456,7.333333333333333,4
457,7.866666666666666,4
458,7.733333333333333,4
459,7.52,4
460,7.68,4
461,8.186666666666667,4
462,7.706666666666667,4
463,7.573333333333333,4
464,7.226666666666667,4
465,8.533333333333333,4
466,9.466666666666667,4
467,8.533333333333333,4
468,7.706666666666667,4
469,7.44,4
470,8.32,4
471,7.866666666666666,4
472,8.08,4
473,7.8133333333333335,4
474,7.573333333333333,4
475,7.573333333333333,4
476,6.1866666666666665,4
477,7.8933333333333335,4
478,6.746666666666667,4
479,7.28,4
480,8.506666666666666,4
481,7.466666666666667,4
482,7.546666666666667,4
483,8.213333333333333,4
484,8.0,4
485,8.186666666666667,4
486,7.76,4
487,7.706666666666667,4
488,7.28,4
489,7.28,4
490,7.333333333333333,4
491,7.466666666666667,4
492,7.466666666666667,4
493,7.76,4
494,7.76,4
495,7.2,4
496,7.36,4
497,7.1466666666666665,4
498,7.226666666666667,4
499,7.786666666666667,4
500,8.8,4
501,8.586666666666666,4
502,7.466666666666667,4
503,7.733333333333333,4
504,7.066666666666666,4
505,8.64,4
506,7.466666666666667,4
507,8.106666666666667,4
508,7.573333333333333,4
509,7.066666666666666,4
510,7.573333333333333,4
511,7.36,4
512,7.44,4
513,8.213333333333333,4
514,8.64,4
515,8.133333333333333,4
516,7.493333333333333,4
517,7.04,4
518,7.946666666666666,4
519,7.173333333333333,4
520,7.52,4
521,7.946666666666666,4
522,7.84,4
523,7.626666666666667,4
524,7.466666666666667,4
525,7.733333333333333,4
526,7.6,4
527,7.066666666666666,4
528,7.226666666666667,4
529,6.586666666666667,4
530,7.093333333333334,4
531,7.413333333333333,4
532,7.6,4
533,7.04,4
534,7.546666666666667,4
535,8.346666666666666,4
536,7.493333333333333,4
537,7.493333333333333,4
538,7.706666666666667,4
539,7.52,4
540,7.093333333333334,4
541,7.866666666666666,4
542,8.88,4
543,8.266666666666667,4
544,7.68,4
545,7.626666666666667,4
546,8.106666666666667,4
547,7.626666666666667,4
548,7.306666666666667,4
549,7.04,4
550,7.013333333333334,4
551,7.866666666666666,4
552,7.466666666666667,4
553,9.066666666666666,4
554,8.506666666666666,4
555,7.68,4
556,7.52,4
557,7.84,4
558,7.8133333333333335,4
559,8.053333333333333,4
560,8.373333333333333,4
561,8.586666666666666,4
562,8.133333333333333,4
563,7.493333333333333,4
564,7.493333333333333,4
565,8.426666666666666,4
566,9.466666666666667,4
567,9.146666666666667,4
568,9.253333333333334,4
569,8.4,4
570,8.213333333333333,4
571,8.186666666666667,4
572,7.44,4
573,7.493333333333333,4
574,8.213333333333333,4
575,7.76,4
576,7.8133333333333335,4
577,7.626666666666667,4
578,8.08,4
579,8.746666666666666,4
580,7.76,4
581,8.053333333333333,4
582,8.0,4
583,7.733333333333333,4
584,7.866666666666666,4
585,7.8133333333333335,4
586,8.213333333333333,4
587,6.933333333333334,4
588,7.1466666666666665,4
589,7.466666666666667,4
590,7.733333333333333,4
591,8.8,4
592,7.92,4
593,8.16,4
594,7.173333333333333,4
595,7.1466666666666665,4
596,6.72,4
597,7.386666666666667,4
598,7.306666666666667,4
599,7.493333333333333,4
600,8.426666666666666,4
601,7.76,4
602,8.186666666666667,4
603,8.32,4
604,7.76,4
605,7.173333333333333,4
606,8.48,4
607,7.226666666666667,4
608,7.066666666666666,4
609,7.706666666666667,4
610,7.92,4
611,8.32,4
612,7.68,4
613,7.8133333333333335,4
614,7.8933333333333335,4
615,7.253333333333333,4
616,8.0,4
617,7.706666666666667,4
618,7.653333333333333,4
619,7.013333333333334,4
620,7.306666666666667,4
621,7.1466666666666665,4
622,7.92,4
623,8.506666666666666,4
624,7.573333333333333,4
625,8.026666666666667,4
626,7.84,4
627,7.8133333333333335,4
628,7.946666666666666,4
629,8.426666666666666,4
630,8.533333333333333,4
631,8.373333333333333,4
632,7.8933333333333335,4
633,7.84,4
634,7.866666666666666,4
635,7.92,4
636,7.44,4
637,7.84,4
638,7.2,4
639,7.946666666666666,4
640,8.586666666666666,4
641,8.746666666666666,4
642,8.106666666666667,4
643,7.013333333333334,4
644,7.68,4
645,7.12,4
646,7.333333333333333,4
647,8.4,4
648,7.626666666666667,4
649,7.946666666666666,4
650,6.88,4
651,6.746666666666667,4
652,8.106666666666667,4
653,8.56,4
654,7.066666666666666,4
655,8.693333333333333,4
656,7.786666666666667,4
657,7.84,4
658,7.68,4
659,8.08,4
660,8.746666666666666,4
661,9.04,4
662,8.88,4
663,7.68,4
664,7.973333333333334,4
665,8.32,4
666,8.346666666666666,4
667,8.32,4
668,8.933333333333334,4
669,8.053333333333333,4
670,6.826666666666667,4
671,7.12,4
672,8.453333333333333,4
673,7.76,4
674,7.573333333333333,4
675,7.28,4
676,7.546666666666667,4
677,8.24,4
678,7.546666666666667,4
679,6.826666666666667,4
680,8.16,4
681,8.613333333333333,4
682,7.68,4
683,7.68,4
684,7.573333333333333,4
685,8.08,4
686,7.1466666666666665,4
687,6.373333333333333,4
688,7.493333333333333,4
689,7.76,4
690,7.68,4
691,7.68,4
692,7.173333333333333,4
693,8.053333333333333,4
694,8.08,4
695,8.373333333333333,4
696,8.693333333333333,4
697,8.48,4
698,9.04,4
699,7.946666666666666,4
700,7.866666666666666,4
701,7.546666666666667,4
702,7.013333333333334,4
703,8.16,4
704,7.786666666666667,4
705,7.44,4
706,7.306666666666667,4
707,7.466666666666667,4
708,6.826666666666667,4
709,7.973333333333334,4
710,8.053333333333333,4
711,7.8933333333333335,4
712,7.733333333333333,4
713,8.293333333333333,4
714,8.613333333333333,4
715,7.866666666666666,4
716,8.4,4
717,8.0,4
718,6.56,4
719,7.1466666666666665,4
720,7.573333333333333,4
721,7.546666666666667,4
722,8.293333333333333,4
723,7.946666666666666,4
724,7.12,4
725,8.08,4
726,7.733333333333333,4
727,7.28,4
728,7.386666666666667,4
729,7.253333333333333,4
730,8.426666666666666,4
731,6.773333333333333,4
732,8.133333333333333,4
733,8.266666666666667,4
734,7.706666666666667,4
735,7.28,4
736,7.546666666666667,4
737,7.226666666666667,4
738,7.173333333333333,4
739,7.28,4
740,7.36,4
741,7.04,4
742,7.6,4
743,8.186666666666667,4
744,8.986666666666666,4
745,8.24,4
746,8.106666666666667,4
747,8.293333333333333,4
748,8.24,4
749,7.973333333333334,4
750,8.853333333333333,4
751,8.56,4
752,8.373333333333333,4
753,8.746666666666666,4
754,8.773333333333333,4
755,8.64,4
756,8.853333333333333,4
757,7.52,4
758,7.066666666666666,4
759,7.84,4
760,7.466666666666667,4
761,7.52,4
762,7.973333333333334,4
763,7.6,4
764,7.386666666666667,4
765,6.96,4
766,7.013333333333334,4
767,7.8133333333333335,4
768,8.186666666666667,4
769,7.626666666666667,4
770,7.066666666666666,4
771,7.573333333333333,4
772,7.573333333333333,4
773,8.053333333333333,4
774,7.653333333333333,4
775,7.84,4
776,7.653333333333333,4
777,7.573333333333333,4
778,8.053333333333333,4
779,7.84,4
780,8.826666666666666,4
781,7.733333333333333,4
782,8.48,4
783,7.706666666666667,4
784,6.96,4
785,7.28,4
786,7.653333333333333,4
787,7.706666666666667,4
788,7.653333333333333,4
789,7.466666666666667,4
790,7.44,4
791,7.2,4
792,7.786666666666667,4
793,7.6,4
794,7.973333333333334,4
795,7.306666666666667,4
796,8.133333333333333,4
797,7.04,4
798,7.466666666666667,4
799,7.76,4
800,7.8133333333333335,4
801,7.52,4
802,8.506666666666666,4
803,8.506666666666666,4
804,7.76,4
805,7.8133333333333335,4
806,8.586666666666666,4
807,8.053333333333333,4
808,8.48,4
809,8.266666666666667,4
810,7.466666666666667,4
811,7.733333333333333,4
812,7.093333333333334,4
813,8.186666666666667,4
814,7.653333333333333,4
815,7.946666666666666,4
816,7.28,4
817,8.266666666666667,4
818,8.48,4
819,8.213333333333333,4
820,7.6,4
821,8.56,4
822,8.266666666666667,4
823,7.786666666666667,4
824,7.786666666666667,4
825,7.706666666666667,4
826,7.2,4
827,6.96,4
828,6.8,4
829,7.2,4
830,7.8933333333333335,4
831,7.786666666666667,4
832,7.36,4
833,8.16,4
834,7.466666666666667,4
835,8.0,4
836,8.72,4
837,8.4,4
838,9.386666666666667,4
839,8.08,4
840,7.946666666666666,4
841,8.0,4
842,7.173333333333333,4
843,6.906666666666666,4
844,7.973333333333334,4
845,7.253333333333333,4
846,7.36,4
847,7.76,4
848,8.293333333333333,4
849,8.88,4
850,7.706666666666667,4
851,7.28,4
852,8.346666666666666,4
853,8.24,4
854,8.053333333333333,4
855,8.986666666666666,4
856,7.92,4
857,9.013333333333334,4
858,7.706666666666667,4
859,7.28,4
860,7.493333333333333,4
861,7.973333333333334,4
862,7.226666666666667,4
863,8.213333333333333,4
864,8.48,4
865,7.306666666666667,4
866,7.8133333333333335,4
867,8.16,4
868,7.68,4
869,7.866666666666666,4
870,9.173333333333334,4
871,8.64,4
872,7.706666666666667,4
873,7.946666666666666,4
874,7.706666666666667,4
875,8.346666666666666,4
876,8.186666666666667,4
877,8.24,4
878,8.08,4
879,7.546666666666667,4
880,7.546666666666667,4
881,7.706666666666667,4
882,7.68,4
883,8.506666666666666,4
884,7.866666666666666,4
885,8.426666666666666,4
886,7.52,4
887,7.493333333333333,4
888,7.8133333333333335,4
889,7.386666666666667,4
890,7.52,4
891,6.773333333333333,4
892,7.36,4
893,7.333333333333333,4
894,7.653333333333333,4
895,8.48,4
896,7.973333333333334,4
897,7.386666666666667,4
898,6.96,4
899,7.8133333333333335,4
900,7.52,4
901,7.76,4
902,7.653333333333333,4
903,7.333333333333333,4
904,7.653333333333333,4
905,7.866666666666666,4
906,7.6,4
907,7.653333333333333,4
908,8.506666666666666,4
909,8.053333333333333,4
910,7.28,4
911,7.093333333333334,4
912,7.52,4
913,7.44,4
914,7.706666666666667,4
915,7.466666666666667,4
916,7.466666666666667,4
917,8.213333333333333,4
918,8.133333333333333,4
919,6.986666666666666,4
920,7.013333333333334,4
921,7.333333333333333,4
922,7.76,4
923,7.173333333333333,4
924,7.413333333333333,4
925,8.32,4
926,7.173333333333333,4
927,7.546666666666667,4
928,7.306666666666667,4
929,7.573333333333333,4
930,7.653333333333333,4
931,7.066666666666666,4
932,8.053333333333333,4
933,7.8933333333333335,4
934,8.293333333333333,4
935,7.706666666666667,4
936,7.946666666666666,4
937,7.626666666666667,4
938,7.946666666666666,4
939,7.44,4
940,8.693333333333333,4
941,7.786666666666667,4
942,7.413333333333333,4
943,8.24,4
944,8.293333333333333,4
945,7.786666666666667,4
946,8.266666666666667,4
947,8.4,4
948,8.213333333333333,4
949,7.8933333333333335,4
950,8.08,4
951,8.266666666666667,4
952,7.413333333333333,4
953,7.626666666666667,4
954,7.8933333333333335,4
955,7.733333333333333,4
956,7.946666666666666,4
957,7.493333333333333,4
958,7.706666666666667,4
959,8.08,4
960,7.8133333333333335,4
961,7.36,4
962,7.386666666666667,4
963,7.173333333333333,4
964,7.466666666666667,4
965,7.04,4
966,7.653333333333333,4
967,6.88,4
968,8.053333333333333,4
969,8.8,4
970,7.413333333333333,4
971,8.293333333333333,4
972,7.2,4
973,7.093333333333334,4
974,7.066666666666666,4
975,8.346666666666666,4
976,8.053333333333333,4
977,7.333333333333333,4
978,7.12,4
979,7.493333333333333,4
980,7.653333333333333,4
981,6.506666666666667,4
982,7.28,4
983,7.573333333333333,4
984,7.226666666666667,4
985,7.946666666666666,4
986,7.466666666666667,4
987,7.626666666666667,4
988,8.0,4
989,7.68,4
990,7.946666666666666,4
991,8.293333333333333,4
992,8.693333333333333,4
993,8.453333333333333,4
994,8.186666666666667,4
995,8.026666666666667,4
996,7.866666666666666,4
997,7.626666666666667,4
998,7.333333333333333,4
999,6.773333333333333,4
1000,7.12,4
1001,7.1466666666666665,4
1002,6.64,4
1003,7.8933333333333335,4
1004,7.466666666666667,4
1005,6.506666666666667,4
1006,6.933333333333334,4
1007,7.2,4
1008,7.333333333333333,4
1009,7.04,4
1010,7.92,4
1011,8.026666666666667,4
1012,7.8933333333333335,4
1013,7.8133333333333335,4
1014,7.84,4
1015,7.8933333333333335,4
1016,8.053333333333333,4
1017,7.1466666666666665,4
1018,8.0,4
1019,8.453333333333333,4
1020,8.213333333333333,4
1021,8.48,4
1022,8.4,4
1023,8.533333333333333,4
1024,7.8933333333333335,4
1025,7.84,4
1026,7.6,4
1027,8.4,4
1028,7.466666666666667,4
1029,7.68,4
1030,8.373333333333333,4
1031,7.68,4
1032,7.76,4
1033,6.906666666666666,4
1034,8.346666666666666,4
1035,8.373333333333333,4
1036,7.84,4
1037,7.306666666666667,4
1038,7.413333333333333,4
1039,8.533333333333333,4
1040,7.786666666666667,4
1041,7.786666666666667,4
1042,7.68,4
1043,7.306666666666667,4
1044,7.6,4
1045,7.333333333333333,4
1046,6.88,4
1047,7.12,4
1048,8.293333333333333,4
1049,8.373333333333333,4
1050,8.186666666666667,4
1051,7.306666666666667,4
1052,8.053333333333333,4
1053,7.8133333333333335,4
1054,7.333333333333333,4
1055,7.413333333333333,4
1056,7.973333333333334,4
1057,7.866666666666666,4
1058,8.08,4
1059,8.266666666666667,4
1060,7.493333333333333,4
1061,8.0,4
1062,7.946666666666666,4
1063,8.026666666666667,4
1064,7.84,4
1065,7.68,4
1066,8.293333333333333,4
1067,6.88,4
1068,7.84,4
1069,8.0,4
1070,8.48,4
1071,8.133333333333333,4
1072,7.68,4
1073,7.733333333333333,4
1074,7.653333333333333,4
1075,7.706666666666667,4
1076,7.2,4
1077,7.44,4
1078,8.266666666666667,4
1079,7.84,4
1080,8.693333333333333,4
1081,7.6,4
1082,7.92,4
1083,7.12,4
1084,7.706666666666667,4
1085,6.8533333333333335,4
1086,6.8533333333333335,4
1087,7.493333333333333,4
1088,7.653333333333333,4
1089,7.546666666666667,4
1090,7.466666666666667,4
1091,8.08,4
1092,8.16,4
1093,6.8,4
1094,7.786666666666667,4
1095,7.253333333333333,4
1096,7.546666666666667,4
1097,7.253333333333333,4
1098,8.0,4
1099,7.44,4
1100,7.253333333333333,4
1101,7.866666666666666,4
1102,7.973333333333334,4
1103,7.92,4
1104,7.76,4
1105,8.48,4
1106,8.24,4
1107,7.76,4
1108,8.346666666666666,4
1109,8.0,4
1110,7.626666666666667,4
1111,8.666666666666666,4
1112,8.08,4
1113,7.973333333333334,4
1114,7.466666666666667,4
1115,7.066666666666666,4
1116,7.68,4
1117,8.213333333333333,4
1118,6.72,4
1119,7.333333333333333,4
1120,7.386666666666667,4
1121,6.906666666666666,4
1122,7.066666666666666,4
1123,8.213333333333333,4
1124,8.24,4
1125,7.386666666666667,4
1126,8.08,4
1127,7.706666666666667,4
1128,7.2,4
1129,7.52,4
1130,7.28,4
1131,7.8133333333333335,4
1132,6.8,4
1133,7.973333333333334,4
1134,7.493333333333333,4
1135,8.213333333333333,4
1136,7.8133333333333335,4
1137,7.093333333333334,4
1138,7.28,4
1139,7.04,4
1140,7.76,4
1141,7.226666666666667,4
1142,7.946666666666666,4
1143,6.826666666666667,4
1144,6.72,4
1145,8.053333333333333,4
1146,6.8533333333333335,4
1147,6.8,4
1148,7.573333333333333,4
1149,8.266666666666667,4
1150,8.266666666666667,4
1151,7.84,4
1152,7.493333333333333,4
1153,7.226666666666667,4
1154,7.653333333333333,4
1155,7.866666666666666,4
1156,7.573333333333333,4
1157,7.1466666666666665,4
1158,6.88,4
1159,6.533333333333333,4
1160,7.76,4
1161,8.026666666666667,4
1162,7.2,4
1163,7.493333333333333,4
1164,8.24,4
1165,7.68,4
1166,8.266666666666667,4
1167,8.853333333333333,4
1168,9.2,4
1169,8.213333333333333,4
1170,7.333333333333333,4
1171,7.653333333333333,4
1172,7.12,4
1173,7.1466666666666665,4
1174,7.626666666666667,4
1175,8.586666666666666,4
1176,8.613333333333333,4
1177,7.946666666666666,4
1178,8.346666666666666,4
1179,8.506666666666666,4
1180,7.2,4
1181,7.573333333333333,4
1182,7.44,4
1183,7.733333333333333,4
1184,7.68,4
1185,7.413333333333333,4
1186,7.1466666666666665,4
1187,7.36,4
1188,7.653333333333333,4
1189,7.466666666666667,4
1190,7.1466666666666665,4
1191,7.173333333333333,4
1192,7.946666666666666,4
1193,8.133333333333333,4
1194,7.2,4
1195,7.546666666666667,4
1196,6.586666666666667,4
1197,6.506666666666667,4
1198,7.786666666666667,4
1199,7.52,4
1200,8.986666666666666,4
1201,8.4,4
1202,8.346666666666666,4
1203,7.946666666666666,4
1204,9.146666666666667,4
1205,8.266666666666667,4
1206,8.8,4
1207,8.32,4
1208,7.733333333333333,4
1209,8.586666666666666,4
1210,7.653333333333333,4
1211,7.1466666666666665,4
1212,7.226666666666667,4
1213,7.8133333333333335,4
1214,9.2,4
1215,7.973333333333334,4
1216,8.4,4
1217,8.48,4
1218,8.8,4
1219,8.0,4
1220,8.4,4
1221,7.973333333333334,4
1222,7.76,4
1223,7.84,4
1224,8.026666666666667,4
1225,8.293333333333333,4
1226,7.786666666666667,4
1227,7.44,4
1228,8.0,4
1229,7.36,4
1230,8.053333333333333,4
1231,7.786666666666667,4
1232,7.28,4
1233,7.573333333333333,4
1234,7.12,4
1235,7.973333333333334,4
1236,8.16,4
1237,8.373333333333333,4
1238,8.373333333333333,4
1239,8.533333333333333,4
1240,7.866666666666666,4
1241,8.293333333333333,4
1242,6.826666666666667,4
1243,7.706666666666667,4
1244,7.6,4
1245,6.906666666666666,4
1246,7.546666666666667,4
1247,8.506666666666666,4
1248,7.546666666666667,4
1249,7.946666666666666,4
1250,8.72,4
1251,8.746666666666666,4
1252,8.426666666666666,4
1253,8.293333333333333,4
1254,7.706666666666667,4
1255,7.066666666666666,4
1256,7.1466666666666665,4
1257,7.226666666666667,4
1258,6.986666666666666,4
1259,7.066666666666666,4
1260,6.986666666666666,4
1261,7.04,4
1262,7.093333333333334,4
1263,7.8933333333333335,4
1264,6.746666666666667,4
1265,7.84,4
1266,7.44,4
1267,6.8,4
1268,7.68,4
1269,7.2,4
1270,6.933333333333334,4
1271,7.733333333333333,4
1272,8.213333333333333,4
1273,7.253333333333333,4
1274,7.173333333333333,4
1275,7.52,4
1276,7.226666666666667,4
1277,7.8133333333333335,4
1278,7.76,4
1279,8.266666666666667,4
1280,8.186666666666667,4
1281,8.32,4
1282,8.24,4
1283,8.506666666666666,4
1284,8.16,4
1285,8.0,4
1286,8.56,4
1287,8.506666666666666,4
1288,8.453333333333333,4
1289,8.426666666666666,4
1290,8.16,4
1291,7.8133333333333335,4
1292,8.0,4
1293,7.733333333333333,4
1294,8.373333333333333,4
1295,8.0,4
1296,8.293333333333333,4
1297,7.946666666666666,4
1298,7.466666666666667,4
1299,8.026666666666667,4
1300,7.1466666666666665,4
1301,6.64,4
1302,7.28,4
1303,7.333333333333333,4
1304,7.466666666666667,4
1305,7.413333333333333,4
1306,6.4,4
1307,7.413333333333333,4
1308,8.0,4
1309,7.226666666666667,4
1310,7.573333333333333,4
1311,7.546666666666667,4
1312,7.706666666666667,4
1313,7.2,4
1314,7.28,4
1315,6.986666666666666,4
1316,8.026666666666667,4
1317,7.92,4
1318,7.92,4
1319,8.08,4
1320,8.346666666666666,4
1321,8.453333333333333,4
1322,8.293333333333333,4
1323,8.16,4
1324,7.866666666666666,4
1325,7.413333333333333,4
1326,8.133333333333333,4
1327,6.906666666666666,4
1328,7.066666666666666,4
1329,7.786666666666667,4
1330,8.133333333333333,4
1331,7.8933333333333335,4
1332,8.106666666666667,4
1333,8.613333333333333,4
1334,7.653333333333333,4
1335,8.293333333333333,4
1336,8.773333333333333,4
1337,7.28,4
1338,6.746666666666667,4
1339,6.933333333333334,4
1340,7.92,4
1341,7.946666666666666,4
1342,7.84,4
1343,8.026666666666667,4
1344,7.04,4
1345,8.533333333333333,4
1346,8.56,4
1347,8.8,4
1348,7.973333333333334,4
1349,8.186666666666667,4
1350,7.866666666666666,4
1351,8.666666666666666,4
1352,8.373333333333333,4
1353,8.213333333333333,4
1354,8.346666666666666,4
1355,7.653333333333333,4
1356,7.413333333333333,4
1357,7.68,4
1358,8.346666666666666,4
1359,7.733333333333333,4
1360,7.6,4
1361,7.706666666666667,4
1362,7.8933333333333335,4
1363,8.293333333333333,4
1364,7.466666666666667,4
1365,8.24,4
1366,7.306666666666667,4
1367,7.1466666666666665,4
1368,7.493333333333333,4
1369,8.133333333333333,4
1370,7.84,4
1371,7.8933333333333335,4
1372,7.386666666666667,4
1373,7.84,4
1374,8.24,4
1375,8.533333333333333,4
1376,7.413333333333333,4
1377,7.28,4
1378,7.306666666666667,4
1379,7.2,4
1380,8.16,4
1381,7.733333333333333,4
1382,8.426666666666666,4
1383,8.453333333333333,4
1384,7.386666666666667,4
1385,8.16,4
1386,7.466666666666667,4
1387,7.066666666666666,4
1388,7.28,4
1389,7.2,4
1390,6.933333333333334,4
1391,7.786666666666667,4
1392,7.866666666666666,4
1393,7.8933333333333335,4
1394,8.266666666666667,4
1395,8.053333333333333,4
1396,7.706666666666667,4
1397,7.786666666666667,4
1398,7.333333333333333,4
1399,6.933333333333334,4
1400,7.546666666666667,4
1401,7.76,4
1402,8.32,4
1403,7.866666666666666,4
1404,8.506666666666666,4
1405,8.773333333333333,4
1406,8.026666666666667,4
1407,8.586666666666666,4
1408,7.786666666666667,4
1409,8.026666666666667,4
1410,7.306666666666667,4
1411,7.546666666666667,4
1412,7.733333333333333,4
1413,8.186666666666667,4
1414,7.653333333333333,4
1415,7.653333333333333,4
1416,6.72,4
1417,7.653333333333333,4
1418,8.72,4
1419,8.08,4
1420,7.786666666666667,4
1421,8.266666666666667,4
1422,8.426666666666666,4
1423,7.546666666666667,4
1424,6.986666666666666,4
1425,7.466666666666667,4
1426,7.226666666666667,4
1427,6.693333333333333,4
1428,6.933333333333334,4
1429,7.44,4
1430,7.8133333333333335,4
1431,8.026666666666667,4
1432,7.44,4
1433,7.2,4
1434,7.333333333333333,4
1435,7.626666666666667,4
1436,6.746666666666667,4
1437,8.08,4
1438,7.226666666666667,4
1439,8.053333333333333,4
1440,7.626666666666667,4
1441,6.986666666666666,4
1442,8.16,4
1443,7.493333333333333,4
1444,7.173333333333333,4
1445,7.226666666666667,4
1446,7.866666666666666,4
1447,8.613333333333333,4
1448,7.36,4
1449,7.626666666666667,4
1450,7.653333333333333,4
1451,6.693333333333333,4
1452,6.88,4
1453,7.36,4
1454,7.306666666666667,4
1455,7.386666666666667,4
1456,7.6,4
1457,7.653333333333333,4
1458,6.906666666666666,4
1459,7.013333333333334,4
1460,7.786666666666667,4
1461,7.546666666666667,4
1462,8.4,4
1463,6.88,4
1464,8.0,4
1465,8.453333333333333,4
1466,8.16,4
1467,8.586666666666666,4
1468,7.8933333333333335,4
1469,8.453333333333333,4
1470,8.426666666666666,4
1471,8.133333333333333,4
1472,7.493333333333333,4
1473,7.04,4
1474,7.76,4
1475,8.16,4
1476,7.573333333333333,4
1477,6.613333333333333,4
1478,8.0,4
1479,7.786666666666667,4
1480,8.08,4
1481,7.733333333333333,4
1482,8.586666666666666,4
1483,8.373333333333333,4
1484,8.213333333333333,4
1485,7.68,4
1486,7.626666666666667,4
1487,8.106666666666667,4
1488,6.8533333333333335,4
1489,6.56,4
1490,7.306666666666667,4
1491,8.346666666666666,4
1492,7.8133333333333335,4
1493,8.48,4
1494,6.826666666666667,4
1495,8.266666666666667,4
1496,8.16,4
1497,8.026666666666667,4
1498,7.2,4
1499,7.573333333333333,4
1500,7.44,4
1501,7.44,4
1502,7.12,4
1503,7.573333333333333,4
1504,7.546666666666667,4
1505,7.093333333333334,4
1506,7.413333333333333,4
1507,8.346666666666666,4
1508,7.946666666666666,4
1509,8.346666666666666,4
1510,7.92,4
1511,7.413333333333333,4
1512,7.973333333333334,4
1513,7.733333333333333,4
1514,8.16,4
1515,8.186666666666667,4
1516,8.773333333333333,4
1517,8.346666666666666,4
1518,7.733333333333333,4
1519,7.52,4
1520,7.04,4
1521,8.373333333333333,4
1522,7.8133333333333335,4
1523,7.173333333333333,4
1524,7.04,4
1525,7.866666666666666,4
1526,7.946666666666666,4
1527,7.546666666666667,4
1528,7.76,4
1529,7.68,4
1530,7.066666666666666,4
1531,7.653333333333333,4
1532,8.32,4
1533,8.106666666666667,4
1534,8.0,4
1535,7.386666666666667,4
1536,7.68,4
1537,7.1466666666666665,4
1538,7.786666666666667,4
1539,7.92,4
1540,7.786666666666667,4
1541,8.346666666666666,4
1542,7.546666666666667,4
1543,7.413333333333333,4
1544,6.96,4
1545,7.466666666666667,4
1546,6.693333333333333,4
1547,7.68,4
1548,8.4,4
1549,8.24,4
1550,8.453333333333333,4
1551,7.866666666666666,4
1552,7.6,4
1553,7.653333333333333,4
1554,7.76,4
1555,8.613333333333333,4
1556,8.026666666666667,4
1557,8.32,4
1558,7.653333333333333,4
1559,7.013333333333334,4
1560,7.653333333333333,4
1561,7.013333333333334,4
1562,6.8533333333333335,4
1563,8.24,4
1564,8.773333333333333,4
1565,7.653333333333333,4
1566,7.493333333333333,4
1567,7.413333333333333,4
1568,7.173333333333333,4
1569,7.626666666666667,4
1570,7.466666666666667,4
1571,7.573333333333333,4
1572,8.133333333333333,4
1573,8.106666666666667,4
1574,7.493333333333333,4
1575,8.373333333333333,4
1576,8.346666666666666,4
1577,7.466666666666667,4
1578,8.08,4
1579,7.546666666666667,4
1580,7.8133333333333335,4
1581,7.466666666666667,4
1582,8.026666666666667,4
1583,8.986666666666666,4
1584,8.346666666666666,4
1585,7.52,4
1586,8.266666666666667,4
1587,7.76,4
1588,7.066666666666666,4
1589,7.36,4
1590,8.266666666666667,4
1591,7.946666666666666,4
1592,8.16,4
1593,7.733333333333333,4
1594,7.306666666666667,4
1595,6.773333333333333,4
1596,7.2,4
1597,7.013333333333334,4
1598,7.76,4
1599,7.12,4
1600,7.8133333333333335,4
1601,7.733333333333333,4
1602,8.133333333333333,4
1603,7.973333333333334,4
1604,8.213333333333333,4
1605,8.453333333333333,4
1606,7.973333333333334,4
1607,8.373333333333333,4
1608,8.4,4
1609,7.466666666666667,4
1610,8.426666666666666,4
1611,7.573333333333333,4
1612,7.973333333333334,4
1613,9.573333333333334,4
1614,8.453333333333333,4
1615,9.066666666666666,4
1616,7.653333333333333,4
1617,7.6,4
1618,8.266666666666667,4
1619,8.773333333333333,4
1620,7.626666666666667,4
1621,8.746666666666666,4
1622,7.866666666666666,4
1623,7.52,4
1624,8.053333333333333,4
1625,7.36,4
1626,7.52,4
1627,8.053333333333333,4
1628,7.8133333333333335,4
1629,7.413333333333333,4
1630,7.626666666666667,4
1631,7.8133333333333335,4
1632,8.293333333333333,4
1633,6.933333333333334,4
1634,7.36,4
1635,7.333333333333333,4
1636,7.226666666666667,4
1637,8.266666666666667,4
1638,7.786666666666667,4
1639,7.84,4
1640,8.293333333333333,4
1641,8.346666666666666,4
1642,7.8933333333333335,4
1643,8.186666666666667,4
1644,7.866666666666666,4
1645,8.426666666666666,4
1646,7.493333333333333,4
1647,7.493333333333333,4
1648,8.64,4
1649,8.213333333333333,4
1650,8.213333333333333,4
1651,8.293333333333333,4
1652,7.76,4
1653,8.106666666666667,4
1654,8.426666666666666,4
1655,8.133333333333333,4
1656,7.333333333333333,4
1657,7.973333333333334,4
1658,7.92,4
1659,7.28,4
1660,7.386666666666667,4
1661,6.96,4
1662,7.973333333333334,4
1663,8.106666666666667,4
1664,7.8133333333333335,4
1665,7.68,4
1666,7.92,4
1667,8.213333333333333,4
1668,8.106666666666667,4
1669,8.453333333333333,4
1670,8.213333333333333,4
1671,7.866666666666666,4
1672,8.0,4
1673,7.733333333333333,4
1674,8.586666666666666,4
1675,7.786666666666667,4
1676,7.733333333333333,4
1677,8.64,4
1678,8.693333333333333,4
1679,8.133333333333333,4
1680,8.346666666666666,4
1681,8.666666666666666,4
1682,8.293333333333333,4
1683,8.426666666666666,4
1684,7.946666666666666,4
1685,7.2,4
1686,7.84,4
1687,8.4,4
1688,8.026666666666667,4
1689,7.946666666666666,4
1690,7.333333333333333,4
1691,6.826666666666667,4
1692,7.68,4
1693,8.32,4
1694,7.653333333333333,4
1695,7.76,4
1696,7.626666666666667,4
1697,7.466666666666667,4
1698,8.0,4
1699,7.013333333333334,4
1700,7.493333333333333,4
1701,7.2,4
1702,8.0,4
1703,9.12,4
1704,7.546666666666667,4
1705,7.466666666666667,4
1706,7.8133333333333335,4
1707,7.28,4
1708,7.333333333333333,4
1709,7.706666666666667,4
1710,7.733333333333333,4
1711,7.733333333333333,4
1712,7.68,4
1713,7.546666666666667,4
1714,7.546666666666667,4
1715,6.4,4
1716,6.906666666666666,4
1717,6.826666666666667,4
1718,6.906666666666666,4
1719,7.333333333333333,4
1720,7.706666666666667,4
1721,6.8,4
1722,7.52,4
1723,7.013333333333334,4
1724,6.88,4
1725,7.946666666666666,4
1726,7.8133333333333335,4
1727,6.64,4
1728,6.96,4
1729,7.573333333333333,4
1730,7.253333333333333,4
1731,8.186666666666667,4
1732,7.786666666666667,4
1733,7.573333333333333,4
1734,7.44,4
1735,8.586666666666666,4
1736,7.68,4
1737,7.493333333333333,4
1738,8.0,4
1739,8.213333333333333,4
1740,8.026666666666667,4
1741,7.84,4
1742,8.0,4
1743,7.28,4
1744,7.493333333333333,4
1745,7.04,4
1746,6.773333333333333,4
1747,6.56,4
1748,7.8133333333333335,4
1749,7.493333333333333,4
1750,7.333333333333333,4
1751,7.12,4
1752,7.1466666666666665,4
1753,7.6,4
1754,8.266666666666667,4
1755,7.706666666666667,4
1756,7.2,4
1757,8.266666666666667,4
1758,7.306666666666667,4
1759,8.08,4
1760,8.213333333333333,4
1761,9.28,4
1762,8.053333333333333,4
1763,8.026666666666667,4
1764,7.493333333333333,4
1765,7.36,4
1766,7.44,4
1767,7.04,4
1768,7.866666666666666,4
1769,8.32,4
1770,9.066666666666666,4
1771,9.066666666666666,4
1772,7.2,4
1773,7.653333333333333,4
1774,6.133333333333334,4
1775,7.066666666666666,4
1776,7.706666666666667,4
1777,7.52,4
1778,8.0,4
1779,8.506666666666666,4
1780,8.053333333333333,4
1781,7.52,4
1782,8.213333333333333,4
1783,7.546666666666667,4
1784,7.946666666666666,4
1785,7.36,4
1786,7.8933333333333335,4
1787,7.2,4
1788,8.026666666666667,4
1789,7.84,4
1790,7.706666666666667,4
1791,7.786666666666667,4
1792,8.373333333333333,4
1793,7.36,4
1794,7.546666666666667,4
1795,7.466666666666667,4
1796,7.1466666666666665,4
1797,7.12,4
1798,7.493333333333333,4
1799,7.12,4
1800,7.306666666666667,4
1801,7.733333333333333,4
1802,7.493333333333333,4
1803,7.653333333333333,4
1804,7.493333333333333,4
1805,7.68,4
1806,7.973333333333334,4
1807,8.026666666666667,4
1808,7.306666666666667,4
1809,8.453333333333333,4
1810,8.026666666666667,4
1811,7.52,4
1812,7.6,4
1813,7.92,4
1814,7.52,4
1815,7.333333333333333,4
1816,7.8933333333333335,4
1817,8.24,4
1818,7.04,4
1819,6.64,4
1820,8.426666666666666,4
1821,7.973333333333334,4
1822,7.8933333333333335,4
1823,7.333333333333333,4
1824,7.413333333333333,4
1825,8.266666666666667,4
1826,8.266666666666667,4
1827,7.946666666666666,4
1828,8.133333333333333,4
1829,7.8933333333333335,4
1830,7.8133333333333335,4
1831,8.266666666666667,4
1832,7.76,4
1833,8.053333333333333,4
1834,6.986666666666666,4
1835,7.36,4
1836,7.44,4
1837,7.04,4
1838,6.88,4
1839,6.426666666666667,4
1840,7.12,4
1841,7.546666666666667,4
1842,7.546666666666667,4
1843,7.52,4
1844,7.226666666666667,4
1845,8.133333333333333,4
1846,7.706666666666667,4
1847,7.76,4
1848,7.44,4
1849,7.573333333333333,4
1850,8.506666666666666,4
1851,7.68,4
1852,7.573333333333333,4
1853,6.933333333333334,4
1854,7.466666666666667,4
1855,7.68,4
1856,7.8133333333333335,4
1857,7.973333333333334,4
1858,7.92,4
1859,7.066666666666666,4
1860,7.12,4
1861,7.1466666666666665,4
1862,7.2,4
1863,7.493333333333333,4
1864,8.453333333333333,4
1865,7.6,4
1866,7.946666666666666,4
1867,8.0,4
1868,7.76,4
1869,8.026666666666667,4
1870,7.8933333333333335,4
1871,7.226666666666667,4
1872,7.546666666666667,4
1873,8.0,4
1874,7.8133333333333335,4
1875,7.626666666666667,4
1876,7.306666666666667,4
1877,7.306666666666667,4
1878,7.44,4
1879,7.28,4
1880,7.386666666666667,4
1881,7.493333333333333,4
1882,7.2,4
1883,8.213333333333333,4
1884,7.386666666666667,4
1885,7.04,4
1886,7.573333333333333,4
1887,7.466666666666667,4
1888,7.8133333333333335,4
1889,9.093333333333334,4
1890,8.693333333333333,4
1891,7.706666666666667,4
1892,7.466666666666667,4
1893,7.306666666666667,4
1894,6.586666666666667,4
1895,6.56,4
1896,7.706666666666667,4
1897,8.0,4
1898,8.08,4
1899,7.76,4
1900,7.6,4
1901,6.986666666666666,4
1902,8.0,4
1903,7.546666666666667,4
1904,6.693333333333333,4
1905,7.973333333333334,4
1906,8.16,4
1907,8.133333333333333,4
1908,7.066666666666666,4
1909,7.36,4
1910,8.373333333333333,4
1911,8.24,4
1912,8.346666666666666,4
1913,7.706666666666667,4
1914,8.4,4
1915,8.053333333333333,4
1916,8.16,4
1917,8.4,4
1918,7.973333333333334,4
1919,7.706666666666667,4
1920,7.36,4
1921,6.773333333333333,4
1922,8.053333333333333,4
1923,7.04,4
1924,7.2,4
1925,7.04,4
1926,7.866666666666666,4
1927,7.386666666666667,4
1928,7.8133333333333335,4
1929,7.706666666666667,4
1930,6.72,4
1931,7.92,4
1932,7.8933333333333335,4
1933,7.173333333333333,4
1934,8.453333333333333,4
1935,7.973333333333334,4
1936,8.133333333333333,4
1937,8.4,4
1938,8.826666666666666,4
1939,8.053333333333333,4
1940,7.68,4
1941,7.573333333333333,4
1942,8.133333333333333,4
1943,9.28,4
1944,8.373333333333333,4
1945,7.306666666666667,4
1946,7.52,4
1947,6.986666666666666,4
1948,7.093333333333334,4
1949,7.84,4
1950,7.386666666666667,4
1951,7.413333333333333,4
1952,7.386666666666667,4
1953,7.306666666666667,4
1954,8.346666666666666,4
1955,7.653333333333333,4
1956,9.12,4
1957,7.546666666666667,4
1958,7.76,4
1959,7.386666666666667,4
1960,7.2,4
1961,8.186666666666667,4
1962,7.6,4
1963,8.026666666666667,4
1964,8.586666666666666,4
1965,9.146666666666667,4
1966,8.56,4
1967,7.8133333333333335,4
1968,7.066666666666666,4
1969,7.786666666666667,4
1970,8.133333333333333,4
1971,7.413333333333333,4
1972,6.88,4
1973,7.093333333333334,4
1974,7.6,4
1975,7.68,4
1976,8.0,4
1977,7.946666666666666,4
1978,7.8133333333333335,4
1979,7.386666666666667,4
1980,7.8933333333333335,4
1981,7.333333333333333,4
1982,8.4,4
1983,7.786666666666667,4
1984,8.213333333333333,4
1985,7.2,4
1986,8.586666666666666,4
1987,8.853333333333333,4
1988,7.493333333333333,4
1989,8.053333333333333,4
1990,8.506666666666666,4
1991,8.64,4
1992,7.92,4
1993,7.8133333333333335,4
1994,7.04,4
1995,8.053333333333333,4
1996,7.92,4
1997,7.8133333333333335,4
1998,7.706666666666667,4
1999,7.733333333333333,4
