Figure: small_5
File Number: 21
Nodes: 36
Edges: 580
Max Generations: 2000
Population Size: 150
Mutation Rate: 0.01
Colors Used: 8
Runtime: 3.59

Generation,Average Fitness,Best Fitness
0,146.74666666666667,92
1,137.76,92
2,128.90666666666667,92
3,123.94666666666667,92
4,119.09333333333333,84
5,117.2,80
6,114.90666666666667,72
7,113.94666666666667,72
8,110.88,60
9,110.10666666666667,60
10,106.85333333333334,52
11,105.94666666666667,52
12,104.88,52
13,99.94666666666667,44
14,96.45333333333333,44
15,93.17333333333333,44
16,88.61333333333333,44
17,81.25333333333333,44
18,75.44,44
19,69.6,44
20,63.54666666666667,44
21,59.68,44
22,55.013333333333335,40
23,52.16,36
24,49.78666666666667,32
25,47.14666666666667,32
26,45.12,28
27,42.77333333333333,28
28,41.17333333333333,24
29,39.946666666666665,24
30,38.8,24
31,37.946666666666665,24
32,35.17333333333333,24
33,34.053333333333335,24
34,32.586666666666666,20
35,30.293333333333333,20
36,29.733333333333334,20
37,28.64,16
38,27.706666666666667,16
39,26.88,12
40,25.36,12
41,24.373333333333335,12
42,23.52,12
43,23.066666666666666,12
44,22.96,12
45,22.48,12
46,20.293333333333333,12
47,19.893333333333334,8
48,19.28,8
49,18.986666666666668,8
50,19.14666666666667,8
51,18.293333333333333,8
52,17.786666666666665,8
53,15.893333333333333,8
54,15.413333333333334,8
55,15.28,8
56,14.506666666666666,8
57,13.653333333333334,8
58,14.026666666666667,8
59,12.8,8
60,12.48,8
61,12.613333333333333,8
62,11.493333333333334,4
63,11.093333333333334,4
64,12.0,4
65,10.586666666666666,4
66,11.386666666666667,4
67,10.48,4
68,10.8,4
69,10.293333333333333,4
70,9.92,4
71,10.986666666666666,4
72,10.373333333333333,4
73,9.493333333333334,4
74,10.0,4
75,10.026666666666667,4
76,8.826666666666666,4
77,8.133333333333333,4
78,6.8,4
79,7.173333333333333,4
80,7.76,4
81,7.76,4
82,7.786666666666667,4
83,8.08,4
84,7.92,4
85,8.8,4
86,7.84,4
87,7.653333333333333,4
88,7.253333333333333,4
89,6.906666666666666,4
90,6.773333333333333,4
91,7.12,4
92,8.08,4
93,8.453333333333333,4
94,8.773333333333333,4
95,8.106666666666667,4
96,7.573333333333333,4
97,7.68,4
98,7.786666666666667,4
99,7.466666666666667,4
100,7.786666666666667,4
101,6.48,4
102,7.2,4
103,6.826666666666667,4
104,7.04,4
105,6.933333333333334,4
106,6.933333333333334,4
107,7.253333333333333,4
108,7.466666666666667,4
109,7.493333333333333,4
110,7.786666666666667,4
111,7.653333333333333,4
112,8.133333333333333,4
113,7.306666666666667,4
114,8.586666666666666,4
115,8.0,4
116,8.186666666666667,4
117,8.72,4
118,9.066666666666666,4
119,8.106666666666667,4
120,8.4,4
121,9.04,4
122,8.746666666666666,4
123,8.026666666666667,4
124,8.666666666666666,4
125,7.8933333333333335,4
126,7.786666666666667,4
127,7.306666666666667,4
128,7.226666666666667,4
129,7.04,4
130,7.44,4
131,6.346666666666667,4
132,7.013333333333334,4
133,7.28,4
134,7.226666666666667,4
135,7.733333333333333,4
136,8.586666666666666,4
137,8.106666666666667,4
138,7.946666666666666,4
139,7.466666666666667,4
140,7.626666666666667,4
141,8.853333333333333,4
142,8.96,4
143,9.12,4
144,8.64,4
145,9.013333333333334,4
146,8.346666666666666,4
147,6.906666666666666,4
148,7.173333333333333,4
149,7.946666666666666,4
150,7.2,4
151,6.506666666666667,4
152,7.733333333333333,4
153,7.386666666666667,4
154,7.493333333333333,4
155,6.986666666666666,4
156,6.826666666666667,4
157,6.986666666666666,4
158,7.76,4
159,7.413333333333333,4
160,8.186666666666667,4
161,7.76,4
162,7.306666666666667,4
163,6.933333333333334,4
164,7.84,4
165,8.56,4
166,8.186666666666667,4
167,8.0,4
168,7.946666666666666,4
169,7.04,4
170,7.226666666666667,4
171,6.746666666666667,4
172,7.8133333333333335,4
173,7.84,4
174,7.226666666666667,4
175,7.52,4
176,7.12,4
177,7.253333333333333,4
178,8.08,4
179,8.08,4
180,8.0,4
181,7.333333333333333,4
182,7.8933333333333335,4
183,8.0,4
184,7.84,4
185,8.16,4
186,7.946666666666666,4
187,7.84,4
188,7.68,4
189,7.76,4
190,7.6,4
191,7.04,4
192,7.8933333333333335,4
193,8.133333333333333,4
194,8.373333333333333,4
195,9.173333333333334,4
196,8.48,4
197,8.426666666666666,4
198,8.266666666666667,4
199,7.76,4
200,8.373333333333333,4
201,8.24,4
202,7.226666666666667,4
203,6.906666666666666,4
204,7.493333333333333,4
205,7.44,4
206,7.333333333333333,4
207,7.333333333333333,4
208,8.586666666666666,4
209,8.64,4
210,8.32,4
211,7.68,4
212,8.586666666666666,4
213,7.973333333333334,4
214,7.28,4
215,7.28,4
216,7.333333333333333,4
217,6.906666666666666,4
218,7.413333333333333,4
219,7.386666666666667,4
220,8.293333333333333,4
221,7.866666666666666,4
222,7.546666666666667,4
223,7.573333333333333,4
224,7.36,4
225,6.986666666666666,4
226,6.826666666666667,4
227,6.986666666666666,4
228,7.973333333333334,4
229,7.84,4
230,7.52,4
231,7.466666666666667,4
232,7.973333333333334,4
233,7.626666666666667,4
234,7.466666666666667,4
235,7.76,4
236,7.76,4
237,8.426666666666666,4
238,8.72,4
239,7.546666666666667,4
240,7.413333333333333,4
241,8.106666666666667,4
242,8.746666666666666,4
243,8.133333333333333,4
244,7.786666666666667,4
245,7.76,4
246,8.24,4
247,7.866666666666666,4
248,8.08,4
249,7.546666666666667,4
250,7.8933333333333335,4
251,8.08,4
252,8.613333333333333,4
253,7.466666666666667,4
254,7.466666666666667,4
255,7.8933333333333335,4
256,7.6,4
257,6.906666666666666,4
258,7.52,4
259,7.786666666666667,4
260,7.92,4
261,8.373333333333333,4
262,8.026666666666667,4
263,7.733333333333333,4
264,7.333333333333333,4
265,7.44,4
266,8.986666666666666,4
267,9.146666666666667,4
268,7.733333333333333,4
269,8.693333333333333,4
270,8.16,4
271,7.253333333333333,4
272,6.906666666666666,4
273,7.04,4
274,7.36,4
275,7.866666666666666,4
276,7.626666666666667,4
277,7.44,4
278,7.44,4
279,7.466666666666667,4
280,6.933333333333334,4
281,8.053333333333333,4
282,7.653333333333333,4
283,8.026666666666667,4
284,8.453333333333333,4
285,8.08,4
286,7.28,4
287,7.386666666666667,4
288,8.453333333333333,4
289,7.653333333333333,4
290,7.466666666666667,4
291,7.306666666666667,4
292,7.333333333333333,4
293,7.493333333333333,4
294,7.733333333333333,4
295,7.8133333333333335,4
296,7.706666666666667,4
297,7.946666666666666,4
298,8.186666666666667,4
299,8.746666666666666,4
300,8.266666666666667,4
301,7.653333333333333,4
302,8.853333333333333,4
303,8.586666666666666,4
304,7.653333333333333,4
305,7.84,4
306,7.92,4
307,8.08,4
308,8.453333333333333,4
309,7.333333333333333,4
310,7.68,4
311,7.92,4
312,8.053333333333333,4
313,7.413333333333333,4
314,7.68,4
315,7.8133333333333335,4
316,9.173333333333334,4
317,8.32,4
318,7.866666666666666,4
319,7.306666666666667,4
320,7.173333333333333,4
321,8.186666666666667,4
322,8.24,4
323,7.546666666666667,4
324,7.226666666666667,4
325,7.573333333333333,4
326,7.573333333333333,4
327,8.106666666666667,4
328,9.44,4
329,8.106666666666667,4
330,7.52,4
331,7.84,4
332,6.693333333333333,4
333,7.2,4
334,7.68,4
335,7.36,4
336,7.68,4
337,8.186666666666667,4
338,7.92,4
339,9.52,4
340,8.933333333333334,4
341,8.053333333333333,4
342,7.973333333333334,4
343,8.426666666666666,4
344,8.4,4
345,8.186666666666667,4
346,8.266666666666667,4
347,7.066666666666666,4
348,8.053333333333333,4
349,8.026666666666667,4
350,7.8933333333333335,4
351,9.173333333333334,4
352,7.8133333333333335,4
353,6.986666666666666,4
354,7.1466666666666665,4
355,7.12,4
356,7.493333333333333,4
357,7.68,4
358,6.72,4
359,6.293333333333333,4
360,7.1466666666666665,4
361,7.413333333333333,4
362,8.026666666666667,4
363,7.84,4
364,7.866666666666666,4
365,7.76,4
366,7.52,4
367,7.306666666666667,4
368,8.133333333333333,4
369,7.493333333333333,4
370,7.626666666666667,4
371,7.8133333333333335,4
372,7.12,4
373,6.64,4
374,7.84,4
375,8.133333333333333,4
376,7.706666666666667,4
377,7.04,4
378,7.066666666666666,4
379,7.466666666666667,4
380,7.786666666666667,4
381,7.973333333333334,4
382,7.253333333333333,4
383,7.253333333333333,4
384,7.2,4
385,8.533333333333333,4
386,8.373333333333333,4
387,8.426666666666666,4
388,7.68,4
389,8.0,4
390,8.106666666666667,4
391,7.44,4
392,6.88,4
393,7.52,4
394,7.866666666666666,4
395,8.08,4
396,8.133333333333333,4
397,7.8933333333333335,4
398,7.973333333333334,4
399,7.733333333333333,4
400,8.08,4
401,8.48,4
402,7.8133333333333335,4
403,8.826666666666666,4
404,7.626666666666667,4
405,7.8933333333333335,4
406,8.346666666666666,4
407,7.2,4
408,7.493333333333333,4
409,7.866666666666666,4
410,7.413333333333333,4
411,7.653333333333333,4
412,7.8133333333333335,4
413,8.426666666666666,4
414,9.013333333333334,4
415,7.626666666666667,4
416,8.426666666666666,4
417,8.48,4
418,8.186666666666667,4
419,7.466666666666667,4
420,8.426666666666666,4
421,7.786666666666667,4
422,8.053333333333333,4
423,7.626666666666667,4
424,7.946666666666666,4
425,7.386666666666667,4
426,7.493333333333333,4
427,7.733333333333333,4
428,8.56,4
429,9.84,4
430,9.2,4
431,8.186666666666667,4
432,7.493333333333333,4
433,8.186666666666667,4
434,8.106666666666667,4
435,8.213333333333333,4
436,8.613333333333333,4
437,8.106666666666667,4
438,8.266666666666667,4
439,8.853333333333333,4
440,7.973333333333334,4
441,8.106666666666667,4
442,7.493333333333333,4
443,7.76,4
444,8.64,4
445,7.76,4
446,7.466666666666667,4
447,7.013333333333334,4
448,7.36,4
449,7.493333333333333,4
450,7.946666666666666,4
451,7.973333333333334,4
452,7.76,4
453,7.013333333333334,4
454,7.173333333333333,4
455,6.986666666666666,4
456,7.2,4
457,8.293333333333333,4
458,8.24,4
459,7.68,4
460,7.653333333333333,4
461,8.293333333333333,4
462,7.973333333333334,4
463,7.306666666666667,4
464,7.546666666666667,4
465,7.066666666666666,4
466,7.786666666666667,4
467,7.626666666666667,4
468,7.52,4
469,6.826666666666667,4
470,7.706666666666667,4
471,7.8933333333333335,4
472,7.866666666666666,4
473,6.826666666666667,4
474,7.573333333333333,4
475,7.226666666666667,4
476,8.266666666666667,4
477,8.133333333333333,4
478,8.026666666666667,4
479,7.706666666666667,4
480,7.2,4
481,7.786666666666667,4
482,7.68,4
483,6.986666666666666,4
484,7.333333333333333,4
485,7.493333333333333,4
486,7.68,4
487,7.28,4
488,8.08,4
489,8.0,4
490,8.48,4
491,8.186666666666667,4
492,7.626666666666667,4
493,6.88,4
494,7.8133333333333335,4
495,8.106666666666667,4
496,8.986666666666666,4
497,8.0,4
498,7.8933333333333335,4
499,7.1466666666666665,4
500,8.08,4
501,8.32,4
502,8.613333333333333,4
503,7.52,4
504,7.466666666666667,4
505,7.68,4
506,8.106666666666667,4
507,7.92,4
508,8.48,4
509,8.32,4
510,7.6,4
511,7.8933333333333335,4
512,8.32,4
513,8.48,4
514,8.213333333333333,4
515,8.026666666666667,4
516,7.28,4
517,6.96,4
518,6.506666666666667,4
519,6.933333333333334,4
520,7.84,4
521,9.04,4
522,7.653333333333333,4
523,7.973333333333334,4
524,8.453333333333333,4
525,7.413333333333333,4
526,7.306666666666667,4
527,7.36,4
528,7.44,4
529,7.973333333333334,4
530,7.68,4
531,7.52,4
532,8.213333333333333,4
533,8.8,4
534,8.346666666666666,4
535,7.706666666666667,4
536,7.466666666666667,4
537,7.36,4
538,7.28,4
539,7.333333333333333,4
540,7.52,4
541,7.306666666666667,4
542,7.706666666666667,4
543,7.706666666666667,4
544,8.133333333333333,4
545,7.413333333333333,4
546,7.546666666666667,4
547,7.253333333333333,4
548,7.12,4
549,6.88,4
550,7.44,4
551,7.866666666666666,4
552,8.106666666666667,4
553,7.066666666666666,4
554,7.6,4
555,7.306666666666667,4
556,7.226666666666667,4
557,7.28,4
558,7.12,4
559,7.653333333333333,4
560,7.946666666666666,4
561,8.56,4
562,7.52,4
563,7.386666666666667,4
564,7.413333333333333,4
565,7.386666666666667,4
566,6.453333333333333,4
567,6.213333333333333,4
568,7.2,4
569,7.466666666666667,4
570,7.6,4
571,8.88,4
572,8.373333333333333,4
573,8.186666666666667,4
574,7.36,4
575,7.44,4
576,7.066666666666666,4
577,8.586666666666666,4
578,8.72,4
579,8.933333333333334,4
580,8.213333333333333,4
581,7.786666666666667,4
582,7.44,4
583,6.773333333333333,4
584,7.226666666666667,4
585,7.12,4
586,7.173333333333333,4
587,6.826666666666667,4
588,6.72,4
589,6.986666666666666,4
590,7.866666666666666,4
591,7.52,4
592,6.8,4
593,7.28,4
594,8.373333333333333,4
595,8.48,4
596,8.133333333333333,4
597,8.453333333333333,4
598,7.946666666666666,4
599,8.106666666666667,4
600,7.44,4
601,7.253333333333333,4
602,7.733333333333333,4
603,7.1466666666666665,4
604,7.573333333333333,4
605,7.173333333333333,4
606,7.466666666666667,4
607,8.0,4
608,8.133333333333333,4
609,7.173333333333333,4
610,8.24,4
611,8.48,4
612,8.133333333333333,4
613,7.84,4
614,8.586666666666666,4
615,8.96,4
616,7.253333333333333,4
617,7.786666666666667,4
618,8.08,4
619,7.44,4
620,7.8133333333333335,4
621,8.133333333333333,4
622,7.92,4
623,7.1466666666666665,4
624,7.8133333333333335,4
625,8.693333333333333,4
626,8.773333333333333,4
627,8.986666666666666,4
628,7.733333333333333,4
629,7.706666666666667,4
630,7.44,4
631,7.413333333333333,4
632,8.186666666666667,4
633,7.226666666666667,4
634,6.826666666666667,4
635,8.0,4
636,7.28,4
637,7.28,4
638,7.84,4
639,7.786666666666667,4
640,8.24,4
641,8.08,4
642,8.72,4
643,7.8933333333333335,4
644,7.973333333333334,4
645,7.226666666666667,4
646,8.48,4
647,7.76,4
648,7.84,4
649,7.36,4
650,8.16,4
651,8.32,4
652,6.933333333333334,4
653,7.52,4
654,7.52,4
655,7.013333333333334,4
656,7.68,4
657,8.186666666666667,4
658,7.866666666666666,4
659,7.653333333333333,4
660,7.786666666666667,4
661,7.76,4
662,7.44,4
663,8.293333333333333,4
664,8.266666666666667,4
665,7.626666666666667,4
666,7.386666666666667,4
667,7.573333333333333,4
668,8.026666666666667,4
669,7.413333333333333,4
670,7.413333333333333,4
671,7.653333333333333,4
672,7.466666666666667,4
673,8.373333333333333,4
674,7.013333333333334,4
675,7.44,4
676,7.733333333333333,4
677,7.1466666666666665,4
678,7.573333333333333,4
679,7.173333333333333,4
680,7.28,4
681,6.56,4
682,7.173333333333333,4
683,8.053333333333333,4
684,8.506666666666666,4
685,8.906666666666666,4
686,9.2,4
687,8.426666666666666,4
688,7.466666666666667,4
689,8.72,4
690,8.106666666666667,4
691,7.946666666666666,4
692,8.346666666666666,4
693,7.413333333333333,4
694,7.8133333333333335,4
695,7.733333333333333,4
696,7.946666666666666,4
697,6.666666666666667,4
698,7.76,4
699,7.626666666666667,4
700,7.8133333333333335,4
701,7.413333333333333,4
702,7.2,4
703,7.44,4
704,7.573333333333333,4
705,7.946666666666666,4
706,8.48,4
707,8.24,4
708,7.52,4
709,7.36,4
710,6.64,4
711,8.266666666666667,4
712,7.8133333333333335,4
713,7.6,4
714,7.546666666666667,4
715,7.173333333333333,4
716,7.546666666666667,4
717,7.786666666666667,4
718,8.746666666666666,4
719,9.04,4
720,8.96,4
721,8.346666666666666,4
722,7.36,4
723,7.866666666666666,4
724,7.12,4
725,8.08,4
726,8.0,4
727,7.866666666666666,4
728,8.053333333333333,4
729,7.786666666666667,4
730,8.08,4
731,7.84,4
732,8.106666666666667,4
733,8.266666666666667,4
734,8.8,4
735,8.64,4
736,7.52,4
737,6.48,4
738,7.706666666666667,4
739,7.173333333333333,4
740,7.093333333333334,4
741,8.746666666666666,4
742,8.053333333333333,4
743,7.573333333333333,4
744,7.546666666666667,4
745,7.92,4
746,7.2,4
747,7.12,4
748,6.666666666666667,4
749,7.226666666666667,4
750,7.546666666666667,4
751,7.04,4
752,7.44,4
753,7.466666666666667,4
754,6.986666666666666,4
755,6.96,4
756,8.133333333333333,4
757,6.986666666666666,4
758,7.8133333333333335,4
759,7.84,4
760,7.946666666666666,4
761,8.0,4
762,7.8133333333333335,4
763,7.413333333333333,4
764,7.013333333333334,4
765,7.706666666666667,4
766,8.853333333333333,4
767,9.573333333333334,4
768,8.746666666666666,4
769,8.32,4
770,8.373333333333333,4
771,8.346666666666666,4
772,7.92,4
773,8.053333333333333,4
774,8.266666666666667,4
775,9.093333333333334,4
776,9.52,4
777,8.693333333333333,4
778,8.24,4
779,7.066666666666666,4
780,6.88,4
781,7.36,4
782,7.2,4
783,8.453333333333333,4
784,7.653333333333333,4
785,8.186666666666667,4
786,7.733333333333333,4
787,7.76,4
788,7.333333333333333,4
789,7.973333333333334,4
790,7.04,4
791,7.546666666666667,4
792,7.386666666666667,4
793,7.733333333333333,4
794,7.013333333333334,4
795,7.306666666666667,4
796,7.8933333333333335,4
797,6.986666666666666,4
798,7.493333333333333,4
799,8.026666666666667,4
800,8.266666666666667,4
801,8.24,4
802,8.213333333333333,4
803,9.04,4
804,8.613333333333333,4
805,7.706666666666667,4
806,7.733333333333333,4
807,7.8933333333333335,4
808,7.52,4
809,7.6,4
810,7.8933333333333335,4
811,7.786666666666667,4
812,8.373333333333333,4
813,8.48,4
814,8.106666666666667,4
815,7.36,4
816,7.626666666666667,4
817,7.093333333333334,4
818,7.173333333333333,4
819,6.453333333333333,4
820,6.96,4
821,7.546666666666667,4
822,8.16,4
823,8.32,4
824,7.546666666666667,4
825,7.573333333333333,4
826,7.8133333333333335,4
827,7.386666666666667,4
828,7.786666666666667,4
829,7.44,4
830,7.226666666666667,4
831,7.866666666666666,4
832,7.84,4
833,7.68,4
834,7.973333333333334,4
835,8.08,4
836,8.426666666666666,4
837,9.12,4
838,8.48,4
839,7.8933333333333335,4
840,8.56,4
841,8.16,4
842,7.52,4
843,6.906666666666666,4
844,7.626666666666667,4
845,6.773333333333333,4
846,6.373333333333333,4
847,7.546666666666667,4
848,7.413333333333333,4
849,7.706666666666667,4
850,6.906666666666666,4
851,6.986666666666666,4
852,7.493333333333333,4
853,7.546666666666667,4
854,8.026666666666667,4
855,8.613333333333333,4
856,8.08,4
857,6.96,4
858,7.44,4
859,7.333333333333333,4
860,7.786666666666667,4
861,7.8933333333333335,4
862,7.68,4
863,7.8933333333333335,4
864,8.08,4
865,8.0,4
866,6.8533333333333335,4
867,7.1466666666666665,4
868,7.04,4
869,7.013333333333334,4
870,7.066666666666666,4
871,6.88,4
872,6.986666666666666,4
873,7.1466666666666665,4
874,7.626666666666667,4
875,6.96,4
876,6.773333333333333,4
877,7.306666666666667,4
878,7.92,4
879,7.973333333333334,4
880,8.0,4
881,7.413333333333333,4
882,7.066666666666666,4
883,7.173333333333333,4
884,6.453333333333333,4
885,7.28,4
886,6.746666666666667,4
887,7.76,4
888,8.72,4
889,8.56,4
890,8.56,4
891,8.106666666666667,4
892,7.44,4
893,7.6,4
894,7.84,4
895,8.266666666666667,4
896,7.226666666666667,4
897,6.773333333333333,4
898,6.266666666666667,4
899,6.88,4
900,7.333333333333333,4
901,7.733333333333333,4
902,8.133333333333333,4
903,7.946666666666666,4
904,8.72,4
905,8.56,4
906,8.186666666666667,4
907,7.546666666666667,4
908,7.946666666666666,4
909,8.16,4
910,8.053333333333333,4
911,8.0,4
912,8.08,4
913,7.8133333333333335,4
914,8.266666666666667,4
915,7.306666666666667,4
916,6.666666666666667,4
917,8.026666666666667,4
918,7.626666666666667,4
919,7.8933333333333335,4
920,8.186666666666667,4
921,7.92,4
922,9.44,4
923,9.066666666666666,4
924,8.853333333333333,4
925,8.506666666666666,4
926,8.586666666666666,4
927,7.44,4
928,8.906666666666666,4
929,7.84,4
930,7.786666666666667,4
931,7.333333333333333,4
932,7.413333333333333,4
933,7.306666666666667,4
934,7.8133333333333335,4
935,7.68,4
936,7.386666666666667,4
937,7.12,4
938,7.546666666666667,4
939,7.653333333333333,4
940,8.133333333333333,4
941,7.52,4
942,7.386666666666667,4
943,8.026666666666667,4
944,7.44,4
945,6.56,4
946,6.8533333333333335,4
947,7.066666666666666,4
948,7.653333333333333,4
949,7.493333333333333,4
950,6.506666666666667,4
951,6.96,4
952,7.306666666666667,4
953,7.2,4
954,7.466666666666667,4
955,7.493333333333333,4
956,8.32,4
957,7.84,4
958,7.546666666666667,4
959,7.12,4
960,7.946666666666666,4
961,8.373333333333333,4
962,8.666666666666666,4
963,7.866666666666666,4
964,7.866666666666666,4
965,8.24,4
966,8.106666666666667,4
967,7.973333333333334,4
968,7.68,4
969,7.573333333333333,4
970,8.133333333333333,4
971,8.266666666666667,4
972,9.2,4
973,8.08,4
974,8.106666666666667,4
975,8.24,4
976,8.08,4
977,8.373333333333333,4
978,7.68,4
979,7.2,4
980,7.546666666666667,4
981,7.386666666666667,4
982,7.386666666666667,4
983,7.733333333333333,4
984,7.653333333333333,4
985,8.346666666666666,4
986,7.973333333333334,4
987,8.293333333333333,4
988,7.546666666666667,4
989,8.346666666666666,4
990,8.373333333333333,4
991,8.08,4
992,7.2,4
993,6.986666666666666,4
994,6.32,4
995,7.12,4
996,7.466666666666667,4
997,8.613333333333333,4
998,7.52,4
999,7.786666666666667,4
1000,7.36,4
1001,8.0,4
1002,7.626666666666667,4
1003,6.986666666666666,4
1004,7.8133333333333335,4
1005,7.253333333333333,4
1006,6.586666666666667,4
1007,7.226666666666667,4
1008,7.6,4
1009,7.8133333333333335,4
1010,7.546666666666667,4
1011,8.24,4
1012,8.56,4
1013,8.746666666666666,4
1014,8.746666666666666,4
1015,7.28,4
1016,8.053333333333333,4
1017,7.866666666666666,4
1018,7.706666666666667,4
1019,7.413333333333333,4
1020,7.706666666666667,4
1021,7.1466666666666665,4
1022,7.306666666666667,4
1023,6.8,4
1024,6.986666666666666,4
1025,7.36,4
1026,7.226666666666667,4
1027,6.826666666666667,4
1028,6.346666666666667,4
1029,7.253333333333333,4
1030,7.333333333333333,4
1031,7.28,4
1032,7.706666666666667,4
1033,8.266666666666667,4
1034,7.8133333333333335,4
1035,8.746666666666666,4
1036,7.733333333333333,4
1037,8.506666666666666,4
1038,7.1466666666666665,4
1039,7.76,4
1040,8.266666666666667,4
1041,7.44,4
1042,6.96,4
1043,7.653333333333333,4
1044,7.44,4
1045,8.026666666666667,4
1046,7.973333333333334,4
1047,7.68,4
1048,8.16,4
1049,8.933333333333334,4
1050,7.946666666666666,4
1051,7.6,4
1052,8.72,4
1053,8.133333333333333,4
1054,8.213333333333333,4
1055,8.026666666666667,4
1056,8.8,4
1057,8.16,4
1058,7.946666666666666,4
1059,7.44,4
1060,8.053333333333333,4
1061,8.773333333333333,4
1062,7.68,4
1063,7.1466666666666665,4
1064,7.12,4
1065,6.826666666666667,4
1066,8.133333333333333,4
1067,7.1466666666666665,4
1068,6.773333333333333,4
1069,6.693333333333333,4
1070,7.386666666666667,4
1071,7.44,4
1072,6.533333333333333,4
1073,6.826666666666667,4
1074,7.493333333333333,4
1075,8.106666666666667,4
1076,7.8133333333333335,4
1077,7.546666666666667,4
1078,7.333333333333333,4
1079,8.346666666666666,4
1080,7.386666666666667,4
1081,6.426666666666667,4
1082,7.626666666666667,4
1083,7.093333333333334,4
1084,7.68,4
1085,6.96,4
1086,7.786666666666667,4
1087,7.733333333333333,4
1088,7.653333333333333,4
1089,8.0,4
1090,7.546666666666667,4
1091,7.973333333333334,4
1092,7.786666666666667,4
1093,7.706666666666667,4
1094,7.653333333333333,4
1095,8.053333333333333,4
1096,7.386666666666667,4
1097,7.866666666666666,4
1098,8.24,4
1099,8.506666666666666,4
1100,8.346666666666666,4
1101,8.293333333333333,4
1102,7.946666666666666,4
1103,6.986666666666666,4
1104,7.68,4
1105,7.706666666666667,4
1106,7.573333333333333,4
1107,7.04,4
1108,8.0,4
1109,8.266666666666667,4
1110,8.32,4
1111,7.333333333333333,4
1112,6.8,4
1113,7.52,4
1114,7.12,4
1115,6.64,4
1116,6.906666666666666,4
1117,6.48,4
1118,6.533333333333333,4
1119,6.933333333333334,4
1120,7.8933333333333335,4
1121,8.346666666666666,4
1122,8.4,4
1123,8.373333333333333,4
1124,7.626666666666667,4
1125,7.546666666666667,4
1126,7.306666666666667,4
1127,7.76,4
1128,8.0,4
1129,7.8133333333333335,4
1130,8.16,4
1131,7.8133333333333335,4
1132,7.706666666666667,4
1133,7.733333333333333,4
1134,8.08,4
1135,7.653333333333333,4
1136,7.413333333333333,4
1137,7.6,4
1138,8.053333333333333,4
1139,7.6,4
1140,6.693333333333333,4
1141,7.1466666666666665,4
1142,7.84,4
1143,7.306666666666667,4
1144,7.226666666666667,4
1145,7.493333333333333,4
1146,7.8133333333333335,4
1147,7.546666666666667,4
1148,8.053333333333333,4
1149,7.093333333333334,4
1150,7.12,4
1151,8.133333333333333,4
1152,8.88,4
1153,8.24,4
1154,7.946666666666666,4
1155,7.626666666666667,4
1156,7.44,4
1157,7.333333333333333,4
1158,7.8133333333333335,4
1159,8.56,4
1160,7.36,4
1161,7.653333333333333,4
1162,7.04,4
1163,8.053333333333333,4
1164,7.946666666666666,4
1165,7.013333333333334,4
1166,7.8933333333333335,4
1167,7.866666666666666,4
1168,7.733333333333333,4
1169,7.52,4
1170,7.093333333333334,4
1171,7.68,4
1172,8.16,4
1173,8.426666666666666,4
1174,7.76,4
1175,7.52,4
1176,7.8133333333333335,4
1177,7.173333333333333,4
1178,7.68,4
1179,8.026666666666667,4
1180,7.866666666666666,4
1181,7.04,4
1182,7.1466666666666665,4
1183,7.12,4
1184,6.773333333333333,4
1185,7.173333333333333,4
1186,7.546666666666667,4
1187,7.413333333333333,4
1188,7.386666666666667,4
1189,7.44,4
1190,8.213333333333333,4
1191,7.706666666666667,4
1192,7.306666666666667,4
1193,8.373333333333333,4
1194,8.026666666666667,4
1195,8.666666666666666,4
1196,8.56,4
1197,7.653333333333333,4
1198,8.08,4
1199,7.8933333333333335,4
1200,7.36,4
1201,7.546666666666667,4
1202,7.866666666666666,4
1203,6.773333333333333,4
1204,6.906666666666666,4
1205,8.026666666666667,4
1206,7.36,4
1207,7.386666666666667,4
1208,6.933333333333334,4
1209,7.653333333333333,4
1210,7.84,4
1211,8.4,4
1212,8.266666666666667,4
1213,7.786666666666667,4
1214,8.186666666666667,4
1215,8.16,4
1216,7.2,4
1217,7.653333333333333,4
1218,7.973333333333334,4
1219,8.053333333333333,4
1220,7.013333333333334,4
1221,7.04,4
1222,6.826666666666667,4
1223,7.386666666666667,4
1224,7.92,4
1225,7.84,4
1226,7.84,4
1227,8.213333333333333,4
1228,7.706666666666667,4
1229,7.066666666666666,4
1230,8.0,4
1231,8.506666666666666,4
1232,8.64,4
1233,7.8933333333333335,4
1234,7.92,4
1235,8.24,4
1236,8.453333333333333,4
1237,8.106666666666667,4
1238,7.6,4
1239,7.546666666666667,4
1240,8.8,4
1241,8.266666666666667,4
1242,7.8133333333333335,4
1243,9.066666666666666,4
1244,7.546666666666667,4
1245,8.373333333333333,4
1246,9.013333333333334,4
1247,8.213333333333333,4
1248,7.066666666666666,4
1249,7.386666666666667,4
1250,7.92,4
1251,8.053333333333333,4
1252,7.413333333333333,4
1253,7.786666666666667,4
1254,6.746666666666667,4
1255,7.226666666666667,4
1256,8.32,4
1257,7.68,4
1258,7.733333333333333,4
1259,7.333333333333333,4
1260,8.426666666666666,4
1261,8.453333333333333,4
1262,7.333333333333333,4
1263,7.973333333333334,4
1264,8.346666666666666,4
1265,7.6,4
1266,6.88,4
1267,7.226666666666667,4
1268,8.053333333333333,4
1269,8.32,4
1270,8.213333333333333,4
1271,7.8933333333333335,4
1272,7.946666666666666,4
1273,7.466666666666667,4
1274,7.76,4
1275,7.733333333333333,4
1276,8.64,4
1277,9.173333333333334,4
1278,8.906666666666666,4
1279,9.066666666666666,4
1280,9.306666666666667,4
1281,8.16,4
1282,7.493333333333333,4
1283,6.453333333333333,4
1284,6.88,4
1285,8.586666666666666,4
1286,8.773333333333333,4
1287,7.946666666666666,4
1288,7.466666666666667,4
1289,7.626666666666667,4
1290,7.413333333333333,4
1291,7.253333333333333,4
1292,8.213333333333333,4
1293,8.053333333333333,4
1294,7.2,4
1295,7.92,4
1296,7.1466666666666665,4
1297,8.373333333333333,4
1298,8.426666666666666,4
1299,8.4,4
1300,7.226666666666667,4
1301,8.613333333333333,4
1302,8.133333333333333,4
1303,7.733333333333333,4
1304,8.026666666666667,4
1305,8.106666666666667,4
1306,7.84,4
1307,7.52,4
1308,8.16,4
1309,8.08,4
1310,8.186666666666667,4
1311,7.92,4
1312,7.76,4
1313,7.253333333333333,4
1314,7.386666666666667,4
1315,6.746666666666667,4
1316,7.733333333333333,4
1317,6.64,4
1318,6.1866666666666665,4
1319,6.533333333333333,4
1320,7.2,4
1321,7.6,4
1322,8.186666666666667,4
1323,6.8,4
1324,6.56,4
1325,7.973333333333334,4
1326,6.96,4
1327,7.6,4
1328,7.653333333333333,4
1329,8.266666666666667,4
1330,9.04,4
1331,7.786666666666667,4
1332,7.573333333333333,4
1333,7.28,4
1334,7.493333333333333,4
1335,7.973333333333334,4
1336,8.506666666666666,4
1337,8.213333333333333,4
1338,7.866666666666666,4
1339,7.413333333333333,4
1340,8.16,4
1341,8.56,4
1342,8.16,4
1343,6.773333333333333,4
1344,6.8,4
1345,6.826666666666667,4
1346,7.44,4
1347,6.533333333333333,4
1348,6.746666666666667,4
1349,6.8533333333333335,4
1350,7.44,4
1351,8.053333333333333,4
1352,9.013333333333334,4
1353,7.946666666666666,4
1354,8.213333333333333,4
1355,8.586666666666666,4
1356,7.093333333333334,4
1357,7.333333333333333,4
1358,8.24,4
1359,7.44,4
1360,7.653333333333333,4
1361,8.346666666666666,4
1362,7.466666666666667,4
1363,7.733333333333333,4
1364,8.08,4
1365,7.1466666666666665,4
1366,7.8133333333333335,4
1367,7.626666666666667,4
1368,7.973333333333334,4
1369,7.626666666666667,4
1370,7.52,4
1371,7.306666666666667,4
1372,7.466666666666667,4
1373,7.333333333333333,4
1374,8.453333333333333,4
1375,7.68,4
1376,7.786666666666667,4
1377,8.08,4
1378,8.16,4
1379,7.8933333333333335,4
1380,7.866666666666666,4
1381,6.426666666666667,4
1382,7.546666666666667,4
1383,6.0,4
1384,8.053333333333333,4
1385,8.906666666666666,4
1386,8.08,4
1387,7.8133333333333335,4
1388,7.28,4
1389,7.52,4
1390,7.226666666666667,4
1391,7.36,4
1392,6.613333333333333,4
1393,6.693333333333333,4
1394,7.28,4
1395,8.026666666666667,4
1396,8.426666666666666,4
1397,8.026666666666667,4
1398,8.08,4
1399,8.106666666666667,4
1400,8.24,4
1401,8.133333333333333,4
1402,8.186666666666667,4
1403,9.12,4
1404,6.986666666666666,4
1405,7.413333333333333,4
1406,7.6,4
1407,8.4,4
1408,8.453333333333333,4
1409,8.4,4
1410,7.333333333333333,4
1411,7.946666666666666,4
1412,8.213333333333333,4
1413,7.36,4
1414,7.093333333333334,4
1415,7.973333333333334,4
1416,7.6,4
1417,7.253333333333333,4
1418,7.546666666666667,4
1419,8.0,4
1420,8.746666666666666,4
1421,8.506666666666666,4
1422,8.4,4
1423,7.52,4
1424,7.92,4
1425,7.786666666666667,4
1426,7.493333333333333,4
1427,7.626666666666667,4
1428,7.786666666666667,4
1429,8.0,4
1430,7.28,4
1431,7.44,4
1432,7.28,4
1433,7.44,4
1434,7.866666666666666,4
1435,7.2,4
1436,6.96,4
1437,7.626666666666667,4
1438,7.28,4
1439,7.733333333333333,4
1440,7.493333333333333,4
1441,7.333333333333333,4
1442,7.413333333333333,4
1443,7.466666666666667,4
1444,7.6,4
1445,7.973333333333334,4
1446,7.546666666666667,4
1447,7.093333333333334,4
1448,7.68,4
1449,6.613333333333333,4
1450,7.2,4
1451,7.866666666666666,4
1452,7.413333333333333,4
1453,7.973333333333334,4
1454,7.76,4
1455,7.973333333333334,4
1456,8.666666666666666,4
1457,8.373333333333333,4
1458,8.186666666666667,4
1459,8.08,4
1460,8.72,4
1461,8.586666666666666,4
1462,7.68,4
1463,6.906666666666666,4
1464,7.013333333333334,4
1465,7.2,4
1466,7.6,4
1467,7.76,4
1468,7.2,4
1469,6.64,4
1470,6.56,4
1471,7.84,4
1472,6.72,4
1473,7.546666666666667,4
1474,7.84,4
1475,8.453333333333333,4
1476,7.84,4
1477,8.133333333333333,4
1478,8.773333333333333,4
1479,8.133333333333333,4
1480,8.88,4
1481,8.133333333333333,4
1482,8.746666666666666,4
1483,8.56,4
1484,8.24,4
1485,8.213333333333333,4
1486,7.8133333333333335,4
1487,8.16,4
1488,7.306666666666667,4
1489,7.386666666666667,4
1490,7.84,4
1491,7.386666666666667,4
1492,7.8133333333333335,4
1493,8.453333333333333,4
1494,7.12,4
1495,7.76,4
1496,6.933333333333334,4
1497,6.986666666666666,4
1498,8.08,4
1499,7.386666666666667,4
1500,7.6,4
1501,7.92,4
1502,8.293333333333333,4
1503,7.52,4
1504,7.066666666666666,4
1505,7.8133333333333335,4
1506,7.2,4
1507,6.826666666666667,4
1508,7.573333333333333,4
1509,8.293333333333333,4
1510,7.546666666666667,4
1511,7.8933333333333335,4
1512,7.76,4
1513,8.053333333333333,4
1514,7.573333333333333,4
1515,7.04,4
1516,7.546666666666667,4
1517,7.733333333333333,4
1518,8.133333333333333,4
1519,8.053333333333333,4
1520,7.466666666666667,4
1521,7.733333333333333,4
1522,6.666666666666667,4
1523,6.986666666666666,4
1524,7.92,4
1525,7.173333333333333,4
1526,7.866666666666666,4
1527,7.6,4
1528,7.226666666666667,4
1529,7.733333333333333,4
1530,7.626666666666667,4
1531,7.546666666666667,4
1532,7.653333333333333,4
1533,7.866666666666666,4
1534,8.48,4
1535,7.52,4
1536,7.253333333333333,4
1537,7.973333333333334,4
1538,7.84,4
1539,8.48,4
1540,8.053333333333333,4
1541,8.0,4
1542,7.493333333333333,4
1543,8.133333333333333,4
1544,8.24,4
1545,8.506666666666666,4
1546,7.92,4
1547,7.706666666666667,4
1548,8.586666666666666,4
1549,7.653333333333333,4
1550,7.626666666666667,4
1551,8.24,4
1552,7.92,4
1553,7.92,4
1554,7.8133333333333335,4
1555,8.56,4
1556,8.08,4
1557,8.64,4
1558,8.24,4
1559,7.626666666666667,4
1560,8.266666666666667,4
1561,7.76,4
1562,7.546666666666667,4
1563,7.493333333333333,4
1564,7.066666666666666,4
1565,7.093333333333334,4
1566,7.52,4
1567,7.493333333333333,4
1568,7.493333333333333,4
1569,7.226666666666667,4
1570,7.413333333333333,4
1571,7.973333333333334,4
1572,7.786666666666667,4
1573,7.946666666666666,4
1574,6.88,4
1575,7.013333333333334,4
1576,7.733333333333333,4
1577,7.013333333333334,4
1578,7.973333333333334,4
1579,8.586666666666666,4
1580,7.946666666666666,4
1581,7.12,4
1582,7.946666666666666,4
1583,7.36,4
1584,8.373333333333333,4
1585,7.2,4
1586,6.613333333333333,4
1587,7.626666666666667,4
1588,7.733333333333333,4
1589,8.08,4
1590,7.36,4
1591,7.653333333333333,4
1592,7.866666666666666,4
1593,7.6,4
1594,7.973333333333334,4
1595,7.973333333333334,4
1596,8.053333333333333,4
1597,7.52,4
1598,7.333333333333333,4
1599,7.333333333333333,4
1600,7.493333333333333,4
1601,7.066666666666666,4
1602,7.52,4
1603,7.2,4
1604,8.346666666666666,4
1605,8.346666666666666,4
1606,7.866666666666666,4
1607,8.026666666666667,4
1608,8.08,4
1609,7.653333333333333,4
1610,7.84,4
1611,7.866666666666666,4
1612,7.093333333333334,4
1613,7.573333333333333,4
1614,6.933333333333334,4
1615,7.76,4
1616,7.52,4
1617,6.986666666666666,4
1618,7.173333333333333,4
1619,7.866666666666666,4
1620,6.986666666666666,4
1621,6.96,4
1622,7.52,4
1623,8.986666666666666,4
1624,7.28,4
1625,7.386666666666667,4
1626,7.92,4
1627,7.706666666666667,4
1628,7.52,4
1629,6.426666666666667,4
1630,7.306666666666667,4
1631,7.2,4
1632,8.026666666666667,4
1633,7.36,4
1634,7.946666666666666,4
1635,7.546666666666667,4
1636,7.84,4
1637,7.84,4
1638,7.84,4
1639,8.186666666666667,4
1640,7.786666666666667,4
1641,8.48,4
1642,7.973333333333334,4
1643,7.8133333333333335,4
1644,8.373333333333333,4
1645,7.28,4
1646,6.986666666666666,4
1647,6.64,4
1648,7.92,4
1649,8.053333333333333,4
1650,7.466666666666667,4
1651,7.546666666666667,4
1652,7.733333333333333,4
1653,6.8,4
1654,7.413333333333333,4
1655,7.6,4
1656,7.946666666666666,4
1657,7.493333333333333,4
1658,7.466666666666667,4
1659,7.786666666666667,4
1660,7.546666666666667,4
1661,7.68,4
1662,8.32,4
1663,6.906666666666666,4
1664,7.68,4
1665,7.8133333333333335,4
1666,7.8933333333333335,4
1667,7.84,4
1668,6.746666666666667,4
1669,7.386666666666667,4
1670,8.186666666666667,4
1671,8.133333333333333,4
1672,8.48,4
1673,9.12,4
1674,8.56,4
1675,7.786666666666667,4
1676,7.84,4
1677,7.52,4
1678,8.266666666666667,4
1679,7.573333333333333,4
1680,8.16,4
1681,7.253333333333333,4
1682,7.68,4
1683,8.426666666666666,4
1684,8.373333333333333,4
1685,8.026666666666667,4
1686,8.693333333333333,4
1687,9.306666666666667,4
1688,8.56,4
1689,8.8,4
1690,8.96,4
1691,8.133333333333333,4
1692,7.093333333333334,4
1693,7.68,4
1694,7.573333333333333,4
1695,6.533333333333333,4
1696,8.106666666666667,4
1697,8.0,4
1698,7.413333333333333,4
1699,7.173333333333333,4
1700,7.173333333333333,4
1701,6.48,4
1702,7.04,4
1703,8.266666666666667,4
1704,8.506666666666666,4
1705,7.92,4
1706,8.773333333333333,4
1707,7.946666666666666,4
1708,8.293333333333333,4
1709,8.48,4
1710,7.68,4
1711,8.133333333333333,4
1712,7.866666666666666,4
1713,7.76,4
1714,8.0,4
1715,8.026666666666667,4
1716,7.253333333333333,4
1717,8.186666666666667,4
1718,8.106666666666667,4
1719,7.706666666666667,4
1720,8.8,4
1721,7.36,4
1722,8.293333333333333,4
1723,8.72,4
1724,8.08,4
1725,7.786666666666667,4
1726,7.68,4
1727,7.173333333333333,4
1728,7.36,4
1729,6.96,4
1730,7.013333333333334,4
1731,7.226666666666667,4
1732,7.253333333333333,4
1733,8.506666666666666,4
1734,7.493333333333333,4
1735,7.76,4
1736,7.786666666666667,4
1737,8.026666666666667,4
1738,8.213333333333333,4
1739,7.466666666666667,4
1740,7.333333333333333,4
1741,7.1466666666666665,4
1742,8.373333333333333,4
1743,6.8,4
1744,7.466666666666667,4
1745,7.866666666666666,4
1746,7.386666666666667,4
1747,7.52,4
1748,7.573333333333333,4
1749,8.586666666666666,4
1750,7.973333333333334,4
1751,7.8933333333333335,4
1752,8.0,4
1753,7.946666666666666,4
1754,9.84,4
1755,8.133333333333333,4
1756,7.493333333333333,4
1757,7.466666666666667,4
1758,7.946666666666666,4
1759,7.8933333333333335,4
1760,8.346666666666666,4
1761,8.693333333333333,4
1762,8.053333333333333,4
1763,7.653333333333333,4
1764,8.053333333333333,4
1765,8.026666666666667,4
1766,7.92,4
1767,7.92,4
1768,7.44,4
1769,7.706666666666667,4
1770,7.706666666666667,4
1771,7.226666666666667,4
1772,7.226666666666667,4
1773,7.44,4
1774,8.293333333333333,4
1775,8.213333333333333,4
1776,7.28,4
1777,7.733333333333333,4
1778,7.04,4
1779,7.093333333333334,4
1780,6.506666666666667,4
1781,7.653333333333333,4
1782,8.186666666666667,4
1783,8.32,4
1784,8.4,4
1785,7.786666666666667,4
1786,8.906666666666666,4
1787,8.32,4
1788,7.386666666666667,4
1789,7.946666666666666,4
1790,7.626666666666667,4
1791,8.026666666666667,4
1792,8.133333333333333,4
1793,7.866666666666666,4
1794,8.08,4
1795,8.4,4
1796,8.746666666666666,4
1797,7.626666666666667,4
1798,8.16,4
1799,8.48,4
1800,9.84,4
1801,8.933333333333334,4
1802,8.4,4
1803,7.386666666666667,4
1804,7.386666666666667,4
1805,8.32,4
1806,8.213333333333333,4
1807,7.6,4
1808,7.36,4
1809,8.373333333333333,4
1810,8.32,4
1811,8.933333333333334,4
1812,8.186666666666667,4
1813,7.6,4
1814,7.413333333333333,4
1815,8.4,4
1816,9.6,4
1817,8.373333333333333,4
1818,7.92,4
1819,8.586666666666666,4
1820,8.48,4
1821,8.106666666666667,4
1822,7.76,4
1823,7.946666666666666,4
1824,7.733333333333333,4
1825,8.746666666666666,4
1826,8.053333333333333,4
1827,7.04,4
1828,7.76,4
1829,7.493333333333333,4
1830,7.8933333333333335,4
1831,7.92,4
1832,7.68,4
1833,7.6,4
1834,7.653333333333333,4
1835,7.973333333333334,4
1836,7.8933333333333335,4
1837,7.8133333333333335,4
1838,7.653333333333333,4
1839,8.08,4
1840,8.453333333333333,4
1841,7.6,4
1842,8.133333333333333,4
1843,7.786666666666667,4
1844,6.96,4
1845,8.16,4
1846,7.68,4
1847,7.546666666666667,4
1848,7.786666666666667,4
1849,7.413333333333333,4
1850,6.666666666666667,4
1851,7.6,4
1852,6.986666666666666,4
1853,7.28,4
1854,6.773333333333333,4
1855,7.36,4
1856,7.306666666666667,4
1857,7.733333333333333,4
1858,8.24,4
1859,8.026666666666667,4
1860,9.093333333333334,4
1861,8.266666666666667,4
1862,7.413333333333333,4
1863,7.8133333333333335,4
1864,7.866666666666666,4
1865,7.8133333333333335,4
1866,8.373333333333333,4
1867,8.053333333333333,4
1868,8.266666666666667,4
1869,8.133333333333333,4
1870,7.706666666666667,4
1871,7.92,4
1872,7.493333333333333,4
1873,8.0,4
1874,7.8933333333333335,4
1875,7.706666666666667,4
1876,7.546666666666667,4
1877,7.2,4
1878,7.28,4
1879,7.946666666666666,4
1880,7.333333333333333,4
1881,8.64,4
1882,7.626666666666667,4
1883,8.08,4
1884,7.2,4
1885,7.946666666666666,4
1886,8.24,4
1887,7.52,4
1888,7.786666666666667,4
1889,7.946666666666666,4
1890,7.786666666666667,4
1891,8.16,4
1892,7.253333333333333,4
1893,7.28,4
1894,7.786666666666667,4
1895,7.973333333333334,4
1896,7.76,4
1897,7.573333333333333,4
1898,7.946666666666666,4
1899,8.4,4
1900,9.253333333333334,4
1901,8.32,4
1902,8.506666666666666,4
1903,9.333333333333334,4
1904,8.72,4
1905,8.16,4
1906,7.76,4
1907,8.426666666666666,4
1908,8.106666666666667,4
1909,7.306666666666667,4
1910,7.28,4
1911,6.986666666666666,4
1912,6.266666666666667,4
1913,7.093333333333334,4
1914,6.906666666666666,4
1915,7.173333333333333,4
1916,7.653333333333333,4
1917,8.453333333333333,4
1918,7.52,4
1919,7.706666666666667,4
1920,7.226666666666667,4
1921,6.88,4
1922,6.746666666666667,4
1923,6.666666666666667,4
1924,7.253333333333333,4
1925,7.306666666666667,4
1926,6.906666666666666,4
1927,7.2,4
1928,7.306666666666667,4
1929,7.093333333333334,4
1930,6.933333333333334,4
1931,7.573333333333333,4
1932,7.8133333333333335,4
1933,7.626666666666667,4
1934,7.306666666666667,4
1935,7.333333333333333,4
1936,7.946666666666666,4
1937,6.666666666666667,4
1938,7.253333333333333,4
1939,7.866666666666666,4
1940,8.773333333333333,4
1941,9.226666666666667,4
1942,8.746666666666666,4
1943,7.413333333333333,4
1944,7.573333333333333,4
1945,7.04,4
1946,7.946666666666666,4
1947,7.28,4
1948,7.733333333333333,4
1949,8.026666666666667,4
1950,8.106666666666667,4
1951,8.106666666666667,4
1952,7.76,4
1953,8.72,4
1954,8.56,4
1955,7.2,4
1956,7.786666666666667,4
1957,7.84,4
1958,7.546666666666667,4
1959,7.733333333333333,4
1960,8.24,4
1961,7.36,4
1962,8.026666666666667,4
1963,9.093333333333334,4
1964,8.053333333333333,4
1965,7.76,4
1966,7.306666666666667,4
1967,7.733333333333333,4
1968,7.68,4
1969,7.493333333333333,4
1970,7.306666666666667,4
1971,8.293333333333333,4
1972,7.546666666666667,4
1973,7.253333333333333,4
1974,7.866666666666666,4
1975,7.6,4
1976,8.853333333333333,4
1977,8.693333333333333,4
1978,8.106666666666667,4
1979,8.426666666666666,4
1980,7.706666666666667,4
1981,7.8933333333333335,4
1982,7.2,4
1983,7.306666666666667,4
1984,7.6,4
1985,7.333333333333333,4
1986,6.773333333333333,4
1987,7.706666666666667,4
1988,7.546666666666667,4
1989,7.1466666666666665,4
1990,6.906666666666666,4
1991,7.066666666666666,4
1992,7.626666666666667,4
1993,7.8133333333333335,4
1994,8.133333333333333,4
1995,8.346666666666666,4
1996,7.28,4
1997,7.226666666666667,4
1998,7.44,4
1999,8.186666666666667,4
