Figure: small_5
File Number: 27
Nodes: 36
Edges: 580
Max Generations: 2000
Population Size: 150
Mutation Rate: 0.01
Colors Used: 8
Runtime: 2.42

Generation,Average Fitness,Best Fitness
0,147.84,92
1,138.66666666666666,92
2,131.92,88
3,125.78666666666666,72
4,125.17333333333333,72
5,120.96,72
6,118.48,72
7,114.42666666666666,72
8,110.98666666666666,72
9,108.42666666666666,72
10,106.08,68
11,104.16,64
12,99.84,60
13,94.4,60
14,91.78666666666666,60
15,87.38666666666667,60
16,82.53333333333333,52
17,77.84,44
18,75.68,44
19,72.18666666666667,44
20,71.94666666666667,44
21,68.50666666666666,44
22,65.76,44
23,64.66666666666667,40
24,62.906666666666666,40
25,62.16,40
26,59.6,36
27,57.54666666666667,36
28,55.333333333333336,36
29,53.78666666666667,36
30,52.88,36
31,50.85333333333333,32
32,48.08,32
33,46.24,32
34,44.45333333333333,32
35,42.88,28
36,41.6,28
37,39.626666666666665,24
38,39.68,24
39,37.54666666666667,24
40,36.0,20
41,36.4,20
42,35.06666666666667,20
43,33.28,20
44,31.946666666666665,20
45,31.653333333333332,20
46,31.386666666666667,16
47,28.826666666666668,16
48,27.84,16
49,27.946666666666665,16
50,26.48,16
51,25.786666666666665,16
52,24.666666666666668,16
53,24.24,16
54,24.373333333333335,16
55,23.2,16
56,22.69333333333333,16
57,22.906666666666666,16
58,23.066666666666666,16
59,21.6,16
60,20.533333333333335,16
61,19.706666666666667,16
62,20.586666666666666,16
63,19.386666666666667,16
64,19.466666666666665,16
65,18.586666666666666,16
66,19.866666666666667,16
67,19.30666666666667,16
68,19.52,16
69,18.64,16
70,19.573333333333334,16
71,18.88,16
72,19.733333333333334,16
73,19.226666666666667,16
74,19.893333333333334,16
75,18.746666666666666,16
76,18.986666666666668,16
77,19.706666666666667,16
78,19.466666666666665,16
79,19.093333333333334,16
80,18.533333333333335,16
81,19.786666666666665,16
82,20.32,16
83,19.866666666666667,16
84,19.893333333333334,16
85,20.0,16
86,20.24,16
87,20.16,16
88,19.946666666666665,16
89,19.253333333333334,16
90,19.2,16
91,19.493333333333332,16
92,19.573333333333334,16
93,19.626666666666665,16
94,19.813333333333333,16
95,19.706666666666667,16
96,19.546666666666667,16
97,19.2,16
98,18.933333333333334,16
99,19.12,16
100,18.8,16
101,19.626666666666665,16
102,18.373333333333335,16
103,18.666666666666668,16
104,18.96,16
105,19.2,16
106,18.586666666666666,16
107,19.813333333333333,16
108,20.0,16
109,19.6,16
110,19.76,16
111,19.813333333333333,16
112,18.986666666666668,16
113,19.813333333333333,16
114,19.2,16
115,18.69333333333333,16
116,18.4,16
117,18.506666666666668,16
118,19.546666666666667,16
119,19.733333333333334,16
120,19.893333333333334,16
121,19.733333333333334,16
122,19.946666666666665,16
123,19.2,16
124,19.226666666666667,16
125,19.706666666666667,16
126,19.28,16
127,19.226666666666667,16
128,18.85333333333333,16
129,18.666666666666668,16
130,19.36,16
131,20.266666666666666,16
132,20.346666666666668,16
133,19.226666666666667,16
134,19.546666666666667,16
135,19.946666666666665,16
136,20.053333333333335,16
137,19.066666666666666,16
138,19.28,16
139,19.013333333333332,16
140,19.14666666666667,16
141,20.373333333333335,16
142,20.426666666666666,16
143,19.28,16
144,19.093333333333334,16
145,19.066666666666666,16
146,19.52,16
147,18.906666666666666,16
148,18.85333333333333,16
149,19.493333333333332,16
150,19.28,16
151,19.013333333333332,16
152,19.386666666666667,16
153,20.213333333333335,16
154,19.546666666666667,12
155,19.36,12
156,19.68,12
157,18.906666666666666,12
158,19.253333333333334,12
159,19.466666666666665,12
160,19.68,12
161,18.533333333333335,12
162,19.493333333333332,12
163,19.413333333333334,12
164,19.626666666666665,12
165,19.92,12
166,18.48,12
167,18.506666666666668,12
168,17.866666666666667,12
169,17.893333333333334,12
170,17.573333333333334,12
171,17.68,12
172,16.69333333333333,12
173,17.013333333333332,12
174,16.08,12
175,16.186666666666667,12
176,15.706666666666667,12
177,15.413333333333334,12
178,15.6,12
179,15.013333333333334,12
180,15.493333333333334,12
181,15.546666666666667,12
182,15.653333333333334,12
183,15.173333333333334,12
184,15.626666666666667,12
185,16.293333333333333,12
186,17.066666666666666,12
187,16.053333333333335,12
188,15.733333333333333,12
189,16.053333333333335,12
190,15.28,12
191,14.773333333333333,12
192,15.52,12
193,15.146666666666667,12
194,15.546666666666667,12
195,16.026666666666667,12
196,16.106666666666666,12
197,15.733333333333333,12
198,14.986666666666666,12
199,15.306666666666667,12
200,16.053333333333335,12
201,15.813333333333333,12
202,16.906666666666666,12
203,15.52,12
204,15.626666666666667,12
205,15.44,12
206,15.173333333333334,12
207,15.706666666666667,12
208,15.2,12
209,16.08,12
210,16.133333333333333,12
211,16.773333333333333,12
212,16.293333333333333,12
213,15.76,12
214,15.333333333333334,12
215,15.653333333333334,12
216,15.92,12
217,15.92,12
218,15.973333333333333,12
219,15.946666666666667,12
220,15.44,12
221,15.173333333333334,12
222,14.906666666666666,12
223,15.386666666666667,12
224,16.293333333333333,12
225,16.08,12
226,15.333333333333334,12
227,15.893333333333333,12
228,15.306666666666667,12
229,15.173333333333334,12
230,15.413333333333334,12
231,14.32,12
232,14.666666666666666,12
233,14.613333333333333,12
234,15.226666666666667,12
235,15.066666666666666,12
236,15.36,12
237,15.653333333333334,12
238,16.0,12
239,16.08,12
240,15.68,12
241,15.253333333333334,12
242,16.213333333333335,12
243,15.466666666666667,12
244,14.24,12
245,15.173333333333334,12
246,14.506666666666666,12
247,15.573333333333334,12
248,15.68,12
249,15.6,12
250,14.72,12
251,15.813333333333333,12
252,15.733333333333333,12
253,14.96,12
254,15.36,12
255,15.28,12
256,14.96,12
257,15.226666666666667,12
258,15.813333333333333,12
259,16.08,12
260,15.68,12
261,14.826666666666666,12
262,15.093333333333334,12
263,15.093333333333334,12
264,16.026666666666667,12
265,15.573333333333334,12
266,15.546666666666667,12
267,15.146666666666667,12
268,15.04,12
269,14.96,12
270,15.413333333333334,12
271,15.093333333333334,12
272,15.386666666666667,12
273,16.32,12
274,15.786666666666667,12
275,15.68,12
276,14.906666666666666,12
277,14.666666666666666,12
278,15.52,12
279,15.68,12
280,15.893333333333333,12
281,15.093333333333334,12
282,16.026666666666667,12
283,16.346666666666668,12
284,16.133333333333333,12
285,15.653333333333334,12
286,15.52,12
287,15.333333333333334,12
288,15.6,12
289,15.306666666666667,12
290,15.146666666666667,12
291,16.0,12
292,15.786666666666667,12
293,15.626666666666667,12
294,15.68,12
295,15.813333333333333,12
296,15.306666666666667,12
297,15.52,12
298,15.306666666666667,12
299,15.333333333333334,12
300,15.68,12
301,15.306666666666667,12
302,14.426666666666666,12
303,15.2,12
304,14.986666666666666,12
305,15.44,12
306,15.733333333333333,12
307,15.92,12
308,16.053333333333335,12
309,16.266666666666666,12
310,15.92,12
311,14.906666666666666,12
312,14.693333333333333,12
313,14.746666666666666,12
314,14.906666666666666,12
315,15.066666666666666,12
316,15.333333333333334,12
317,16.453333333333333,12
318,16.16,12
319,16.16,12
320,15.466666666666667,12
321,16.213333333333335,12
322,15.786666666666667,12
323,15.786666666666667,12
324,15.893333333333333,12
325,15.36,12
326,15.093333333333334,12
327,14.8,12
328,14.693333333333333,12
329,15.653333333333334,12
330,15.013333333333334,12
331,16.4,12
332,16.0,12
333,16.186666666666667,12
334,16.16,12
335,15.84,12
336,15.92,12
337,15.733333333333333,12
338,15.546666666666667,12
339,15.786666666666667,12
340,16.053333333333335,12
341,15.866666666666667,12
342,16.16,12
343,16.0,12
344,15.76,12
345,14.8,12
346,14.96,12
347,15.04,12
348,15.706666666666667,12
349,16.48,12
350,15.813333333333333,12
351,15.333333333333334,12
352,15.84,12
353,15.706666666666667,12
354,14.853333333333333,12
355,14.666666666666666,12
356,15.36,12
357,16.133333333333333,12
358,15.786666666666667,12
359,16.106666666666666,12
360,15.466666666666667,12
361,15.866666666666667,12
362,15.493333333333334,12
363,14.666666666666666,12
364,15.04,12
365,15.413333333333334,12
366,16.48,12
367,15.68,12
368,16.106666666666666,12
369,15.28,12
370,14.906666666666666,12
371,15.413333333333334,12
372,15.493333333333334,12
373,15.253333333333334,12
374,14.64,12
375,14.906666666666666,12
376,15.413333333333334,12
377,15.786666666666667,12
378,15.493333333333334,12
379,15.173333333333334,12
380,15.12,12
381,14.96,12
382,15.546666666666667,12
383,16.16,12
384,15.333333333333334,12
385,15.386666666666667,12
386,15.68,12
387,15.6,12
388,15.786666666666667,12
389,15.84,12
390,16.56,12
391,15.386666666666667,12
392,15.146666666666667,12
393,16.0,12
394,15.546666666666667,12
395,15.76,12
396,16.106666666666666,12
397,15.866666666666667,12
398,15.866666666666667,12
399,15.2,12
400,15.12,12
401,15.653333333333334,12
402,16.24,12
403,15.546666666666667,12
404,15.2,12
405,15.44,12
406,14.96,12
407,14.746666666666666,12
408,16.186666666666667,12
409,15.226666666666667,12
410,14.746666666666666,12
411,15.866666666666667,12
412,15.333333333333334,12
413,16.133333333333333,12
414,16.026666666666667,12
415,15.76,12
416,15.706666666666667,12
417,15.706666666666667,12
418,14.906666666666666,12
419,15.413333333333334,12
420,15.866666666666667,12
421,14.613333333333333,12
422,15.253333333333334,12
423,16.133333333333333,12
424,15.84,12
425,15.813333333333333,12
426,15.653333333333334,12
427,15.013333333333334,12
428,14.906666666666666,12
429,14.72,12
430,14.32,12
431,15.733333333333333,12
432,15.546666666666667,12
433,15.68,12
434,15.6,12
435,16.266666666666666,12
436,15.733333333333333,12
437,15.813333333333333,12
438,16.106666666666666,12
439,16.266666666666666,12
440,15.36,12
441,14.746666666666666,12
442,15.2,12
443,14.56,12
444,15.2,12
445,15.146666666666667,12
446,15.333333333333334,12
447,15.973333333333333,12
448,15.173333333333334,12
449,15.013333333333334,12
450,15.413333333333334,12
451,15.306666666666667,12
452,15.28,12
453,14.72,12
454,14.586666666666666,12
455,14.773333333333333,12
456,15.2,12
457,15.413333333333334,12
458,15.573333333333334,12
459,15.306666666666667,12
460,15.786666666666667,12
461,15.973333333333333,12
462,15.44,12
463,15.76,12
464,15.52,12
465,15.946666666666667,12
466,16.826666666666668,12
467,16.32,12
468,16.053333333333335,12
469,16.16,12
470,15.333333333333334,12
471,16.213333333333335,12
472,15.253333333333334,12
473,15.28,12
474,15.546666666666667,12
475,14.826666666666666,12
476,15.573333333333334,12
477,15.306666666666667,12
478,15.306666666666667,12
479,15.413333333333334,12
480,15.573333333333334,12
481,15.44,12
482,13.946666666666667,12
483,14.56,12
484,15.12,12
485,15.333333333333334,12
486,15.84,12
487,16.026666666666667,12
488,16.266666666666666,12
489,15.92,12
490,15.173333333333334,12
491,15.04,12
492,14.133333333333333,12
493,14.64,12
494,15.493333333333334,12
495,15.733333333333333,12
496,15.253333333333334,12
497,14.773333333333333,12
498,15.2,12
499,15.333333333333334,12
500,15.12,12
501,15.893333333333333,12
502,16.373333333333335,12
503,15.413333333333334,12
504,16.293333333333333,12
505,16.053333333333335,12
506,15.12,12
507,15.92,12
508,15.146666666666667,12
509,14.853333333333333,12
510,14.72,12
511,15.44,12
512,14.96,12
513,15.386666666666667,12
514,15.2,12
515,15.093333333333334,12
516,15.653333333333334,12
517,16.08,12
518,15.813333333333333,12
519,15.706666666666667,12
520,15.093333333333334,12
521,14.693333333333333,12
522,15.546666666666667,12
523,15.813333333333333,12
524,15.333333333333334,12
525,16.026666666666667,12
526,15.28,12
527,15.786666666666667,12
528,15.306666666666667,12
529,15.546666666666667,12
530,15.706666666666667,12
531,15.946666666666667,12
532,16.346666666666668,12
533,15.546666666666667,12
534,15.92,12
535,16.32,12
536,16.213333333333335,12
537,15.813333333333333,12
538,15.946666666666667,12
539,15.786666666666667,12
540,16.88,12
541,16.533333333333335,12
542,16.746666666666666,12
543,16.293333333333333,12
544,15.84,12
545,15.146666666666667,12
546,15.706666666666667,12
547,15.413333333333334,12
548,14.933333333333334,12
549,15.28,12
550,15.146666666666667,12
551,15.44,12
552,14.8,12
553,15.52,12
554,15.226666666666667,12
555,15.946666666666667,12
556,15.146666666666667,12
557,15.76,12
558,16.293333333333333,12
559,15.253333333333334,12
560,15.626666666666667,12
561,15.173333333333334,12
562,14.48,12
563,15.413333333333334,12
564,15.466666666666667,8
565,15.12,8
566,15.173333333333334,4
567,15.84,4
568,15.253333333333334,4
569,14.96,4
570,14.24,4
571,14.213333333333333,4
572,12.88,4
573,12.266666666666667,4
574,11.093333333333334,4
575,10.186666666666667,4
576,9.28,4
577,8.453333333333333,4
578,8.426666666666666,4
579,7.626666666666667,4
580,7.8133333333333335,4
581,8.16,4
582,8.533333333333333,4
583,7.413333333333333,4
584,7.093333333333334,4
585,7.1466666666666665,4
586,7.8133333333333335,4
587,7.92,4
588,8.666666666666666,4
589,8.64,4
590,8.24,4
591,8.906666666666666,4
592,8.053333333333333,4
593,7.013333333333334,4
594,7.52,4
595,7.28,4
596,7.573333333333333,4
597,8.32,4
598,7.946666666666666,4
599,7.12,4
600,7.253333333333333,4
601,7.946666666666666,4
602,6.906666666666666,4
603,7.173333333333333,4
604,8.293333333333333,4
605,8.373333333333333,4
606,8.266666666666667,4
607,7.973333333333334,4
608,7.84,4
609,7.413333333333333,4
610,7.733333333333333,4
611,8.666666666666666,4
612,7.653333333333333,4
613,7.28,4
614,7.253333333333333,4
615,7.44,4
616,8.026666666666667,4
617,7.626666666666667,4
618,8.373333333333333,4
619,7.6,4
620,7.546666666666667,4
621,8.0,4
622,7.866666666666666,4
623,6.88,4
624,7.973333333333334,4
625,8.48,4
626,8.56,4
627,7.733333333333333,4
628,8.213333333333333,4
629,7.973333333333334,4
630,8.346666666666666,4
631,7.84,4
632,7.8133333333333335,4
633,7.36,4
634,7.493333333333333,4
635,7.706666666666667,4
636,8.64,4
637,8.453333333333333,4
638,7.546666666666667,4
639,6.266666666666667,4
640,7.546666666666667,4
641,7.546666666666667,4
642,7.226666666666667,4
643,6.72,4
644,6.346666666666667,4
645,7.573333333333333,4
646,7.76,4
647,8.08,4
648,7.946666666666666,4
649,7.8933333333333335,4
650,7.706666666666667,4
651,8.133333333333333,4
652,8.026666666666667,4
653,7.866666666666666,4
654,7.626666666666667,4
655,7.786666666666667,4
656,8.026666666666667,4
657,7.973333333333334,4
658,7.946666666666666,4
659,7.84,4
660,7.626666666666667,4
661,7.386666666666667,4
662,7.493333333333333,4
663,7.733333333333333,4
664,8.346666666666666,4
665,7.706666666666667,4
666,7.36,4
667,7.36,4
668,7.36,4
669,7.68,4
670,7.84,4
671,7.866666666666666,4
672,7.44,4
673,6.613333333333333,4
674,7.386666666666667,4
675,7.413333333333333,4
676,8.506666666666666,4
677,7.946666666666666,4
678,7.8933333333333335,4
679,8.213333333333333,4
680,8.133333333333333,4
681,8.213333333333333,4
682,7.733333333333333,4
683,7.466666666666667,4
684,7.92,4
685,7.173333333333333,4
686,7.466666666666667,4
687,7.28,4
688,7.2,4
689,7.253333333333333,4
690,8.053333333333333,4
691,8.053333333333333,4
692,8.026666666666667,4
693,7.546666666666667,4
694,7.546666666666667,4
695,7.68,4
696,7.68,4
697,8.0,4
698,7.8133333333333335,4
699,7.173333333333333,4
700,7.706666666666667,4
701,7.626666666666667,4
702,7.866666666666666,4
703,7.84,4
704,7.466666666666667,4
705,7.04,4
706,7.76,4
707,6.64,4
708,7.12,4
709,7.52,4
710,7.1466666666666665,4
711,7.333333333333333,4
712,7.92,4
713,7.226666666666667,4
714,7.52,4
715,7.12,4
716,7.546666666666667,4
717,6.933333333333334,4
718,7.546666666666667,4
719,8.026666666666667,4
720,8.213333333333333,4
721,8.746666666666666,4
722,8.453333333333333,4
723,8.533333333333333,4
724,7.52,4
725,7.733333333333333,4
726,8.08,4
727,8.0,4
728,7.52,4
729,7.386666666666667,4
730,7.946666666666666,4
731,7.466666666666667,4
732,8.506666666666666,4
733,8.373333333333333,4
734,7.8133333333333335,4
735,7.626666666666667,4
736,8.053333333333333,4
737,8.08,4
738,7.8933333333333335,4
739,7.8133333333333335,4
740,7.333333333333333,4
741,7.626666666666667,4
742,8.106666666666667,4
743,8.0,4
744,8.16,4
745,8.133333333333333,4
746,7.333333333333333,4
747,6.986666666666666,4
748,7.786666666666667,4
749,7.973333333333334,4
750,7.306666666666667,4
751,8.133333333333333,4
752,7.28,4
753,8.32,4
754,7.44,4
755,7.333333333333333,4
756,8.24,4
757,7.946666666666666,4
758,7.52,4
759,7.6,4
760,7.413333333333333,4
761,8.08,4
762,8.933333333333334,4
763,8.293333333333333,4
764,6.906666666666666,4
765,6.986666666666666,4
766,6.746666666666667,4
767,7.8133333333333335,4
768,7.226666666666667,4
769,7.493333333333333,4
770,7.946666666666666,4
771,8.453333333333333,4
772,8.906666666666666,4
773,7.68,4
774,6.72,4
775,7.573333333333333,4
776,7.786666666666667,4
777,8.426666666666666,4
778,8.346666666666666,4
779,8.133333333333333,4
780,7.466666666666667,4
781,6.72,4
782,7.653333333333333,4
783,8.24,4
784,7.306666666666667,4
785,7.2,4
786,7.306666666666667,4
787,7.173333333333333,4
788,7.12,4
789,8.32,4
790,8.0,4
791,8.586666666666666,4
792,8.053333333333333,4
793,8.293333333333333,4
794,8.0,4
795,7.493333333333333,4
796,7.093333333333334,4
797,7.386666666666667,4
798,7.413333333333333,4
799,7.706666666666667,4
800,7.466666666666667,4
801,7.653333333333333,4
802,7.04,4
803,8.106666666666667,4
804,8.08,4
805,8.106666666666667,4
806,7.306666666666667,4
807,8.4,4
808,7.386666666666667,4
809,6.613333333333333,4
810,7.28,4
811,8.506666666666666,4
812,7.28,4
813,7.653333333333333,4
814,7.306666666666667,4
815,8.0,4
816,6.746666666666667,4
817,7.44,4
818,8.293333333333333,4
819,7.413333333333333,4
820,7.76,4
821,7.68,4
822,7.706666666666667,4
823,8.026666666666667,4
824,8.586666666666666,4
825,7.706666666666667,4
826,7.8133333333333335,4
827,7.973333333333334,4
828,8.426666666666666,4
829,7.386666666666667,4
830,7.866666666666666,4
831,7.946666666666666,4
832,7.626666666666667,4
833,8.08,4
834,7.653333333333333,4
835,7.84,4
836,8.16,4
837,8.213333333333333,4
838,8.133333333333333,4
839,7.786666666666667,4
840,7.333333333333333,4
841,7.573333333333333,4
842,8.453333333333333,4
843,7.226666666666667,4
844,6.8,4
845,7.413333333333333,4
846,8.0,4
847,6.986666666666666,4
848,6.48,4
849,7.093333333333334,4
850,7.1466666666666665,4
851,8.373333333333333,4
852,7.946666666666666,4
853,7.68,4
854,7.866666666666666,4
855,7.6,4
856,8.533333333333333,4
857,8.373333333333333,4
858,7.706666666666667,4
859,7.84,4
860,8.32,0
