Figure: small_5
File Number: 38
Nodes: 36
Edges: 580
Max Generations: 2000
Population Size: 150
Mutation Rate: 0.01
Colors Used: 8
Runtime: 3.32

Generation,Average Fitness,Best Fitness
0,143.44,88
1,134.26666666666668,88
2,129.01333333333332,88
3,126.26666666666667,80
4,123.38666666666667,76
5,121.89333333333333,76
6,119.57333333333334,68
7,115.25333333333333,68
8,115.14666666666666,68
9,111.41333333333333,68
10,107.62666666666667,68
11,106.66666666666667,68
12,102.90666666666667,64
13,97.46666666666667,64
14,97.14666666666666,64
15,92.32,60
16,90.0,60
17,87.57333333333334,52
18,85.73333333333333,52
19,81.84,52
20,78.74666666666667,48
21,77.49333333333334,48
22,74.56,48
23,71.30666666666667,48
24,68.48,44
25,65.46666666666667,40
26,64.42666666666666,40
27,61.946666666666665,40
28,62.8,40
29,60.72,40
30,60.4,40
31,58.74666666666667,40
32,56.8,36
33,56.0,36
34,54.16,36
35,52.96,36
36,51.013333333333335,32
37,50.24,32
38,50.50666666666667,28
39,48.346666666666664,24
40,45.84,24
41,43.70666666666666,24
42,40.93333333333333,16
43,40.053333333333335,16
44,39.2,16
45,35.38666666666666,16
46,33.06666666666667,16
47,31.36,16
48,29.013333333333332,12
49,27.84,12
50,25.013333333333332,12
51,22.373333333333335,12
52,20.4,8
53,18.933333333333334,8
54,16.986666666666668,8
55,16.933333333333334,8
56,15.386666666666667,8
57,15.013333333333334,8
58,14.773333333333333,8
59,13.6,8
60,13.253333333333334,8
61,13.413333333333334,4
62,12.133333333333333,4
63,11.866666666666667,4
64,12.24,4
65,10.693333333333333,4
66,10.773333333333333,4
67,10.64,4
68,10.213333333333333,4
69,10.72,4
70,10.0,4
71,8.533333333333333,4
72,8.746666666666666,4
73,7.92,4
74,7.76,4
75,7.066666666666666,4
76,8.133333333333333,4
77,7.466666666666667,4
78,6.8533333333333335,4
79,7.92,4
80,7.226666666666667,4
81,8.506666666666666,4
82,8.026666666666667,4
83,8.32,4
84,8.0,4
85,7.173333333333333,4
86,7.546666666666667,4
87,7.653333333333333,4
88,8.026666666666667,4
89,8.32,4
90,7.573333333333333,4
91,7.626666666666667,4
92,7.866666666666666,4
93,7.84,4
94,7.946666666666666,4
95,8.586666666666666,4
96,8.24,4
97,7.946666666666666,4
98,7.253333333333333,4
99,7.386666666666667,4
100,7.6,4
101,7.253333333333333,4
102,6.4,4
103,6.613333333333333,4
104,6.826666666666667,4
105,8.64,4
106,8.96,4
107,7.866666666666666,4
108,7.8133333333333335,4
109,7.92,4
110,7.8133333333333335,4
111,7.653333333333333,4
112,7.173333333333333,4
113,7.733333333333333,4
114,7.386666666666667,4
115,7.8933333333333335,4
116,7.626666666666667,4
117,7.52,4
118,8.186666666666667,4
119,7.493333333333333,4
120,7.36,4
121,8.64,4
122,7.493333333333333,4
123,8.16,4
124,7.226666666666667,4
125,7.466666666666667,4
126,8.106666666666667,4
127,7.413333333333333,4
128,7.306666666666667,4
129,7.28,4
130,8.48,4
131,7.653333333333333,4
132,8.586666666666666,4
133,8.293333333333333,4
134,7.946666666666666,4
135,8.08,4
136,8.293333333333333,4
137,7.92,4
138,7.626666666666667,4
139,7.573333333333333,4
140,8.346666666666666,4
141,7.6,4
142,7.946666666666666,4
143,7.546666666666667,4
144,7.44,4
145,8.346666666666666,4
146,7.626666666666667,4
147,7.226666666666667,4
148,6.826666666666667,4
149,7.84,4
150,7.84,4
151,7.68,4
152,7.973333333333334,4
153,8.266666666666667,4
154,8.4,4
155,7.92,4
156,7.8133333333333335,4
157,6.986666666666666,4
158,8.266666666666667,4
159,7.573333333333333,4
160,7.306666666666667,4
161,8.8,4
162,8.346666666666666,4
163,8.346666666666666,4
164,7.226666666666667,4
165,8.026666666666667,4
166,7.6,4
167,7.92,4
168,7.946666666666666,4
169,7.626666666666667,4
170,7.84,4
171,6.933333333333334,4
172,7.413333333333333,4
173,8.56,4
174,8.186666666666667,4
175,8.853333333333333,4
176,8.346666666666666,4
177,7.973333333333334,4
178,7.44,4
179,8.906666666666666,4
180,6.8533333333333335,4
181,7.04,4
182,7.546666666666667,4
183,7.946666666666666,4
184,7.573333333333333,4
185,8.586666666666666,4
186,8.426666666666666,4
187,7.84,4
188,7.866666666666666,4
189,7.706666666666667,4
190,7.706666666666667,4
191,8.346666666666666,4
192,7.973333333333334,4
193,7.8933333333333335,4
194,7.68,4
195,8.106666666666667,4
196,7.226666666666667,4
197,7.12,4
198,7.653333333333333,4
199,8.506666666666666,4
200,7.546666666666667,4
201,8.133333333333333,4
202,7.706666666666667,4
203,7.333333333333333,4
204,7.76,4
205,7.52,4
206,8.346666666666666,4
207,8.373333333333333,4
208,7.253333333333333,4
209,7.786666666666667,4
210,7.413333333333333,4
211,7.12,4
212,6.586666666666667,4
213,7.8133333333333335,4
214,7.013333333333334,4
215,7.093333333333334,4
216,7.6,4
217,7.44,4
218,7.546666666666667,4
219,7.253333333333333,4
220,8.026666666666667,4
221,7.493333333333333,4
222,8.133333333333333,4
223,8.213333333333333,4
224,7.653333333333333,4
225,7.706666666666667,4
226,6.933333333333334,4
227,6.906666666666666,4
228,8.906666666666666,4
229,9.786666666666667,4
230,8.773333333333333,4
231,8.053333333333333,4
232,8.373333333333333,4
233,7.706666666666667,4
234,7.253333333333333,4
235,7.1466666666666665,4
236,7.6,4
237,7.946666666666666,4
238,7.36,4
239,7.546666666666667,4
240,7.013333333333334,4
241,8.266666666666667,4
242,8.266666666666667,4
243,8.533333333333333,4
244,8.453333333333333,4
245,7.76,4
246,7.626666666666667,4
247,7.973333333333334,4
248,7.76,4
249,8.16,4
250,7.386666666666667,4
251,8.346666666666666,4
252,7.52,4
253,7.333333333333333,4
254,7.76,4
255,7.733333333333333,4
256,8.32,4
257,7.8933333333333335,4
258,8.0,4
259,7.653333333333333,4
260,8.826666666666666,4
261,8.24,4
262,7.8933333333333335,4
263,7.12,4
264,6.8533333333333335,4
265,7.36,4
266,7.52,4
267,7.333333333333333,4
268,6.746666666666667,4
269,7.226666666666667,4
270,7.093333333333334,4
271,7.173333333333333,4
272,6.96,4
273,7.413333333333333,4
274,7.84,4
275,7.706666666666667,4
276,7.173333333333333,4
277,7.36,4
278,6.693333333333333,4
279,6.666666666666667,4
280,7.84,4
281,8.24,4
282,8.08,4
283,8.506666666666666,4
284,8.666666666666666,4
285,8.773333333333333,4
286,7.68,4
287,7.413333333333333,4
288,7.68,4
289,6.8,4
290,6.933333333333334,4
291,6.72,4
292,7.68,4
293,7.466666666666667,4
294,7.6,4
295,6.96,4
296,7.8133333333333335,4
297,7.493333333333333,4
298,8.213333333333333,4
299,8.16,4
300,8.213333333333333,4
301,7.706666666666667,4
302,8.053333333333333,4
303,7.2,4
304,8.186666666666667,4
305,8.053333333333333,4
306,6.613333333333333,4
307,7.013333333333334,4
308,7.04,4
309,7.84,4
310,7.84,4
311,8.506666666666666,4
312,7.8933333333333335,4
313,7.093333333333334,4
314,8.08,4
315,8.08,4
316,7.8933333333333335,4
317,7.84,4
318,7.786666666666667,4
319,7.68,4
320,8.586666666666666,4
321,7.706666666666667,4
322,7.52,4
323,8.0,4
324,7.413333333333333,4
325,7.8933333333333335,4
326,7.04,4
327,7.786666666666667,4
328,7.306666666666667,4
329,8.053333333333333,4
330,8.08,4
331,7.76,4
332,7.253333333333333,4
333,7.866666666666666,4
334,7.866666666666666,4
335,7.866666666666666,4
336,7.386666666666667,4
337,7.36,4
338,7.76,4
339,9.226666666666667,4
340,7.973333333333334,4
341,8.16,4
342,7.12,4
343,7.733333333333333,4
344,7.626666666666667,4
345,7.653333333333333,4
346,7.8933333333333335,4
347,7.173333333333333,4
348,8.373333333333333,4
349,8.0,4
350,7.6,4
351,7.866666666666666,4
352,7.173333333333333,4
353,6.826666666666667,4
354,7.306666666666667,4
355,6.906666666666666,4
356,6.88,4
357,6.933333333333334,4
358,7.36,4
359,6.96,4
360,7.76,4
361,7.493333333333333,4
362,8.16,4
363,7.68,4
364,7.76,4
365,7.8133333333333335,4
366,8.32,4
367,9.28,4
368,8.053333333333333,4
369,8.426666666666666,4
370,8.586666666666666,4
371,8.026666666666667,4
372,7.733333333333333,4
373,8.053333333333333,4
374,7.706666666666667,4
375,8.0,4
376,8.16,4
377,7.626666666666667,4
378,7.973333333333334,4
379,7.786666666666667,4
380,7.466666666666667,4
381,7.333333333333333,4
382,6.693333333333333,4
383,7.8133333333333335,4
384,9.653333333333334,4
385,8.666666666666666,4
386,8.693333333333333,4
387,9.146666666666667,4
388,8.133333333333333,4
389,7.626666666666667,4
390,7.493333333333333,4
391,7.786666666666667,4
392,8.026666666666667,4
393,7.546666666666667,4
394,7.68,4
395,7.8133333333333335,4
396,6.666666666666667,4
397,7.306666666666667,4
398,6.906666666666666,4
399,6.88,4
400,7.653333333333333,4
401,7.6,4
402,8.053333333333333,4
403,7.8133333333333335,4
404,8.56,4
405,8.533333333333333,4
406,8.48,4
407,8.373333333333333,4
408,8.506666666666666,4
409,8.64,4
410,7.2,4
411,7.68,4
412,7.28,4
413,7.413333333333333,4
414,7.12,4
415,7.04,4
416,7.573333333333333,4
417,7.013333333333334,4
418,7.546666666666667,4
419,7.626666666666667,4
420,6.986666666666666,4
421,7.84,4
422,7.333333333333333,4
423,7.92,4
424,7.44,4
425,8.56,4
426,7.626666666666667,4
427,7.866666666666666,4
428,8.08,4
429,8.106666666666667,4
430,8.426666666666666,4
431,7.52,4
432,7.173333333333333,4
433,7.8933333333333335,4
434,8.026666666666667,4
435,7.573333333333333,4
436,7.76,4
437,7.8933333333333335,4
438,7.626666666666667,4
439,7.733333333333333,4
440,7.8133333333333335,4
441,8.96,4
442,7.386666666666667,4
443,6.8533333333333335,4
444,6.586666666666667,4
445,6.773333333333333,4
446,8.08,4
447,8.293333333333333,4
448,8.0,4
449,8.586666666666666,4
450,8.533333333333333,4
451,8.453333333333333,4
452,7.466666666666667,4
453,6.72,4
454,7.173333333333333,4
455,7.28,4
456,6.613333333333333,4
457,7.44,4
458,6.746666666666667,4
459,7.466666666666667,4
460,7.8933333333333335,4
461,8.64,4
462,8.346666666666666,4
463,7.546666666666667,4
464,8.08,4
465,7.093333333333334,4
466,8.08,4
467,8.826666666666666,4
468,7.8933333333333335,4
469,8.053333333333333,4
470,7.306666666666667,4
471,7.36,4
472,7.8133333333333335,4
473,8.213333333333333,4
474,8.48,4
475,7.76,4
476,7.706666666666667,4
477,7.013333333333334,4
478,7.973333333333334,4
479,6.666666666666667,4
480,7.226666666666667,4
481,7.12,4
482,7.546666666666667,4
483,6.986666666666666,4
484,7.68,4
485,7.973333333333334,4
486,7.68,4
487,7.253333333333333,4
488,7.1466666666666665,4
489,7.306666666666667,4
490,6.72,4
491,6.48,4
492,6.906666666666666,4
493,6.986666666666666,4
494,7.333333333333333,4
495,7.866666666666666,4
496,7.1466666666666665,4
497,7.653333333333333,4
498,8.56,4
499,9.36,4
500,9.093333333333334,4
501,8.186666666666667,4
502,7.653333333333333,4
503,6.933333333333334,4
504,8.293333333333333,4
505,8.72,4
506,8.906666666666666,4
507,7.12,4
508,7.173333333333333,4
509,7.333333333333333,4
510,6.88,4
511,6.8,4
512,7.093333333333334,4
513,7.8933333333333335,4
514,7.173333333333333,4
515,7.626666666666667,4
516,7.333333333333333,4
517,8.213333333333333,4
518,7.2,4
519,7.253333333333333,4
520,7.6,4
521,7.52,4
522,8.053333333333333,4
523,7.1466666666666665,4
524,7.013333333333334,4
525,7.333333333333333,4
526,7.066666666666666,4
527,8.106666666666667,4
528,7.946666666666666,4
529,7.973333333333334,4
530,7.946666666666666,4
531,8.133333333333333,4
532,8.426666666666666,4
533,7.706666666666667,4
534,7.333333333333333,4
535,8.186666666666667,4
536,8.533333333333333,4
537,7.84,4
538,7.493333333333333,4
539,6.96,4
540,7.12,4
541,7.493333333333333,4
542,7.973333333333334,4
543,8.586666666666666,4
544,8.346666666666666,4
545,7.413333333333333,4
546,6.826666666666667,4
547,7.386666666666667,4
548,7.573333333333333,4
549,7.28,4
550,7.573333333333333,4
551,7.84,4
552,7.44,4
553,7.226666666666667,4
554,8.026666666666667,4
555,6.933333333333334,4
556,8.026666666666667,4
557,7.333333333333333,4
558,7.36,4
559,8.373333333333333,4
560,8.426666666666666,4
561,7.946666666666666,4
562,7.386666666666667,4
563,7.84,4
564,7.68,4
565,6.986666666666666,4
566,7.306666666666667,4
567,7.386666666666667,4
568,7.44,4
569,7.546666666666667,4
570,8.133333333333333,4
571,8.346666666666666,4
572,7.68,4
573,8.426666666666666,4
574,8.026666666666667,4
575,7.733333333333333,4
576,7.413333333333333,4
577,7.386666666666667,4
578,7.573333333333333,4
579,7.386666666666667,4
580,7.306666666666667,4
581,6.586666666666667,4
582,8.0,4
583,7.84,4
584,6.613333333333333,4
585,7.386666666666667,4
586,6.986666666666666,4
587,7.306666666666667,4
588,7.573333333333333,4
589,7.68,4
590,7.546666666666667,4
591,7.013333333333334,4
592,6.666666666666667,4
593,8.133333333333333,4
594,7.066666666666666,4
595,7.1466666666666665,4
596,6.746666666666667,4
597,7.306666666666667,4
598,7.386666666666667,4
599,8.24,4
600,8.026666666666667,4
601,7.306666666666667,4
602,7.973333333333334,4
603,6.906666666666666,4
604,7.626666666666667,4
605,6.906666666666666,4
606,7.04,4
607,6.826666666666667,4
608,7.1466666666666665,4
609,7.626666666666667,4
610,8.853333333333333,4
611,8.133333333333333,4
612,7.573333333333333,4
613,7.36,4
614,7.546666666666667,4
615,7.1466666666666665,4
616,8.533333333333333,4
617,8.293333333333333,4
618,8.64,4
619,8.373333333333333,4
620,8.4,4
621,8.64,4
622,8.506666666666666,4
623,8.426666666666666,4
624,7.173333333333333,4
625,7.8933333333333335,4
626,7.066666666666666,4
627,7.733333333333333,4
628,7.36,4
629,7.04,4
630,8.346666666666666,4
631,8.24,4
632,8.4,4
633,7.76,4
634,7.413333333333333,4
635,8.533333333333333,4
636,9.226666666666667,4
637,8.72,4
638,7.973333333333334,4
639,7.493333333333333,4
640,9.12,4
641,9.2,4
642,9.226666666666667,4
643,8.72,4
644,8.213333333333333,4
645,7.733333333333333,4
646,8.346666666666666,4
647,7.1466666666666665,4
648,8.293333333333333,4
649,7.866666666666666,4
650,7.6,4
651,7.68,4
652,8.266666666666667,4
653,7.8933333333333335,4
654,7.626666666666667,4
655,7.706666666666667,4
656,8.373333333333333,4
657,8.0,4
658,8.293333333333333,4
659,8.186666666666667,4
660,8.266666666666667,4
661,8.88,4
662,7.6,4
663,8.026666666666667,4
664,7.68,4
665,7.28,4
666,7.413333333333333,4
667,7.413333333333333,4
668,6.933333333333334,4
669,7.52,4
670,8.026666666666667,4
671,8.773333333333333,4
672,8.613333333333333,4
673,7.68,4
674,6.906666666666666,4
675,7.68,4
676,7.626666666666667,4
677,7.466666666666667,4
678,6.773333333333333,4
679,7.12,4
680,7.253333333333333,4
681,7.626666666666667,4
682,7.733333333333333,4
683,7.626666666666667,4
684,8.08,4
685,8.773333333333333,4
686,7.6,4
687,7.8133333333333335,4
688,8.533333333333333,4
689,7.946666666666666,4
690,8.853333333333333,4
691,7.84,4
692,7.653333333333333,4
693,7.8133333333333335,4
694,7.626666666666667,4
695,7.733333333333333,4
696,8.346666666666666,4
697,9.066666666666666,4
698,8.64,4
699,7.946666666666666,4
700,7.066666666666666,4
701,7.2,4
702,7.44,4
703,8.16,4
704,7.8133333333333335,4
705,6.24,4
706,6.96,4
707,7.866666666666666,4
708,6.613333333333333,4
709,7.04,4
710,7.52,4
711,8.08,4
712,7.6,4
713,7.546666666666667,4
714,7.333333333333333,4
715,7.253333333333333,4
716,7.546666666666667,4
717,6.56,4
718,6.96,4
719,6.96,4
720,7.8133333333333335,4
721,7.84,4
722,7.866666666666666,4
723,7.226666666666667,4
724,7.013333333333334,4
725,6.746666666666667,4
726,8.48,4
727,7.973333333333334,4
728,6.8,4
729,6.88,4
730,7.253333333333333,4
731,8.08,4
732,8.133333333333333,4
733,8.906666666666666,4
734,9.013333333333334,4
735,7.76,4
736,7.786666666666667,4
737,6.666666666666667,4
738,7.253333333333333,4
739,7.04,4
740,7.413333333333333,4
741,8.453333333333333,4
742,8.213333333333333,4
743,7.04,4
744,6.88,4
745,7.333333333333333,4
746,7.253333333333333,4
747,7.573333333333333,4
748,7.2,4
749,8.08,4
750,7.626666666666667,4
751,7.466666666666667,4
752,7.68,4
753,7.493333333333333,4
754,7.573333333333333,4
755,7.306666666666667,4
756,6.933333333333334,4
757,7.76,4
758,8.24,4
759,8.533333333333333,4
760,8.106666666666667,4
761,7.92,4
762,8.08,4
763,8.24,4
764,7.52,4
765,7.52,4
766,8.106666666666667,4
767,6.693333333333333,4
768,7.626666666666667,4
769,7.413333333333333,4
770,7.52,4
771,7.6,4
772,7.173333333333333,4
773,7.093333333333334,4
774,7.8933333333333335,4
775,7.466666666666667,4
776,8.186666666666667,4
777,7.626666666666667,4
778,7.84,4
779,7.626666666666667,4
780,7.76,4
781,7.333333333333333,4
782,8.693333333333333,4
783,7.6,4
784,7.04,4
785,6.933333333333334,4
786,7.573333333333333,4
787,8.053333333333333,4
788,7.8133333333333335,4
789,8.906666666666666,4
790,7.8933333333333335,4
791,6.88,4
792,8.533333333333333,4
793,8.64,4
794,8.986666666666666,4
795,7.946666666666666,4
796,7.706666666666667,4
797,7.12,4
798,7.706666666666667,4
799,7.093333333333334,4
800,7.92,4
801,8.0,4
802,7.253333333333333,4
803,7.626666666666667,4
804,7.946666666666666,4
805,7.866666666666666,4
806,7.84,4
807,8.0,4
808,7.8133333333333335,4
809,7.1466666666666665,4
810,7.706666666666667,4
811,7.333333333333333,4
812,7.066666666666666,4
813,7.52,4
814,6.96,4
815,7.04,4
816,7.28,4
817,8.64,4
818,8.933333333333334,4
819,8.0,4
820,7.466666666666667,4
821,8.48,4
822,6.986666666666666,4
823,7.093333333333334,4
824,6.933333333333334,4
825,6.613333333333333,4
826,6.773333333333333,4
827,6.453333333333333,4
828,6.906666666666666,4
829,7.413333333333333,4
830,7.013333333333334,4
831,7.226666666666667,4
832,7.28,4
833,8.586666666666666,4
834,8.186666666666667,4
835,8.613333333333333,4
836,8.533333333333333,4
837,8.213333333333333,4
838,7.866666666666666,4
839,7.333333333333333,4
840,7.44,4
841,7.44,4
842,7.066666666666666,4
843,8.0,4
844,7.866666666666666,4
845,6.88,4
846,7.306666666666667,4
847,7.733333333333333,4
848,8.373333333333333,4
849,7.706666666666667,4
850,7.466666666666667,4
851,7.306666666666667,4
852,7.653333333333333,4
853,7.28,4
854,8.213333333333333,4
855,7.866666666666666,4
856,6.586666666666667,4
857,7.173333333333333,4
858,6.8,4
859,7.413333333333333,4
860,6.533333333333333,4
861,7.093333333333334,4
862,7.466666666666667,4
863,8.133333333333333,4
864,8.0,4
865,7.253333333333333,4
866,7.866666666666666,4
867,8.24,4
868,7.44,4
869,7.8933333333333335,4
870,7.626666666666667,4
871,7.68,4
872,8.186666666666667,4
873,8.693333333333333,4
874,8.533333333333333,4
875,7.866666666666666,4
876,7.573333333333333,4
877,8.293333333333333,4
878,7.733333333333333,4
879,7.866666666666666,4
880,7.546666666666667,4
881,7.973333333333334,4
882,8.4,4
883,7.626666666666667,4
884,7.973333333333334,4
885,8.08,4
886,8.48,4
887,7.573333333333333,4
888,7.28,4
889,7.573333333333333,4
890,6.933333333333334,4
891,6.773333333333333,4
892,6.453333333333333,4
893,7.226666666666667,4
894,7.493333333333333,4
895,6.773333333333333,4
896,7.76,4
897,8.106666666666667,4
898,7.76,4
899,7.226666666666667,4
900,7.76,4
901,7.8933333333333335,4
902,8.48,4
903,7.52,4
904,7.44,4
905,7.706666666666667,4
906,7.76,4
907,8.026666666666667,4
908,7.8133333333333335,4
909,7.6,4
910,7.386666666666667,4
911,7.6,4
912,8.026666666666667,4
913,7.653333333333333,4
914,7.12,4
915,7.973333333333334,4
916,8.24,4
917,7.28,4
918,7.1466666666666665,4
919,7.76,4
920,6.773333333333333,4
921,6.8,4
922,7.92,4
923,8.453333333333333,4
924,7.84,4
925,7.6,4
926,6.933333333333334,4
927,7.8933333333333335,4
928,7.066666666666666,4
929,7.493333333333333,4
930,7.28,4
931,7.2,4
932,7.76,4
933,7.226666666666667,4
934,8.213333333333333,4
935,7.386666666666667,4
936,7.44,4
937,7.386666666666667,4
938,7.573333333333333,4
939,7.946666666666666,4
940,7.626666666666667,4
941,8.293333333333333,4
942,7.706666666666667,4
943,7.44,4
944,7.76,4
945,8.266666666666667,4
946,7.84,4
947,7.386666666666667,4
948,7.44,4
949,6.48,4
950,7.013333333333334,4
951,7.36,4
952,6.613333333333333,4
953,7.28,4
954,7.626666666666667,4
955,7.413333333333333,4
956,6.56,4
957,7.253333333333333,4
958,8.16,4
959,8.106666666666667,4
960,8.186666666666667,4
961,7.946666666666666,4
962,7.333333333333333,4
963,8.08,4
964,7.28,4
965,7.226666666666667,4
966,7.2,4
967,7.44,4
968,7.493333333333333,4
969,7.653333333333333,4
970,7.013333333333334,4
971,7.226666666666667,4
972,7.973333333333334,4
973,7.093333333333334,4
974,7.786666666666667,4
975,8.106666666666667,4
976,7.306666666666667,4
977,7.706666666666667,4
978,7.626666666666667,4
979,8.426666666666666,4
980,8.026666666666667,4
981,7.92,4
982,7.466666666666667,4
983,6.746666666666667,4
984,7.226666666666667,4
985,8.16,4
986,8.16,4
987,7.386666666666667,4
988,7.626666666666667,4
989,7.626666666666667,4
990,7.226666666666667,4
991,8.186666666666667,4
992,8.106666666666667,4
993,7.253333333333333,4
994,6.8533333333333335,4
995,6.826666666666667,4
996,7.466666666666667,4
997,6.8533333333333335,4
998,7.306666666666667,4
999,8.0,4
1000,7.44,4
1001,7.573333333333333,4
1002,6.826666666666667,4
1003,8.08,4
1004,8.426666666666666,4
1005,7.946666666666666,0
