Figure: small_5
File Number: 40
Nodes: 36
Edges: 580
Max Generations: 2000
Population Size: 150
Mutation Rate: 0.01
Colors Used: 8
Runtime: 5.96

Generation,Average Fitness,Best Fitness
0,148.8,80
1,139.89333333333335,80
2,132.29333333333332,80
3,124.61333333333333,80
4,119.92,80
5,118.02666666666667,80
6,114.77333333333333,80
7,111.38666666666667,76
8,109.54666666666667,64
9,108.85333333333334,64
10,107.81333333333333,64
11,105.76,64
12,103.01333333333334,64
13,102.77333333333333,64
14,100.32,52
15,95.89333333333333,44
16,92.05333333333333,44
17,89.14666666666666,44
18,86.24,44
19,82.18666666666667,44
20,78.05333333333333,44
21,73.30666666666667,36
22,68.72,36
23,64.93333333333334,36
24,61.36,32
25,55.946666666666665,32
26,53.92,32
27,50.16,32
28,46.96,32
29,45.306666666666665,32
30,43.28,32
31,41.49333333333333,28
32,40.29333333333334,28
33,38.72,28
34,37.093333333333334,28
35,36.18666666666667,28
36,34.82666666666667,28
37,34.85333333333333,24
38,33.68,24
39,33.70666666666666,24
40,34.053333333333335,24
41,33.68,24
42,32.42666666666667,20
43,31.6,20
44,29.813333333333333,20
45,29.973333333333333,20
46,28.453333333333333,20
47,27.2,20
48,27.28,20
49,27.386666666666667,20
50,26.986666666666668,16
51,25.84,16
52,25.733333333333334,16
53,24.426666666666666,16
54,23.973333333333333,16
55,23.573333333333334,16
56,23.28,16
57,22.16,16
58,22.533333333333335,16
59,22.4,16
60,20.8,16
61,19.92,12
62,20.053333333333335,12
63,20.266666666666666,12
64,20.346666666666668,12
65,19.253333333333334,8
66,19.2,8
67,18.426666666666666,8
68,17.866666666666667,8
69,17.12,8
70,17.333333333333332,8
71,16.586666666666666,8
72,14.773333333333333,8
73,15.306666666666667,8
74,14.666666666666666,8
75,13.68,8
76,13.76,8
77,13.546666666666667,4
78,12.506666666666666,4
79,12.426666666666666,4
80,11.92,4
81,12.32,4
82,11.2,4
83,10.16,4
84,10.853333333333333,4
85,10.266666666666667,4
86,10.746666666666666,4
87,10.373333333333333,4
88,8.746666666666666,4
89,8.32,4
90,7.013333333333334,4
91,7.013333333333334,4
92,8.106666666666667,4
93,8.64,4
94,7.413333333333333,4
95,7.946666666666666,4
96,8.186666666666667,4
97,7.493333333333333,4
98,7.413333333333333,4
99,7.733333333333333,4
100,7.173333333333333,4
101,6.32,4
102,8.346666666666666,4
103,8.773333333333333,4
104,8.16,4
105,7.8133333333333335,4
106,8.133333333333333,4
107,7.946666666666666,4
108,7.866666666666666,4
109,7.573333333333333,4
110,8.826666666666666,4
111,8.453333333333333,4
112,8.133333333333333,4
113,8.106666666666667,4
114,7.973333333333334,4
115,7.946666666666666,4
116,7.68,4
117,8.266666666666667,4
118,7.8133333333333335,4
119,7.76,4
120,7.733333333333333,4
121,7.413333333333333,4
122,7.706666666666667,4
123,7.8133333333333335,4
124,7.04,4
125,7.466666666666667,4
126,7.386666666666667,4
127,7.253333333333333,4
128,8.08,4
129,7.52,4
130,8.053333333333333,4
131,8.026666666666667,4
132,7.76,4
133,6.8533333333333335,4
134,7.44,4
135,8.08,4
136,7.946666666666666,4
137,7.333333333333333,4
138,7.173333333333333,4
139,8.0,4
140,7.866666666666666,4
141,7.466666666666667,4
142,8.346666666666666,4
143,7.786666666666667,4
144,7.8133333333333335,4
145,7.946666666666666,4
146,7.786666666666667,4
147,7.8933333333333335,4
148,7.546666666666667,4
149,8.826666666666666,4
150,8.453333333333333,4
151,8.48,4
152,7.76,4
153,7.226666666666667,4
154,7.013333333333334,4
155,7.8933333333333335,4
156,8.026666666666667,4
157,8.133333333333333,4
158,8.213333333333333,4
159,8.0,4
160,7.573333333333333,4
161,7.92,4
162,7.786666666666667,4
163,8.08,4
164,8.773333333333333,4
165,8.666666666666666,4
166,8.88,4
167,8.56,4
168,8.48,4
169,8.826666666666666,4
170,8.48,4
171,7.546666666666667,4
172,6.96,4
173,7.12,4
174,7.12,4
175,7.413333333333333,4
176,7.52,4
177,6.96,4
178,7.2,4
179,7.52,4
180,7.413333333333333,4
181,7.733333333333333,4
182,8.186666666666667,4
183,7.546666666666667,4
184,7.173333333333333,4
185,7.253333333333333,4
186,8.106666666666667,4
187,8.24,4
188,7.1466666666666665,4
189,7.76,4
190,8.08,4
191,8.32,4
192,7.6,4
193,8.0,4
194,7.546666666666667,4
195,8.4,4
196,7.76,4
197,7.6,4
198,7.626666666666667,4
199,6.586666666666667,4
200,6.96,4
201,7.2,4
202,7.68,4
203,7.733333333333333,4
204,7.466666666666667,4
205,7.573333333333333,4
206,8.48,4
207,7.84,4
208,7.1466666666666665,4
209,7.253333333333333,4
210,7.333333333333333,4
211,7.1466666666666665,4
212,7.173333333333333,4
213,6.693333333333333,4
214,7.306666666666667,4
215,7.546666666666667,4
216,7.36,4
217,7.093333333333334,4
218,7.253333333333333,4
219,7.706666666666667,4
220,8.106666666666667,4
221,7.28,4
222,7.386666666666667,4
223,7.573333333333333,4
224,7.466666666666667,4
225,7.1466666666666665,4
226,7.173333333333333,4
227,7.386666666666667,4
228,8.293333333333333,4
229,7.12,4
230,7.093333333333334,4
231,7.333333333333333,4
232,7.386666666666667,4
233,7.04,4
234,7.973333333333334,4
235,8.426666666666666,4
236,8.16,4
237,8.213333333333333,4
238,7.466666666666667,4
239,6.1866666666666665,4
240,6.746666666666667,4
241,6.586666666666667,4
242,7.493333333333333,4
243,7.786666666666667,4
244,7.253333333333333,4
245,7.6,4
246,8.506666666666666,4
247,7.546666666666667,4
248,8.106666666666667,4
249,7.653333333333333,4
250,8.453333333333333,4
251,8.48,4
252,7.786666666666667,4
253,8.026666666666667,4
254,8.106666666666667,4
255,8.533333333333333,4
256,8.266666666666667,4
257,7.8933333333333335,4
258,8.053333333333333,4
259,7.573333333333333,4
260,7.36,4
261,8.026666666666667,4
262,7.973333333333334,4
263,7.466666666666667,4
264,8.0,4
265,6.88,4
266,7.2,4
267,7.306666666666667,4
268,8.08,4
269,7.733333333333333,4
270,8.72,4
271,8.4,4
272,7.706666666666667,4
273,8.133333333333333,4
274,7.84,4
275,7.306666666666667,4
276,7.44,4
277,7.946666666666666,4
278,7.786666666666667,4
279,7.466666666666667,4
280,8.133333333333333,4
281,7.68,4
282,7.786666666666667,4
283,7.6,4
284,8.24,4
285,8.32,4
286,7.413333333333333,4
287,7.253333333333333,4
288,7.386666666666667,4
289,8.16,4
290,8.72,4
291,7.44,4
292,7.28,4
293,7.253333333333333,4
294,7.946666666666666,4
295,7.76,4
296,7.76,4
297,8.293333333333333,4
298,7.173333333333333,4
299,8.133333333333333,4
300,7.653333333333333,4
301,7.28,4
302,7.68,4
303,7.786666666666667,4
304,8.026666666666667,4
305,7.68,4
306,8.0,4
307,7.8933333333333335,4
308,8.346666666666666,4
309,7.546666666666667,4
310,7.8133333333333335,4
311,7.626666666666667,4
312,7.44,4
313,8.16,4
314,7.8133333333333335,4
315,7.52,4
316,7.413333333333333,4
317,7.973333333333334,4
318,8.026666666666667,4
319,7.466666666666667,4
320,7.253333333333333,4
321,7.36,4
322,7.413333333333333,4
323,7.8133333333333335,4
324,7.8133333333333335,4
325,7.626666666666667,4
326,7.2,4
327,6.666666666666667,4
328,7.8133333333333335,4
329,7.413333333333333,4
330,6.986666666666666,4
331,7.173333333333333,4
332,7.413333333333333,4
333,7.36,4
334,7.866666666666666,4
335,7.973333333333334,4
336,7.706666666666667,4
337,7.706666666666667,4
338,7.306666666666667,4
339,7.76,4
340,7.866666666666666,4
341,6.666666666666667,4
342,6.666666666666667,4
343,7.066666666666666,4
344,7.306666666666667,4
345,7.093333333333334,4
346,7.546666666666667,4
347,7.973333333333334,4
348,8.453333333333333,4
349,8.186666666666667,4
350,7.226666666666667,4
351,6.56,4
352,7.04,4
353,7.013333333333334,4
354,7.386666666666667,4
355,7.84,4
356,8.08,4
357,8.0,4
358,7.1466666666666665,4
359,7.706666666666667,4
360,7.84,4
361,7.626666666666667,4
362,7.68,4
363,7.946666666666666,4
364,7.653333333333333,4
365,7.173333333333333,4
366,7.8133333333333335,4
367,7.706666666666667,4
368,7.173333333333333,4
369,7.386666666666667,4
370,7.76,4
371,7.973333333333334,4
372,8.266666666666667,4
373,8.533333333333333,4
374,8.533333333333333,4
375,7.6,4
376,8.053333333333333,4
377,7.653333333333333,4
378,8.053333333333333,4
379,7.013333333333334,4
380,6.64,4
381,6.586666666666667,4
382,7.493333333333333,4
383,8.106666666666667,4
384,8.0,4
385,7.413333333333333,4
386,7.786666666666667,4
387,7.066666666666666,4
388,7.76,4
389,7.76,4
390,7.44,4
391,6.826666666666667,4
392,7.36,4
393,7.04,4
394,6.613333333333333,4
395,7.066666666666666,4
396,7.04,4
397,7.573333333333333,4
398,6.8,4
399,7.653333333333333,4
400,7.28,4
401,8.24,4
402,7.2,4
403,7.306666666666667,4
404,7.306666666666667,4
405,7.333333333333333,4
406,6.906666666666666,4
407,7.306666666666667,4
408,7.8133333333333335,4
409,7.786666666666667,4
410,8.213333333333333,4
411,8.293333333333333,4
412,8.933333333333334,4
413,8.32,4
414,8.0,4
415,8.0,4
416,8.106666666666667,4
417,7.973333333333334,4
418,7.973333333333334,4
419,7.52,4
420,7.253333333333333,4
421,7.6,4
422,7.68,4
423,7.76,4
424,7.44,4
425,8.56,4
426,8.453333333333333,4
427,8.186666666666667,4
428,8.986666666666666,4
429,8.426666666666666,4
430,8.106666666666667,4
431,8.053333333333333,4
432,8.453333333333333,4
433,7.733333333333333,4
434,6.693333333333333,4
435,6.906666666666666,4
436,7.52,4
437,8.773333333333333,4
438,7.866666666666666,4
439,8.48,4
440,8.0,4
441,8.986666666666666,4
442,8.32,4
443,8.266666666666667,4
444,8.0,4
445,7.093333333333334,4
446,8.026666666666667,4
447,7.733333333333333,4
448,7.573333333333333,4
449,8.56,4
450,7.786666666666667,4
451,8.56,4
452,8.96,4
453,8.586666666666666,4
454,7.973333333333334,4
455,6.826666666666667,4
456,7.066666666666666,4
457,7.2,4
458,7.626666666666667,4
459,6.906666666666666,4
460,7.066666666666666,4
461,7.04,4
462,7.44,4
463,7.866666666666666,4
464,7.6,4
465,7.84,4
466,7.84,4
467,7.066666666666666,4
468,7.973333333333334,4
469,7.973333333333334,4
470,6.96,4
471,7.333333333333333,4
472,7.466666666666667,4
473,8.426666666666666,4
474,8.666666666666666,4
475,8.106666666666667,4
476,8.56,4
477,7.626666666666667,4
478,7.573333333333333,4
479,8.16,4
480,7.653333333333333,4
481,7.36,4
482,7.52,4
483,7.253333333333333,4
484,7.173333333333333,4
485,8.16,4
486,7.653333333333333,4
487,7.386666666666667,4
488,6.906666666666666,4
489,6.826666666666667,4
490,6.986666666666666,4
491,7.333333333333333,4
492,7.546666666666667,4
493,7.12,4
494,7.253333333333333,4
495,7.733333333333333,4
496,7.36,4
497,7.706666666666667,4
498,7.8933333333333335,4
499,8.986666666666666,4
500,8.026666666666667,4
501,7.92,4
502,8.133333333333333,4
503,6.693333333333333,4
504,7.28,4
505,7.8133333333333335,4
506,7.733333333333333,4
507,7.12,4
508,7.013333333333334,4
509,7.1466666666666665,4
510,6.826666666666667,4
511,8.053333333333333,4
512,8.133333333333333,4
513,7.44,4
514,8.853333333333333,4
515,8.613333333333333,4
516,7.44,4
517,7.706666666666667,4
518,7.28,4
519,8.053333333333333,4
520,7.52,4
521,8.506666666666666,4
522,8.346666666666666,4
523,7.76,4
524,7.6,4
525,7.653333333333333,4
526,7.493333333333333,4
527,7.8933333333333335,4
528,7.626666666666667,4
529,8.773333333333333,4
530,8.693333333333333,4
531,7.84,4
532,7.093333333333334,4
533,7.866666666666666,4
534,7.76,4
535,7.2,4
536,7.866666666666666,4
537,7.76,4
538,8.32,4
539,8.4,4
540,7.786666666666667,4
541,7.12,4
542,7.306666666666667,4
543,7.52,4
544,7.173333333333333,4
545,7.546666666666667,4
546,7.093333333333334,4
547,6.64,4
548,7.36,4
549,7.68,4
550,7.333333333333333,4
551,7.573333333333333,4
552,7.333333333333333,4
553,7.706666666666667,4
554,7.786666666666667,4
555,8.693333333333333,4
556,8.213333333333333,4
557,7.76,4
558,7.946666666666666,4
559,7.173333333333333,4
560,7.306666666666667,4
561,7.84,4
562,8.026666666666667,4
563,8.533333333333333,4
564,7.653333333333333,4
565,8.88,4
566,8.106666666666667,4
567,8.16,4
568,8.56,4
569,7.92,4
570,8.106666666666667,4
571,8.346666666666666,4
572,7.8933333333333335,4
573,7.28,4
574,7.44,4
575,7.413333333333333,4
576,7.626666666666667,4
577,7.066666666666666,4
578,8.16,4
579,7.973333333333334,4
580,8.053333333333333,4
581,7.493333333333333,4
582,7.173333333333333,4
583,7.466666666666667,4
584,7.493333333333333,4
585,7.173333333333333,4
586,6.506666666666667,4
587,7.2,4
588,7.28,4
589,7.546666666666667,4
590,7.92,4
591,7.706666666666667,4
592,7.866666666666666,4
593,7.52,4
594,6.933333333333334,4
595,7.253333333333333,4
596,7.68,4
597,7.52,4
598,7.493333333333333,4
599,6.8,4
600,7.253333333333333,4
601,7.653333333333333,4
602,7.44,4
603,7.76,4
604,7.946666666666666,4
605,8.48,4
606,7.626666666666667,4
607,7.6,4
608,7.306666666666667,4
609,6.88,4
610,7.653333333333333,4
611,7.973333333333334,4
612,7.866666666666666,4
613,7.653333333333333,4
614,7.36,4
615,7.546666666666667,4
616,7.28,4
617,7.546666666666667,4
618,7.92,4
619,7.36,4
620,6.346666666666667,4
621,8.213333333333333,4
622,7.733333333333333,4
623,7.093333333333334,4
624,7.013333333333334,4
625,7.44,4
626,8.053333333333333,4
627,8.586666666666666,4
628,7.546666666666667,4
629,7.8933333333333335,4
630,7.973333333333334,4
631,7.733333333333333,4
632,8.0,4
633,8.613333333333333,4
634,8.8,4
635,8.586666666666666,4
636,8.266666666666667,4
637,8.186666666666667,4
638,8.533333333333333,4
639,7.76,4
640,6.8,4
641,6.933333333333334,4
642,6.666666666666667,4
643,7.786666666666667,4
644,7.52,4
645,8.026666666666667,4
646,7.84,4
647,7.36,4
648,7.36,4
649,7.706666666666667,4
650,8.373333333333333,4
651,8.293333333333333,4
652,8.293333333333333,4
653,6.96,4
654,7.706666666666667,4
655,8.453333333333333,4
656,7.493333333333333,4
657,6.933333333333334,4
658,7.333333333333333,4
659,7.36,4
660,8.533333333333333,4
661,8.32,4
662,8.746666666666666,4
663,7.866666666666666,4
664,8.08,4
665,8.56,4
666,7.653333333333333,4
667,7.44,4
668,7.6,4
669,7.44,4
670,7.653333333333333,4
671,8.586666666666666,4
672,8.346666666666666,4
673,8.133333333333333,4
674,7.653333333333333,4
675,7.52,4
676,6.906666666666666,4
677,7.1466666666666665,4
678,7.546666666666667,4
679,6.96,4
680,7.653333333333333,4
681,7.76,4
682,7.653333333333333,4
683,8.16,4
684,8.133333333333333,4
685,7.973333333333334,4
686,7.44,4
687,8.426666666666666,4
688,7.8133333333333335,4
689,6.746666666666667,4
690,7.36,4
691,7.28,4
692,8.16,4
693,7.28,4
694,8.693333333333333,4
695,7.786666666666667,4
696,7.04,4
697,8.08,4
698,7.386666666666667,4
699,7.946666666666666,4
700,8.08,4
701,7.866666666666666,4
702,7.386666666666667,4
703,8.026666666666667,4
704,8.506666666666666,4
705,7.493333333333333,4
706,8.293333333333333,4
707,8.48,4
708,7.493333333333333,4
709,8.24,4
710,8.8,4
711,8.213333333333333,4
712,7.786666666666667,4
713,7.546666666666667,4
714,8.88,4
715,7.786666666666667,4
716,7.413333333333333,4
717,7.946666666666666,4
718,8.506666666666666,4
719,7.8133333333333335,4
720,7.52,4
721,7.44,4
722,6.613333333333333,4
723,7.013333333333334,4
724,7.44,4
725,7.44,4
726,6.72,4
727,7.573333333333333,4
728,8.08,4
729,7.653333333333333,4
730,8.32,4
731,8.64,4
732,7.8133333333333335,4
733,7.546666666666667,4
734,7.386666666666667,4
735,7.226666666666667,4
736,7.466666666666667,4
737,7.36,4
738,7.066666666666666,4
739,6.826666666666667,4
740,7.36,4
741,7.253333333333333,4
742,7.8933333333333335,4
743,7.466666666666667,4
744,7.2,4
745,8.026666666666667,4
746,8.08,4
747,7.8933333333333335,4
748,7.36,4
749,7.8133333333333335,4
750,7.946666666666666,4
751,7.946666666666666,4
752,7.546666666666667,4
753,7.573333333333333,4
754,7.333333333333333,4
755,7.866666666666666,4
756,8.48,4
757,7.706666666666667,4
758,8.08,4
759,7.6,4
760,7.653333333333333,4
761,7.2,4
762,7.386666666666667,4
763,7.28,4
764,7.253333333333333,4
765,7.253333333333333,4
766,7.253333333333333,4
767,7.466666666666667,4
768,7.1466666666666665,4
769,7.226666666666667,4
770,8.32,4
771,7.973333333333334,4
772,8.133333333333333,4
773,8.026666666666667,4
774,8.72,4
775,8.853333333333333,4
776,8.506666666666666,4
777,8.773333333333333,4
778,8.88,4
779,8.213333333333333,4
780,8.106666666666667,4
781,7.733333333333333,4
782,7.6,4
783,7.52,4
784,8.16,4
785,8.8,4
786,8.506666666666666,4
787,7.973333333333334,4
788,7.386666666666667,4
789,6.933333333333334,4
790,7.386666666666667,4
791,7.92,4
792,7.706666666666667,4
793,6.8,4
794,7.093333333333334,4
795,6.906666666666666,4
796,7.6,4
797,7.093333333333334,4
798,7.2,4
799,7.626666666666667,4
800,7.733333333333333,4
801,7.973333333333334,4
802,8.186666666666667,4
803,7.786666666666667,4
804,7.6,4
805,8.506666666666666,4
806,9.253333333333334,4
807,8.773333333333333,4
808,8.64,4
809,8.613333333333333,4
810,8.186666666666667,4
811,8.08,4
812,7.84,4
813,8.026666666666667,4
814,8.0,4
815,7.413333333333333,4
816,7.306666666666667,4
817,6.906666666666666,4
818,7.2,4
819,7.546666666666667,4
820,7.466666666666667,4
821,6.346666666666667,4
822,8.026666666666667,4
823,7.2,4
824,7.84,4
825,7.76,4
826,8.613333333333333,4
827,9.546666666666667,4
828,8.826666666666666,4
829,7.8133333333333335,4
830,7.52,4
831,7.36,4
832,7.28,4
833,7.44,4
834,7.093333333333334,4
835,7.306666666666667,4
836,7.973333333333334,4
837,8.48,4
838,8.426666666666666,4
839,8.32,4
840,7.36,4
841,7.093333333333334,4
842,6.613333333333333,4
843,7.04,4
844,7.8933333333333335,4
845,7.92,4
846,8.32,4
847,8.106666666666667,4
848,7.626666666666667,4
849,6.8,4
850,6.533333333333333,4
851,7.68,4
852,7.013333333333334,4
853,7.493333333333333,4
854,8.106666666666667,4
855,8.08,4
856,8.293333333333333,4
857,9.04,4
858,8.746666666666666,4
859,7.706666666666667,4
860,7.466666666666667,4
861,7.306666666666667,4
862,6.826666666666667,4
863,7.733333333333333,4
864,8.506666666666666,4
865,8.88,4
866,8.026666666666667,4
867,8.666666666666666,4
868,8.0,4
869,7.626666666666667,4
870,7.52,4
871,7.573333333333333,4
872,6.986666666666666,4
873,7.573333333333333,4
874,8.16,4
875,7.92,4
876,7.093333333333334,4
877,6.72,4
878,6.826666666666667,4
879,6.906666666666666,4
880,7.706666666666667,4
881,6.906666666666666,4
882,7.226666666666667,4
883,7.493333333333333,4
884,7.84,4
885,8.0,4
886,7.466666666666667,4
887,7.626666666666667,4
888,8.053333333333333,4
889,8.693333333333333,4
890,8.373333333333333,4
891,7.866666666666666,4
892,7.626666666666667,4
893,7.52,4
894,7.8133333333333335,4
895,7.306666666666667,4
896,7.626666666666667,4
897,6.906666666666666,4
898,8.213333333333333,4
899,7.84,4
900,7.626666666666667,4
901,7.413333333333333,4
902,7.28,4
903,8.0,4
904,7.466666666666667,4
905,8.586666666666666,4
906,7.493333333333333,4
907,7.653333333333333,4
908,7.946666666666666,4
909,7.546666666666667,4
910,8.666666666666666,4
911,7.52,4
912,7.733333333333333,4
913,7.68,4
914,7.386666666666667,4
915,8.453333333333333,4
916,8.693333333333333,4
917,8.72,4
918,7.333333333333333,4
919,8.613333333333333,4
920,9.146666666666667,4
921,8.16,4
922,8.773333333333333,4
923,9.6,4
924,8.266666666666667,4
925,8.0,4
926,8.48,4
927,8.506666666666666,4
928,7.866666666666666,4
929,7.52,4
930,8.053333333333333,4
931,8.186666666666667,4
932,7.733333333333333,4
933,7.466666666666667,4
934,6.8533333333333335,4
935,7.066666666666666,4
936,7.573333333333333,4
937,7.653333333333333,4
938,7.173333333333333,4
939,6.773333333333333,4
940,6.8533333333333335,4
941,6.586666666666667,4
942,7.12,4
943,7.173333333333333,4
944,6.986666666666666,4
945,7.173333333333333,4
946,7.333333333333333,4
947,7.12,4
948,6.96,4
949,8.906666666666666,4
950,8.506666666666666,4
951,8.32,4
952,7.52,4
953,6.906666666666666,4
954,6.906666666666666,4
955,7.12,4
956,7.573333333333333,4
957,7.626666666666667,4
958,8.106666666666667,4
959,7.253333333333333,4
960,7.573333333333333,4
961,7.733333333333333,4
962,8.16,4
963,8.613333333333333,4
964,7.413333333333333,4
965,6.666666666666667,4
966,8.133333333333333,4
967,7.84,4
968,8.746666666666666,4
969,8.933333333333334,4
970,7.68,4
971,7.1466666666666665,4
972,7.44,4
973,7.333333333333333,4
974,7.493333333333333,4
975,8.426666666666666,4
976,8.906666666666666,4
977,8.266666666666667,4
978,7.546666666666667,4
979,7.28,4
980,7.413333333333333,4
981,8.346666666666666,4
982,7.626666666666667,4
983,7.866666666666666,4
984,6.8533333333333335,4
985,7.253333333333333,4
986,6.613333333333333,4
987,6.986666666666666,4
988,7.68,4
989,6.266666666666667,4
990,7.1466666666666665,4
991,6.693333333333333,4
992,7.333333333333333,4
993,7.52,4
994,7.093333333333334,4
995,7.573333333333333,4
996,7.653333333333333,4
997,7.68,4
998,7.04,4
999,6.8533333333333335,4
1000,6.96,4
1001,7.946666666666666,4
1002,8.106666666666667,4
1003,8.346666666666666,4
1004,7.306666666666667,4
1005,8.533333333333333,4
1006,7.786666666666667,4
1007,8.826666666666666,4
1008,8.773333333333333,4
1009,8.56,4
1010,8.293333333333333,4
1011,7.973333333333334,4
1012,7.386666666666667,4
1013,7.253333333333333,4
1014,7.333333333333333,4
1015,7.84,4
1016,7.12,4
1017,7.92,4
1018,7.653333333333333,4
1019,6.986666666666666,4
1020,7.92,4
1021,8.4,4
1022,7.973333333333334,4
1023,8.933333333333334,4
1024,7.6,4
1025,7.706666666666667,4
1026,7.306666666666667,4
1027,6.88,4
1028,6.8533333333333335,4
1029,7.173333333333333,4
1030,7.36,4
1031,7.866666666666666,4
1032,8.32,4
1033,7.226666666666667,4
1034,8.026666666666667,4
1035,8.4,4
1036,9.066666666666666,4
1037,7.706666666666667,4
1038,7.866666666666666,4
1039,8.426666666666666,4
1040,8.8,4
1041,8.266666666666667,4
1042,8.4,4
1043,7.6,4
1044,8.0,4
1045,8.613333333333333,4
1046,7.76,4
1047,7.653333333333333,4
1048,7.493333333333333,4
1049,7.573333333333333,4
1050,7.546666666666667,4
1051,7.493333333333333,4
1052,8.373333333333333,4
1053,7.946666666666666,4
1054,8.08,4
1055,7.626666666666667,4
1056,9.173333333333334,4
1057,7.28,4
1058,7.866666666666666,4
1059,8.16,4
1060,8.186666666666667,4
1061,7.8933333333333335,4
1062,7.226666666666667,4
1063,7.76,4
1064,8.8,4
1065,8.213333333333333,4
1066,8.0,4
1067,7.573333333333333,4
1068,7.626666666666667,4
1069,7.92,4
1070,8.8,4
1071,7.546666666666667,4
1072,6.826666666666667,4
1073,7.173333333333333,4
1074,7.493333333333333,4
1075,7.706666666666667,4
1076,8.533333333333333,4
1077,7.546666666666667,4
1078,7.36,4
1079,7.733333333333333,4
1080,7.413333333333333,4
1081,8.186666666666667,4
1082,8.106666666666667,4
1083,7.1466666666666665,4
1084,7.12,4
1085,7.2,4
1086,7.333333333333333,4
1087,7.866666666666666,4
1088,7.226666666666667,4
1089,7.36,4
1090,7.786666666666667,4
1091,7.8133333333333335,4
1092,7.093333333333334,4
1093,6.88,4
1094,8.106666666666667,4
1095,8.186666666666667,4
1096,8.213333333333333,4
1097,8.373333333333333,4
1098,7.706666666666667,4
1099,8.133333333333333,4
1100,7.36,4
1101,7.013333333333334,4
1102,7.973333333333334,4
1103,7.12,4
1104,7.306666666666667,4
1105,7.386666666666667,4
1106,7.493333333333333,4
1107,9.146666666666667,4
1108,8.826666666666666,4
1109,9.013333333333334,4
1110,8.186666666666667,4
1111,7.226666666666667,4
1112,7.973333333333334,4
1113,8.773333333333333,4
1114,8.586666666666666,4
1115,7.44,4
1116,7.306666666666667,4
1117,6.96,4
1118,8.293333333333333,4
1119,7.973333333333334,4
1120,7.8133333333333335,4
1121,8.16,4
1122,7.333333333333333,4
1123,7.44,4
1124,7.493333333333333,4
1125,7.786666666666667,4
1126,7.333333333333333,4
1127,6.826666666666667,4
1128,6.693333333333333,4
1129,7.92,4
1130,7.92,4
1131,7.306666666666667,4
1132,7.733333333333333,4
1133,7.973333333333334,4
1134,7.706666666666667,4
1135,7.8933333333333335,4
1136,8.8,4
1137,8.24,4
1138,8.666666666666666,4
1139,8.826666666666666,4
1140,8.826666666666666,4
1141,8.56,4
1142,7.68,4
1143,7.786666666666667,4
1144,8.96,4
1145,8.08,4
1146,8.88,4
1147,7.946666666666666,4
1148,7.493333333333333,4
1149,7.92,4
1150,8.373333333333333,4
1151,8.053333333333333,4
1152,8.56,4
1153,8.426666666666666,4
1154,7.92,4
1155,7.92,4
1156,7.013333333333334,4
1157,7.253333333333333,4
1158,7.466666666666667,4
1159,8.4,4
1160,8.346666666666666,4
1161,8.88,4
1162,8.293333333333333,4
1163,8.0,4
1164,7.493333333333333,4
1165,7.84,4
1166,7.8933333333333335,4
1167,7.333333333333333,4
1168,8.08,4
1169,7.6,4
1170,8.16,4
1171,7.386666666666667,4
1172,7.8933333333333335,4
1173,7.413333333333333,4
1174,7.8933333333333335,4
1175,6.826666666666667,4
1176,7.466666666666667,4
1177,7.253333333333333,4
1178,7.973333333333334,4
1179,7.706666666666667,4
1180,7.36,4
1181,8.56,4
1182,8.453333333333333,4
1183,8.693333333333333,4
1184,8.773333333333333,4
1185,7.653333333333333,4
1186,8.026666666666667,4
1187,8.08,4
1188,7.306666666666667,4
1189,8.293333333333333,4
1190,8.32,4
1191,7.626666666666667,4
1192,7.173333333333333,4
1193,8.213333333333333,4
1194,7.973333333333334,4
1195,8.293333333333333,4
1196,8.613333333333333,4
1197,7.8133333333333335,4
1198,7.413333333333333,4
1199,7.093333333333334,4
1200,7.546666666666667,4
1201,7.6,4
1202,7.226666666666667,4
1203,7.173333333333333,4
1204,7.173333333333333,4
1205,7.6,4
1206,7.8933333333333335,4
1207,7.76,4
1208,7.6,4
1209,7.386666666666667,4
1210,7.333333333333333,4
1211,7.866666666666666,4
1212,8.0,4
1213,7.733333333333333,4
1214,7.546666666666667,4
1215,7.546666666666667,4
1216,8.32,4
1217,8.373333333333333,4
1218,8.026666666666667,4
1219,7.92,4
1220,7.653333333333333,4
1221,7.653333333333333,4
1222,8.186666666666667,4
1223,7.013333333333334,4
1224,8.773333333333333,4
1225,8.613333333333333,4
1226,8.106666666666667,4
1227,7.173333333333333,4
1228,7.306666666666667,4
1229,7.333333333333333,4
1230,7.226666666666667,4
1231,7.6,4
1232,7.92,4
1233,7.653333333333333,4
1234,8.133333333333333,4
1235,7.573333333333333,4
1236,7.36,4
1237,7.306666666666667,4
1238,7.626666666666667,4
1239,7.1466666666666665,4
1240,7.973333333333334,4
1241,8.346666666666666,4
1242,8.64,4
1243,7.466666666666667,4
1244,7.626666666666667,4
1245,7.92,4
1246,7.36,4
1247,7.44,4
1248,7.52,4
1249,8.186666666666667,4
1250,7.84,4
1251,7.493333333333333,4
1252,8.186666666666667,4
1253,8.64,4
1254,8.613333333333333,4
1255,7.946666666666666,4
1256,7.786666666666667,4
1257,8.453333333333333,4
1258,7.173333333333333,4
1259,7.8133333333333335,4
1260,7.706666666666667,4
1261,7.946666666666666,4
1262,8.346666666666666,4
1263,8.506666666666666,4
1264,8.053333333333333,4
1265,8.186666666666667,4
1266,8.133333333333333,4
1267,7.36,4
1268,6.906666666666666,4
1269,6.72,4
1270,6.693333333333333,4
1271,6.8,4
1272,8.16,4
1273,7.8133333333333335,4
1274,7.1466666666666665,4
1275,7.546666666666667,4
1276,7.653333333333333,4
1277,7.76,4
1278,8.16,4
1279,8.026666666666667,4
1280,8.826666666666666,4
1281,8.826666666666666,4
1282,7.493333333333333,4
1283,7.866666666666666,4
1284,8.346666666666666,4
1285,7.8933333333333335,4
1286,8.8,4
1287,8.56,4
1288,8.24,4
1289,8.32,4
1290,7.946666666666666,4
1291,8.96,4
1292,8.586666666666666,4
1293,7.546666666666667,4
1294,8.08,4
1295,7.706666666666667,4
1296,7.946666666666666,4
1297,7.226666666666667,4
1298,7.04,4
1299,7.706666666666667,4
1300,7.706666666666667,4
1301,7.973333333333334,4
1302,8.106666666666667,4
1303,7.866666666666666,4
1304,7.386666666666667,4
1305,7.333333333333333,4
1306,7.8133333333333335,4
1307,7.386666666666667,4
1308,7.333333333333333,4
1309,8.186666666666667,4
1310,7.573333333333333,4
1311,8.0,4
1312,7.6,4
1313,6.64,4
1314,6.773333333333333,4
1315,7.8933333333333335,4
1316,7.8933333333333335,4
1317,7.52,4
1318,6.986666666666666,4
1319,7.92,4
1320,6.96,4
1321,7.973333333333334,4
1322,7.36,4
1323,7.466666666666667,4
1324,7.706666666666667,4
1325,7.333333333333333,4
1326,7.413333333333333,4
1327,7.36,4
1328,6.8,4
1329,6.133333333333334,4
1330,7.04,4
1331,7.44,4
1332,7.946666666666666,4
1333,8.32,4
1334,8.4,4
1335,7.973333333333334,4
1336,7.333333333333333,4
1337,6.72,4
1338,7.866666666666666,4
1339,7.786666666666667,4
1340,7.573333333333333,4
1341,7.706666666666667,4
1342,8.053333333333333,4
1343,7.546666666666667,4
1344,6.8533333333333335,4
1345,7.1466666666666665,4
1346,7.333333333333333,4
1347,7.2,4
1348,7.52,4
1349,7.84,4
1350,8.213333333333333,4
1351,7.706666666666667,4
1352,8.16,4
1353,8.133333333333333,4
1354,7.626666666666667,4
1355,7.306666666666667,4
1356,7.066666666666666,4
1357,6.96,4
1358,7.466666666666667,4
1359,7.68,4
1360,7.413333333333333,4
1361,8.346666666666666,4
1362,8.16,4
1363,7.1466666666666665,4
1364,7.8933333333333335,4
1365,7.573333333333333,4
1366,7.44,4
1367,8.346666666666666,4
1368,9.146666666666667,4
1369,8.666666666666666,4
1370,8.213333333333333,4
1371,7.413333333333333,4
1372,7.92,4
1373,7.706666666666667,4
1374,8.026666666666667,4
1375,8.32,4
1376,7.946666666666666,4
1377,8.08,4
1378,7.333333333333333,4
1379,7.8133333333333335,4
1380,7.653333333333333,4
1381,6.693333333333333,4
1382,7.44,4
1383,8.106666666666667,4
1384,7.733333333333333,4
1385,7.36,4
1386,7.493333333333333,4
1387,6.773333333333333,4
1388,7.1466666666666665,4
1389,7.52,4
1390,6.773333333333333,4
1391,6.96,4
1392,7.8133333333333335,4
1393,6.986666666666666,4
1394,6.986666666666666,4
1395,6.906666666666666,4
1396,7.546666666666667,4
1397,7.573333333333333,4
1398,7.306666666666667,4
1399,8.0,4
1400,7.413333333333333,4
1401,7.786666666666667,4
1402,7.653333333333333,4
1403,7.12,4
1404,7.68,4
1405,6.8533333333333335,4
1406,7.333333333333333,4
1407,7.093333333333334,4
1408,7.306666666666667,4
1409,7.626666666666667,4
1410,8.373333333333333,4
1411,7.52,4
1412,7.28,4
1413,7.973333333333334,4
1414,7.12,4
1415,6.693333333333333,4
1416,7.306666666666667,4
1417,6.986666666666666,4
1418,7.68,4
1419,8.64,4
1420,8.613333333333333,4
1421,8.186666666666667,4
1422,7.706666666666667,4
1423,7.1466666666666665,4
1424,6.933333333333334,4
1425,7.013333333333334,4
1426,7.386666666666667,4
1427,8.24,4
1428,7.786666666666667,4
1429,8.826666666666666,4
1430,8.8,4
1431,7.76,4
1432,8.453333333333333,4
1433,8.133333333333333,4
1434,8.133333333333333,4
1435,7.306666666666667,4
1436,7.333333333333333,4
1437,6.693333333333333,4
1438,7.413333333333333,4
1439,8.026666666666667,4
1440,7.093333333333334,4
1441,7.76,4
1442,8.053333333333333,4
1443,6.72,4
1444,7.6,4
1445,6.906666666666666,4
1446,7.866666666666666,4
1447,8.933333333333334,4
1448,8.4,4
1449,7.946666666666666,4
1450,7.466666666666667,4
1451,7.8933333333333335,4
1452,7.6,4
1453,7.866666666666666,4
1454,6.986666666666666,4
1455,7.386666666666667,4
1456,8.693333333333333,4
1457,7.226666666666667,4
1458,7.866666666666666,4
1459,7.733333333333333,4
1460,7.6,4
1461,8.16,4
1462,8.426666666666666,4
1463,7.653333333333333,4
1464,7.386666666666667,4
1465,7.84,4
1466,7.973333333333334,4
1467,8.106666666666667,4
1468,7.226666666666667,4
1469,7.626666666666667,4
1470,8.213333333333333,4
1471,7.973333333333334,4
1472,6.933333333333334,4
1473,7.173333333333333,4
1474,6.293333333333333,4
1475,7.173333333333333,4
1476,7.626666666666667,4
1477,7.333333333333333,4
1478,7.226666666666667,4
1479,8.453333333333333,4
1480,7.386666666666667,4
1481,7.706666666666667,4
1482,8.506666666666666,4
1483,8.48,4
1484,9.013333333333334,4
1485,8.453333333333333,4
1486,7.546666666666667,4
1487,7.866666666666666,4
1488,7.8133333333333335,4
1489,8.64,4
1490,8.8,4
1491,7.6,4
1492,7.946666666666666,4
1493,7.6,4
1494,7.786666666666667,4
1495,8.506666666666666,4
1496,7.706666666666667,4
1497,7.466666666666667,4
1498,6.906666666666666,4
1499,6.586666666666667,4
1500,7.226666666666667,4
1501,7.92,4
1502,7.68,4
1503,7.68,4
1504,8.24,4
1505,8.186666666666667,4
1506,8.213333333333333,4
1507,7.173333333333333,4
1508,7.573333333333333,4
1509,7.653333333333333,4
1510,6.64,4
1511,7.973333333333334,4
1512,8.053333333333333,4
1513,7.466666666666667,4
1514,6.346666666666667,4
1515,7.386666666666667,4
1516,7.786666666666667,4
1517,7.12,4
1518,7.306666666666667,4
1519,7.84,4
1520,7.573333333333333,4
1521,7.12,4
1522,7.8933333333333335,4
1523,7.733333333333333,4
1524,7.946666666666666,4
1525,7.466666666666667,4
1526,6.8533333333333335,4
1527,7.173333333333333,4
1528,7.6,4
1529,7.946666666666666,4
1530,8.32,4
1531,7.36,4
1532,8.373333333333333,4
1533,7.6,4
1534,7.6,4
1535,7.84,4
1536,8.933333333333334,4
1537,9.12,4
1538,7.8933333333333335,4
1539,9.173333333333334,4
1540,8.853333333333333,4
1541,7.84,4
1542,7.626666666666667,4
1543,7.093333333333334,4
1544,7.733333333333333,4
1545,8.586666666666666,4
1546,8.88,4
1547,8.426666666666666,4
1548,7.44,4
1549,7.546666666666667,4
1550,7.386666666666667,4
1551,7.28,4
1552,7.68,4
1553,7.653333333333333,4
1554,7.706666666666667,4
1555,7.333333333333333,4
1556,7.386666666666667,4
1557,7.76,4
1558,8.0,4
1559,8.64,4
1560,8.266666666666667,4
1561,7.413333333333333,4
1562,6.826666666666667,4
1563,7.44,4
1564,7.76,4
1565,7.653333333333333,4
1566,8.0,4
1567,8.88,4
1568,7.2,4
1569,7.68,4
1570,7.386666666666667,4
1571,7.493333333333333,4
1572,8.826666666666666,4
1573,8.693333333333333,4
1574,8.266666666666667,4
1575,7.413333333333333,4
1576,7.866666666666666,4
1577,7.12,4
1578,7.093333333333334,4
1579,7.44,4
1580,8.266666666666667,4
1581,8.026666666666667,4
1582,7.466666666666667,4
1583,8.053333333333333,4
1584,8.293333333333333,4
1585,8.346666666666666,4
1586,7.76,4
1587,8.426666666666666,4
1588,8.373333333333333,4
1589,8.32,4
1590,8.586666666666666,4
1591,7.68,4
1592,7.84,4
1593,7.8933333333333335,4
1594,7.066666666666666,4
1595,7.066666666666666,4
1596,7.386666666666667,4
1597,7.493333333333333,4
1598,7.333333333333333,4
1599,7.52,4
1600,7.546666666666667,4
1601,7.493333333333333,4
1602,7.68,4
1603,7.573333333333333,4
1604,7.093333333333334,4
1605,7.68,4
1606,7.626666666666667,4
1607,8.346666666666666,4
1608,7.493333333333333,4
1609,7.866666666666666,4
1610,7.466666666666667,4
1611,7.92,4
1612,7.04,4
1613,8.16,4
1614,8.666666666666666,4
1615,7.626666666666667,4
1616,7.493333333333333,4
1617,8.213333333333333,4
1618,8.213333333333333,4
1619,8.853333333333333,4
1620,8.186666666666667,4
1621,8.0,4
1622,7.973333333333334,4
1623,7.76,4
1624,8.133333333333333,4
1625,7.413333333333333,4
1626,7.12,4
1627,7.36,4
1628,7.6,4
1629,7.866666666666666,4
1630,7.44,4
1631,7.92,4
1632,8.266666666666667,4
1633,7.92,4
1634,7.866666666666666,4
1635,8.16,4
1636,6.613333333333333,4
1637,7.573333333333333,4
1638,6.8,4
1639,7.36,4
1640,8.026666666666667,4
1641,8.0,4
1642,8.16,4
1643,8.453333333333333,4
1644,7.413333333333333,4
1645,6.693333333333333,4
1646,8.106666666666667,4
1647,8.506666666666666,4
1648,7.866666666666666,4
1649,8.08,4
1650,8.0,4
1651,8.4,4
1652,8.373333333333333,4
1653,8.133333333333333,4
1654,8.64,4
1655,8.24,4
1656,8.293333333333333,4
1657,7.653333333333333,4
1658,7.706666666666667,4
1659,7.92,4
1660,8.693333333333333,4
1661,8.08,4
1662,7.733333333333333,4
1663,7.306666666666667,4
1664,7.973333333333334,4
1665,7.226666666666667,4
1666,7.653333333333333,4
1667,8.693333333333333,4
1668,8.266666666666667,4
1669,8.4,4
1670,8.773333333333333,4
1671,9.093333333333334,4
1672,7.8933333333333335,4
1673,7.28,4
1674,8.186666666666667,4
1675,8.0,4
1676,7.866666666666666,4
1677,7.546666666666667,4
1678,8.213333333333333,4
1679,8.506666666666666,4
1680,7.6,4
1681,7.84,4
1682,7.626666666666667,4
1683,7.706666666666667,4
1684,7.066666666666666,4
1685,7.013333333333334,4
1686,6.96,4
1687,6.986666666666666,4
1688,7.413333333333333,4
1689,7.44,4
1690,8.48,4
1691,8.293333333333333,4
1692,7.626666666666667,4
1693,8.4,4
1694,7.84,4
1695,7.626666666666667,4
1696,7.386666666666667,4
1697,8.266666666666667,4
1698,8.053333333333333,4
1699,8.933333333333334,4
1700,7.706666666666667,4
1701,8.133333333333333,4
1702,7.733333333333333,4
1703,7.8133333333333335,4
1704,8.026666666666667,4
1705,7.973333333333334,4
1706,6.773333333333333,4
1707,6.96,4
1708,6.533333333333333,4
1709,7.28,4
1710,7.2,4
1711,7.52,4
1712,8.613333333333333,4
1713,8.133333333333333,4
1714,7.6,4
1715,8.106666666666667,4
1716,8.053333333333333,4
1717,8.186666666666667,4
1718,7.413333333333333,4
1719,7.173333333333333,4
1720,7.866666666666666,4
1721,8.453333333333333,4
1722,7.36,4
1723,7.973333333333334,4
1724,7.866666666666666,4
1725,7.36,4
1726,6.453333333333333,4
1727,7.173333333333333,4
1728,8.106666666666667,4
1729,8.133333333333333,4
1730,8.32,4
1731,8.053333333333333,4
1732,8.266666666666667,4
1733,8.933333333333334,4
1734,8.64,4
1735,8.96,4
1736,8.453333333333333,4
1737,8.32,4
1738,8.533333333333333,4
1739,7.866666666666666,4
1740,7.52,4
1741,7.306666666666667,4
1742,7.6,4
1743,8.0,4
1744,8.4,4
1745,8.72,4
1746,7.68,4
1747,6.72,4
1748,7.706666666666667,4
1749,7.36,4
1750,7.973333333333334,4
1751,7.92,4
1752,7.466666666666667,4
1753,7.84,4
1754,8.4,4
1755,7.706666666666667,4
1756,7.2,4
1757,7.093333333333334,4
1758,8.0,4
1759,6.373333333333333,4
1760,6.586666666666667,4
1761,7.733333333333333,4
1762,7.92,4
1763,7.946666666666666,4
1764,8.4,4
1765,8.72,4
1766,8.133333333333333,4
1767,7.306666666666667,4
1768,6.746666666666667,4
1769,7.413333333333333,4
1770,8.32,4
1771,7.546666666666667,4
1772,7.1466666666666665,4
1773,6.933333333333334,4
1774,8.16,4
1775,7.466666666666667,4
1776,7.733333333333333,4
1777,7.466666666666667,4
1778,7.466666666666667,4
1779,7.36,4
1780,7.066666666666666,4
1781,8.346666666666666,4
1782,7.653333333333333,4
1783,7.466666666666667,4
1784,6.8,4
1785,7.68,4
1786,7.333333333333333,4
1787,7.946666666666666,4
1788,7.84,4
1789,8.106666666666667,4
1790,8.16,4
1791,7.653333333333333,4
1792,8.053333333333333,4
1793,7.52,4
1794,7.8133333333333335,4
1795,8.346666666666666,4
1796,9.013333333333334,4
1797,8.72,4
1798,8.826666666666666,4
1799,8.506666666666666,4
1800,7.786666666666667,4
1801,6.986666666666666,4
1802,7.466666666666667,4
1803,7.653333333333333,4
1804,8.186666666666667,4
1805,7.413333333333333,4
1806,8.0,4
1807,7.52,4
1808,7.386666666666667,4
1809,7.333333333333333,4
1810,7.573333333333333,4
1811,7.386666666666667,4
1812,7.013333333333334,4
1813,7.173333333333333,4
1814,7.413333333333333,4
1815,7.1466666666666665,4
1816,6.933333333333334,4
1817,7.28,4
1818,7.68,4
1819,7.653333333333333,4
1820,7.52,4
1821,7.546666666666667,4
1822,8.08,4
1823,8.053333333333333,4
1824,7.386666666666667,4
1825,7.413333333333333,4
1826,7.626666666666667,4
1827,8.4,4
1828,8.08,4
1829,7.306666666666667,4
1830,8.266666666666667,4
1831,8.16,4
1832,7.866666666666666,4
1833,7.28,4
1834,7.946666666666666,4
1835,7.866666666666666,4
1836,7.786666666666667,4
1837,7.6,4
1838,7.413333333333333,4
1839,7.626666666666667,4
1840,8.026666666666667,4
1841,7.76,4
1842,8.0,4
1843,7.466666666666667,4
1844,7.866666666666666,4
1845,7.653333333333333,4
1846,7.68,4
1847,6.933333333333334,4
1848,7.68,4
1849,7.733333333333333,4
1850,8.426666666666666,4
1851,8.32,4
1852,8.16,4
1853,8.293333333333333,4
1854,7.306666666666667,4
1855,7.226666666666667,4
1856,6.826666666666667,4
1857,7.52,4
1858,6.8,4
1859,7.413333333333333,4
1860,7.306666666666667,4
1861,7.6,4
1862,7.413333333333333,4
1863,7.36,4
1864,7.333333333333333,4
1865,7.12,4
1866,7.733333333333333,4
1867,7.1466666666666665,4
1868,7.226666666666667,4
1869,7.493333333333333,4
1870,6.8533333333333335,4
1871,7.52,4
1872,7.2,4
1873,9.386666666666667,4
1874,9.493333333333334,4
1875,9.306666666666667,4
1876,9.68,4
1877,8.08,4
1878,7.6,4
1879,7.76,4
1880,7.2,4
1881,8.24,4
1882,8.613333333333333,4
1883,7.413333333333333,4
1884,7.466666666666667,4
1885,8.426666666666666,4
1886,8.24,4
1887,8.88,4
1888,7.92,4
1889,7.8933333333333335,4
1890,7.786666666666667,4
1891,8.346666666666666,4
1892,7.226666666666667,4
1893,8.026666666666667,4
1894,7.84,4
1895,7.68,4
1896,7.28,4
1897,8.16,4
1898,8.053333333333333,4
1899,8.213333333333333,4
1900,8.613333333333333,4
1901,8.133333333333333,4
1902,8.666666666666666,4
1903,8.533333333333333,4
1904,9.146666666666667,4
1905,8.746666666666666,4
1906,7.973333333333334,4
1907,7.226666666666667,4
1908,8.346666666666666,4
1909,7.36,4
1910,8.213333333333333,4
1911,8.32,4
1912,7.8133333333333335,4
1913,7.12,4
1914,7.493333333333333,4
1915,7.733333333333333,4
1916,8.08,4
1917,7.786666666666667,4
1918,7.546666666666667,4
1919,7.093333333333334,4
1920,7.1466666666666665,4
1921,7.76,4
1922,7.573333333333333,4
1923,7.413333333333333,4
1924,8.266666666666667,4
1925,8.293333333333333,4
1926,7.946666666666666,4
1927,8.213333333333333,4
1928,8.533333333333333,4
1929,8.346666666666666,4
1930,8.693333333333333,4
1931,8.773333333333333,4
1932,8.0,4
1933,7.333333333333333,4
1934,7.84,4
1935,7.226666666666667,4
1936,7.066666666666666,4
1937,8.133333333333333,4
1938,7.8933333333333335,4
1939,7.466666666666667,4
1940,8.426666666666666,4
1941,7.973333333333334,4
1942,7.653333333333333,4
1943,8.32,4
1944,7.44,4
1945,7.653333333333333,4
1946,7.546666666666667,4
1947,7.386666666666667,4
1948,8.186666666666667,4
1949,7.626666666666667,4
1950,7.04,4
1951,8.426666666666666,4
1952,8.24,4
1953,7.733333333333333,4
1954,7.386666666666667,4
1955,6.933333333333334,4
1956,7.626666666666667,4
1957,7.333333333333333,4
1958,7.8933333333333335,4
1959,8.24,4
1960,7.493333333333333,4
1961,7.8133333333333335,4
1962,8.026666666666667,4
1963,8.026666666666667,4
1964,7.093333333333334,4
1965,7.466666666666667,4
1966,8.453333333333333,4
1967,7.76,4
1968,7.706666666666667,4
1969,8.24,4
1970,7.8933333333333335,4
1971,7.413333333333333,4
1972,7.333333333333333,4
1973,7.066666666666666,4
1974,7.946666666666666,4
1975,7.226666666666667,4
1976,7.28,4
1977,7.093333333333334,4
1978,8.853333333333333,4
1979,8.693333333333333,4
1980,7.76,4
1981,7.84,4
1982,8.426666666666666,4
1983,7.866666666666666,4
1984,8.426666666666666,4
1985,8.266666666666667,4
1986,7.733333333333333,4
1987,7.44,4
1988,6.986666666666666,4
1989,7.066666666666666,4
1990,7.2,4
1991,7.066666666666666,4
1992,7.413333333333333,4
1993,6.8,4
1994,8.053333333333333,4
1995,7.626666666666667,4
1996,8.0,4
1997,7.493333333333333,4
1998,7.786666666666667,4
1999,7.626666666666667,4
