Figure: small_5
File Number: 47
Nodes: 36
Edges: 580
Max Generations: 2000
Population Size: 150
Mutation Rate: 0.01
Colors Used: 8
Runtime: 3.28

Generation,Average Fitness,Best Fitness
0,147.62666666666667,84
1,135.65333333333334,72
2,129.25333333333333,72
3,125.2,72
4,122.48,72
5,120.45333333333333,72
6,115.12,64
7,114.10666666666667,64
8,111.06666666666666,64
9,109.01333333333334,60
10,107.49333333333334,60
11,107.25333333333333,60
12,103.09333333333333,60
13,97.01333333333334,60
14,89.46666666666667,52
15,83.70666666666666,48
16,76.42666666666666,48
17,73.04,48
18,69.52,48
19,65.97333333333333,44
20,62.16,32
21,58.56,32
22,55.81333333333333,28
23,52.026666666666664,28
24,49.333333333333336,28
25,46.93333333333333,28
26,44.986666666666665,28
27,42.45333333333333,28
28,40.346666666666664,28
29,39.22666666666667,28
30,36.586666666666666,24
31,34.74666666666667,24
32,33.04,20
33,33.12,20
34,31.68,20
35,30.826666666666668,20
36,29.573333333333334,16
37,29.173333333333332,16
38,28.69333333333333,16
39,28.64,16
40,27.973333333333333,16
41,26.0,16
42,24.426666666666666,16
43,24.0,16
44,23.466666666666665,16
45,23.893333333333334,16
46,22.986666666666668,16
47,23.546666666666667,16
48,23.14666666666667,16
49,22.106666666666666,16
50,21.813333333333333,16
51,22.506666666666668,16
52,22.346666666666668,16
53,21.76,16
54,21.04,16
55,20.88,12
56,18.986666666666668,12
57,19.44,12
58,19.653333333333332,12
59,19.226666666666667,12
60,17.973333333333333,12
61,18.69333333333333,12
62,17.973333333333333,12
63,18.0,12
64,17.786666666666665,12
65,17.76,12
66,16.32,12
67,15.466666666666667,12
68,15.28,12
69,14.8,12
70,14.48,12
71,15.2,12
72,15.653333333333334,12
73,15.28,12
74,15.626666666666667,12
75,16.08,12
76,15.6,12
77,15.466666666666667,12
78,15.946666666666667,12
79,16.186666666666667,12
80,16.826666666666668,12
81,16.586666666666666,12
82,15.653333333333334,12
83,15.76,12
84,14.586666666666666,4
85,14.453333333333333,4
86,14.586666666666666,4
87,13.36,4
88,13.813333333333333,4
89,14.506666666666666,4
90,14.72,4
91,12.773333333333333,4
92,12.506666666666666,4
93,10.853333333333333,4
94,10.56,4
95,9.253333333333334,4
96,8.053333333333333,4
97,7.413333333333333,4
98,7.6,4
99,8.186666666666667,4
100,7.573333333333333,4
101,7.1466666666666665,4
102,7.786666666666667,4
103,8.026666666666667,4
104,7.946666666666666,4
105,8.026666666666667,4
106,7.84,4
107,7.973333333333334,4
108,7.866666666666666,4
109,8.773333333333333,4
110,7.68,4
111,7.946666666666666,4
112,7.6,4
113,8.426666666666666,4
114,8.08,4
115,7.386666666666667,4
116,7.28,4
117,6.72,4
118,7.546666666666667,4
119,7.626666666666667,4
120,7.92,4
121,8.48,4
122,9.253333333333334,4
123,8.133333333333333,4
124,7.2,4
125,8.08,4
126,7.76,4
127,8.186666666666667,4
128,7.36,4
129,7.706666666666667,4
130,7.493333333333333,4
131,7.546666666666667,4
132,7.8133333333333335,4
133,7.706666666666667,4
134,7.573333333333333,4
135,7.28,4
136,8.133333333333333,4
137,7.626666666666667,4
138,7.493333333333333,4
139,7.973333333333334,4
140,7.84,4
141,7.546666666666667,4
142,8.186666666666667,4
143,7.84,4
144,8.373333333333333,4
145,7.92,4
146,7.546666666666667,4
147,7.973333333333334,4
148,7.92,4
149,7.52,4
150,8.026666666666667,4
151,8.186666666666667,4
152,8.08,4
153,6.906666666666666,4
154,7.493333333333333,4
155,8.133333333333333,4
156,6.48,4
157,7.84,4
158,8.613333333333333,4
159,8.186666666666667,4
160,7.466666666666667,4
161,6.8,4
162,7.466666666666667,4
163,7.546666666666667,4
164,7.68,4
165,7.733333333333333,4
166,7.786666666666667,4
167,8.693333333333333,4
168,7.253333333333333,4
169,8.106666666666667,4
170,8.666666666666666,4
171,8.72,4
172,9.173333333333334,4
173,7.6,4
174,8.026666666666667,4
175,8.053333333333333,4
176,8.213333333333333,4
177,8.533333333333333,4
178,8.266666666666667,4
179,8.32,4
180,7.2,4
181,8.293333333333333,4
182,7.386666666666667,4
183,7.84,4
184,7.92,4
185,8.186666666666667,4
186,7.2,4
187,7.626666666666667,4
188,6.986666666666666,4
189,7.066666666666666,4
190,7.306666666666667,4
191,6.533333333333333,4
192,8.026666666666667,4
193,8.4,4
194,8.906666666666666,4
195,8.826666666666666,4
196,8.213333333333333,4
197,7.36,4
198,8.213333333333333,4
199,6.64,4
200,6.906666666666666,4
201,7.36,4
202,7.226666666666667,4
203,8.346666666666666,4
204,7.2,4
205,7.493333333333333,4
206,8.533333333333333,4
207,7.546666666666667,4
208,7.68,4
209,7.253333333333333,4
210,7.013333333333334,4
211,7.013333333333334,4
212,7.36,4
213,7.706666666666667,4
214,8.293333333333333,4
215,8.293333333333333,4
216,7.866666666666666,4
217,7.173333333333333,4
218,7.306666666666667,4
219,7.84,4
220,7.36,4
221,7.386666666666667,4
222,7.44,4
223,8.186666666666667,4
224,7.2,4
225,7.84,4
226,7.44,4
227,7.466666666666667,4
228,7.04,4
229,7.76,4
230,7.12,4
231,8.08,4
232,7.36,4
233,7.493333333333333,4
234,8.586666666666666,4
235,7.066666666666666,4
236,7.466666666666667,4
237,7.093333333333334,4
238,6.96,4
239,7.04,4
240,6.56,4
241,7.84,4
242,7.36,4
243,7.92,4
244,7.413333333333333,4
245,8.0,4
246,7.546666666666667,4
247,7.786666666666667,4
248,7.173333333333333,4
249,6.826666666666667,4
250,7.706666666666667,4
251,7.466666666666667,4
252,7.173333333333333,4
253,7.386666666666667,4
254,7.973333333333334,4
255,7.546666666666667,4
256,9.44,4
257,7.946666666666666,4
258,7.706666666666667,4
259,7.413333333333333,4
260,6.8,4
261,7.946666666666666,4
262,7.786666666666667,4
263,8.346666666666666,4
264,7.6,4
265,6.533333333333333,4
266,7.066666666666666,4
267,7.28,4
268,7.413333333333333,4
269,7.6,4
270,6.56,4
271,7.1466666666666665,4
272,6.8,4
273,7.52,4
274,8.24,4
275,7.333333333333333,4
276,7.12,4
277,6.586666666666667,4
278,6.56,4
279,7.226666666666667,4
280,8.026666666666667,4
281,7.92,4
282,7.28,4
283,7.386666666666667,4
284,7.92,4
285,8.0,4
286,7.8133333333333335,4
287,8.026666666666667,4
288,7.8933333333333335,4
289,8.64,4
290,8.746666666666666,4
291,8.48,4
292,7.653333333333333,4
293,7.8933333333333335,4
294,7.786666666666667,4
295,7.706666666666667,4
296,8.88,4
297,9.013333333333334,4
298,8.346666666666666,4
299,7.6,4
300,7.8933333333333335,4
301,7.733333333333333,4
302,7.226666666666667,4
303,8.0,4
304,6.933333333333334,4
305,7.066666666666666,4
306,7.44,4
307,7.546666666666667,4
308,7.466666666666667,4
309,8.16,4
310,7.226666666666667,4
311,7.8133333333333335,4
312,7.76,4
313,8.213333333333333,4
314,7.44,4
315,7.76,4
316,8.773333333333333,4
317,7.706666666666667,4
318,7.733333333333333,4
319,8.106666666666667,4
320,7.493333333333333,4
321,8.533333333333333,4
322,8.453333333333333,4
323,7.44,4
324,7.68,4
325,7.333333333333333,4
326,8.4,4
327,7.92,4
328,7.626666666666667,4
329,7.8933333333333335,4
330,7.2,4
331,7.173333333333333,4
332,8.56,4
333,8.16,4
334,7.973333333333334,4
335,7.653333333333333,4
336,7.2,4
337,7.28,4
338,6.666666666666667,4
339,7.44,4
340,7.36,4
341,7.306666666666667,4
342,7.8933333333333335,4
343,7.706666666666667,4
344,7.706666666666667,4
345,7.28,4
346,6.586666666666667,4
347,6.72,4
348,6.48,4
349,6.906666666666666,4
350,8.266666666666667,4
351,8.08,4
352,7.8933333333333335,4
353,7.36,4
354,7.413333333333333,4
355,8.56,4
356,7.92,4
357,8.293333333333333,4
358,8.16,4
359,8.0,4
360,8.213333333333333,4
361,7.6,4
362,7.306666666666667,4
363,7.413333333333333,4
364,7.706666666666667,4
365,8.053333333333333,4
366,7.626666666666667,4
367,7.12,4
368,6.586666666666667,4
369,7.68,4
370,6.453333333333333,4
371,6.8,4
372,7.493333333333333,4
373,7.946666666666666,4
374,8.08,4
375,6.933333333333334,4
376,7.386666666666667,4
377,7.626666666666667,4
378,8.4,4
379,8.0,4
380,8.64,4
381,7.76,4
382,7.253333333333333,4
383,7.546666666666667,4
384,7.173333333333333,4
385,6.88,4
386,7.653333333333333,4
387,7.44,4
388,6.72,4
389,7.253333333333333,4
390,7.44,4
391,8.613333333333333,4
392,7.68,4
393,7.84,4
394,8.346666666666666,4
395,7.546666666666667,4
396,8.986666666666666,4
397,8.933333333333334,4
398,7.973333333333334,4
399,8.906666666666666,4
400,8.56,4
401,7.706666666666667,4
402,7.386666666666667,4
403,7.653333333333333,4
404,7.173333333333333,4
405,6.986666666666666,4
406,7.2,4
407,7.36,4
408,7.173333333333333,4
409,7.04,4
410,6.8533333333333335,4
411,7.04,4
412,7.413333333333333,4
413,7.493333333333333,4
414,7.44,4
415,7.44,4
416,7.306666666666667,4
417,7.84,4
418,7.6,4
419,8.026666666666667,4
420,7.733333333333333,4
421,7.493333333333333,4
422,7.76,4
423,8.106666666666667,4
424,7.013333333333334,4
425,7.706666666666667,4
426,7.76,4
427,8.506666666666666,4
428,8.373333333333333,4
429,7.253333333333333,4
430,8.053333333333333,4
431,8.56,4
432,7.84,4
433,7.6,4
434,6.933333333333334,4
435,7.493333333333333,4
436,8.0,4
437,7.173333333333333,4
438,6.88,4
439,6.773333333333333,4
440,6.933333333333334,4
441,7.84,4
442,7.093333333333334,4
443,7.84,4
444,7.973333333333334,4
445,7.36,4
446,7.8933333333333335,4
447,6.32,4
448,6.373333333333333,4
449,6.906666666666666,4
450,6.986666666666666,4
451,7.36,4
452,7.706666666666667,4
453,8.506666666666666,4
454,7.333333333333333,4
455,8.426666666666666,4
456,7.786666666666667,4
457,7.546666666666667,4
458,6.96,4
459,7.973333333333334,4
460,7.066666666666666,4
461,7.413333333333333,4
462,6.933333333333334,4
463,7.8933333333333335,4
464,8.48,4
465,7.2,4
466,7.52,4
467,7.866666666666666,4
468,8.0,4
469,7.466666666666667,4
470,7.68,4
471,7.1466666666666665,4
472,7.413333333333333,4
473,7.6,4
474,8.026666666666667,4
475,8.24,4
476,8.373333333333333,4
477,8.453333333333333,4
478,8.16,4
479,7.36,4
480,7.866666666666666,4
481,8.746666666666666,4
482,8.0,4
483,6.826666666666667,4
484,6.426666666666667,4
485,7.066666666666666,4
486,7.84,4
487,6.8533333333333335,4
488,7.306666666666667,4
489,7.066666666666666,4
490,7.1466666666666665,4
491,7.76,4
492,7.44,4
493,7.8933333333333335,4
494,8.026666666666667,4
495,6.72,4
496,7.2,4
497,8.026666666666667,4
498,8.16,4
499,7.413333333333333,4
500,7.306666666666667,4
501,7.173333333333333,4
502,8.453333333333333,4
503,7.653333333333333,4
504,7.6,4
505,7.573333333333333,4
506,7.226666666666667,4
507,7.1466666666666665,4
508,7.653333333333333,4
509,8.186666666666667,4
510,6.933333333333334,4
511,8.213333333333333,4
512,8.666666666666666,4
513,8.106666666666667,4
514,8.453333333333333,4
515,7.653333333333333,4
516,7.866666666666666,4
517,7.28,4
518,7.84,4
519,7.786666666666667,4
520,7.92,4
521,7.733333333333333,4
522,7.733333333333333,4
523,7.946666666666666,4
524,8.106666666666667,4
525,8.053333333333333,4
526,7.466666666666667,4
527,7.493333333333333,4
528,7.44,4
529,7.306666666666667,4
530,7.333333333333333,4
531,7.573333333333333,4
532,8.026666666666667,4
533,8.266666666666667,4
534,8.746666666666666,4
535,8.373333333333333,4
536,8.693333333333333,4
537,8.08,4
538,8.453333333333333,4
539,8.693333333333333,4
540,8.186666666666667,4
541,8.053333333333333,4
542,8.773333333333333,4
543,9.253333333333334,4
544,8.826666666666666,4
545,8.906666666666666,4
546,7.733333333333333,4
547,8.133333333333333,4
548,8.213333333333333,4
549,8.613333333333333,4
550,7.173333333333333,4
551,6.773333333333333,4
552,6.613333333333333,4
553,7.946666666666666,4
554,7.173333333333333,4
555,7.226666666666667,4
556,8.293333333333333,4
557,8.4,4
558,8.746666666666666,4
559,8.213333333333333,4
560,7.466666666666667,4
561,6.933333333333334,4
562,7.28,4
563,7.76,4
564,7.786666666666667,4
565,7.493333333333333,4
566,7.44,4
567,7.466666666666667,4
568,6.986666666666666,4
569,7.76,4
570,8.266666666666667,4
571,7.706666666666667,4
572,6.8533333333333335,4
573,7.6,4
574,7.226666666666667,4
575,7.6,4
576,7.36,4
577,7.226666666666667,4
578,7.573333333333333,4
579,7.226666666666667,4
580,7.92,4
581,7.6,4
582,6.933333333333334,4
583,7.2,4
584,8.24,4
585,6.986666666666666,4
586,7.413333333333333,4
587,7.706666666666667,4
588,8.186666666666667,4
589,7.973333333333334,4
590,7.84,4
591,7.466666666666667,4
592,7.6,4
593,6.56,4
594,7.12,4
595,7.6,4
596,7.173333333333333,4
597,6.96,4
598,7.386666666666667,4
599,8.213333333333333,4
600,7.626666666666667,4
601,7.973333333333334,4
602,8.426666666666666,4
603,8.586666666666666,4
604,8.666666666666666,4
605,8.133333333333333,4
606,6.986666666666666,4
607,7.8933333333333335,4
608,7.386666666666667,4
609,7.386666666666667,4
610,7.013333333333334,4
611,7.36,4
612,7.066666666666666,4
613,7.946666666666666,4
614,7.92,4
615,7.8133333333333335,4
616,7.333333333333333,4
617,7.44,4
618,7.946666666666666,4
619,7.653333333333333,4
620,8.24,4
621,8.186666666666667,4
622,8.053333333333333,4
623,7.76,4
624,8.48,4
625,7.226666666666667,4
626,7.653333333333333,4
627,8.24,4
628,7.386666666666667,4
629,8.08,4
630,8.213333333333333,4
631,8.64,4
632,8.88,4
633,8.373333333333333,4
634,8.026666666666667,4
635,7.466666666666667,4
636,7.44,4
637,8.053333333333333,4
638,8.266666666666667,4
639,7.333333333333333,4
640,6.746666666666667,4
641,7.333333333333333,4
642,7.36,4
643,8.4,4
644,8.586666666666666,4
645,8.08,4
646,7.973333333333334,4
647,8.293333333333333,4
648,8.0,4
649,7.946666666666666,4
650,7.493333333333333,4
651,7.12,4
652,7.333333333333333,4
653,7.6,4
654,7.173333333333333,4
655,7.52,4
656,7.28,4
657,7.28,4
658,7.546666666666667,4
659,7.706666666666667,4
660,6.746666666666667,4
661,7.44,4
662,7.386666666666667,4
663,7.04,4
664,8.88,4
665,8.64,4
666,8.64,4
667,8.32,4
668,8.32,4
669,7.253333333333333,4
670,7.04,4
671,7.52,4
672,7.92,4
673,6.666666666666667,4
674,8.053333333333333,4
675,7.786666666666667,4
676,8.106666666666667,4
677,7.68,4
678,6.8,4
679,8.186666666666667,4
680,6.96,4
681,7.2,4
682,7.04,4
683,7.12,4
684,6.773333333333333,4
685,7.413333333333333,4
686,7.706666666666667,4
687,7.44,4
688,7.573333333333333,4
689,7.493333333333333,4
690,7.973333333333334,4
691,7.12,4
692,7.493333333333333,4
693,8.16,4
694,7.92,4
695,7.92,4
696,7.546666666666667,4
697,7.44,4
698,7.68,4
699,8.48,4
700,7.36,4
701,7.866666666666666,4
702,7.2,4
703,8.72,4
704,8.853333333333333,4
705,7.866666666666666,4
706,7.8133333333333335,4
707,7.44,4
708,7.8933333333333335,4
709,7.786666666666667,4
710,7.413333333333333,4
711,7.013333333333334,4
712,7.866666666666666,4
713,7.546666666666667,4
714,7.946666666666666,4
715,7.92,4
716,7.36,4
717,7.2,4
718,7.04,4
719,7.28,4
720,8.0,4
721,7.013333333333334,4
722,7.52,4
723,7.093333333333334,4
724,6.933333333333334,4
725,7.306666666666667,4
726,7.92,4
727,7.68,4
728,7.546666666666667,4
729,7.546666666666667,4
730,7.36,4
731,7.36,4
732,9.173333333333334,4
733,7.76,4
734,8.373333333333333,4
735,8.533333333333333,4
736,8.24,4
737,7.386666666666667,4
738,8.026666666666667,4
739,8.4,4
740,8.133333333333333,4
741,8.32,4
742,7.76,4
743,8.08,4
744,7.12,4
745,7.173333333333333,4
746,7.44,4
747,7.28,4
748,6.826666666666667,4
749,7.52,4
750,7.706666666666667,4
751,7.92,4
752,7.706666666666667,4
753,6.906666666666666,4
754,7.413333333333333,4
755,7.306666666666667,4
756,7.04,4
757,7.52,4
758,7.573333333333333,4
759,7.2,4
760,7.68,4
761,7.386666666666667,4
762,7.946666666666666,4
763,7.493333333333333,4
764,7.786666666666667,4
765,7.6,4
766,7.12,4
767,7.253333333333333,4
768,7.546666666666667,4
769,7.973333333333334,4
770,8.293333333333333,4
771,7.946666666666666,4
772,7.466666666666667,4
773,7.92,4
774,9.173333333333334,4
775,8.56,4
776,8.506666666666666,4
777,7.8133333333333335,4
778,7.84,4
779,8.533333333333333,4
780,7.173333333333333,4
781,8.346666666666666,4
782,7.413333333333333,4
783,7.093333333333334,4
784,8.293333333333333,4
785,8.96,4
786,8.64,4
787,8.746666666666666,4
788,8.026666666666667,4
789,7.44,4
790,7.28,4
791,7.626666666666667,4
792,6.64,4
793,7.386666666666667,4
794,7.973333333333334,4
795,8.0,4
796,7.173333333333333,4
797,7.8133333333333335,4
798,7.8133333333333335,4
799,7.626666666666667,4
800,7.973333333333334,4
801,7.786666666666667,4
802,8.08,4
803,7.706666666666667,4
804,7.173333333333333,4
805,8.133333333333333,4
806,7.626666666666667,4
807,7.626666666666667,4
808,7.493333333333333,4
809,7.306666666666667,4
810,7.04,4
811,7.946666666666666,4
812,7.546666666666667,4
813,7.333333333333333,4
814,7.76,4
815,7.973333333333334,4
816,7.066666666666666,4
817,7.36,4
818,7.093333333333334,4
819,7.386666666666667,4
820,7.413333333333333,4
821,7.253333333333333,4
822,7.28,4
823,7.546666666666667,4
824,8.533333333333333,4
825,8.266666666666667,4
826,7.8933333333333335,4
827,7.44,4
828,8.213333333333333,4
829,8.373333333333333,4
830,7.093333333333334,4
831,7.946666666666666,4
832,7.92,4
833,7.706666666666667,4
834,7.68,4
835,8.053333333333333,4
836,8.16,4
837,8.906666666666666,4
838,9.013333333333334,4
839,7.8933333333333335,4
840,7.333333333333333,4
841,7.466666666666667,4
842,7.386666666666667,4
843,6.8533333333333335,4
844,7.253333333333333,4
845,7.493333333333333,4
846,8.266666666666667,4
847,8.613333333333333,4
848,8.08,4
849,7.386666666666667,4
850,7.866666666666666,4
851,8.186666666666667,4
852,7.36,4
853,8.64,4
854,8.88,4
855,7.733333333333333,4
856,7.733333333333333,4
857,7.973333333333334,4
858,7.866666666666666,4
859,8.16,4
860,7.6,4
861,8.0,4
862,7.706666666666667,4
863,7.706666666666667,4
864,7.8933333333333335,4
865,7.386666666666667,4
866,7.76,4
867,7.946666666666666,4
868,7.52,4
869,8.106666666666667,4
870,7.466666666666667,4
871,7.68,4
872,7.493333333333333,4
873,7.413333333333333,4
874,7.466666666666667,4
875,7.173333333333333,4
876,7.6,4
877,7.733333333333333,4
878,8.133333333333333,4
879,7.84,4
880,6.906666666666666,4
881,7.52,4
882,7.36,4
883,9.04,4
884,8.693333333333333,4
885,8.08,4
886,7.466666666666667,4
887,8.613333333333333,4
888,8.72,4
889,8.453333333333333,4
890,8.053333333333333,4
891,7.653333333333333,4
892,8.053333333333333,4
893,7.44,4
894,7.84,4
895,7.52,4
896,7.44,4
897,7.1466666666666665,4
898,7.093333333333334,4
899,6.986666666666666,4
900,7.253333333333333,4
901,7.013333333333334,4
902,7.973333333333334,4
903,7.1466666666666665,4
904,6.613333333333333,4
905,7.36,4
906,7.28,4
907,7.44,4
908,8.506666666666666,4
909,8.453333333333333,4
910,8.453333333333333,4
911,8.053333333333333,4
912,8.16,4
913,7.8133333333333335,4
914,8.533333333333333,4
915,7.28,4
916,6.56,4
917,6.96,4
918,6.693333333333333,4
919,7.28,4
920,7.28,4
921,7.466666666666667,4
922,7.44,4
923,8.453333333333333,4
924,7.226666666666667,4
925,7.306666666666667,4
926,6.8533333333333335,4
927,7.333333333333333,4
928,8.293333333333333,4
929,7.6,4
930,7.68,4
931,6.933333333333334,4
932,8.346666666666666,4
933,7.973333333333334,4
934,7.8133333333333335,4
935,7.706666666666667,4
936,7.626666666666667,4
937,7.706666666666667,4
938,8.08,4
939,8.693333333333333,4
940,8.32,4
941,8.16,4
942,7.8133333333333335,4
943,7.653333333333333,4
944,8.16,4
945,7.6,4
946,7.92,4
947,7.866666666666666,4
948,7.6,4
949,7.786666666666667,4
950,6.773333333333333,4
951,6.64,4
952,7.733333333333333,4
953,8.373333333333333,4
954,7.973333333333334,4
955,7.36,4
956,7.92,4
957,7.2,4
958,8.026666666666667,4
959,8.56,4
960,6.826666666666667,4
961,8.16,4
962,7.6,4
963,7.866666666666666,4
964,7.466666666666667,4
965,6.426666666666667,4
966,7.386666666666667,4
967,8.133333333333333,4
968,8.506666666666666,4
969,8.426666666666666,4
970,7.68,4
971,7.973333333333334,4
972,8.666666666666666,4
973,9.013333333333334,4
974,8.586666666666666,4
975,8.64,4
976,8.96,4
977,7.866666666666666,4
978,6.506666666666667,4
979,7.786666666666667,4
980,7.093333333333334,4
981,8.213333333333333,4
982,7.866666666666666,4
983,8.133333333333333,4
984,7.92,4
985,7.68,4
986,7.733333333333333,4
987,6.72,4
988,8.373333333333333,4
989,7.92,4
990,6.88,4
991,7.28,4
992,7.733333333333333,4
993,7.573333333333333,4
994,7.973333333333334,4
995,7.52,4
996,8.506666666666666,4
997,8.053333333333333,4
998,7.466666666666667,4
999,7.013333333333334,4
1000,8.053333333333333,4
1001,7.68,4
1002,6.906666666666666,4
1003,7.626666666666667,4
1004,7.386666666666667,4
1005,7.573333333333333,4
1006,7.333333333333333,4
1007,7.493333333333333,4
1008,8.08,4
1009,7.626666666666667,4
1010,7.1466666666666665,4
1011,7.466666666666667,4
1012,8.24,4
1013,8.533333333333333,4
1014,7.786666666666667,4
1015,7.8133333333333335,4
1016,8.32,4
1017,8.346666666666666,4
1018,6.72,4
1019,7.68,4
1020,7.413333333333333,4
1021,7.6,4
1022,8.746666666666666,4
1023,8.0,4
1024,7.946666666666666,4
1025,9.146666666666667,4
1026,8.666666666666666,4
1027,8.186666666666667,4
1028,8.266666666666667,4
1029,8.56,4
1030,7.36,4
1031,6.986666666666666,4
1032,6.72,4
1033,7.493333333333333,4
1034,8.0,4
1035,8.32,4
1036,7.306666666666667,4
1037,7.2,4
1038,8.24,4
1039,7.386666666666667,4
1040,8.853333333333333,4
1041,7.866666666666666,4
1042,8.693333333333333,4
1043,7.333333333333333,4
1044,7.733333333333333,4
1045,7.68,4
1046,7.493333333333333,4
1047,8.026666666666667,4
1048,8.08,4
1049,7.84,4
1050,7.92,4
1051,7.493333333333333,4
1052,7.573333333333333,4
1053,7.8933333333333335,4
1054,7.6,4
1055,7.546666666666667,4
1056,7.76,4
1057,7.173333333333333,4
1058,7.333333333333333,4
1059,8.16,4
1060,7.1466666666666665,4
1061,7.52,4
1062,7.76,4
1063,7.706666666666667,4
1064,7.013333333333334,4
1065,7.253333333333333,4
1066,7.68,4
1067,8.56,4
1068,8.613333333333333,4
1069,7.68,4
1070,8.213333333333333,4
1071,8.56,4
1072,7.92,4
1073,7.466666666666667,4
1074,8.373333333333333,4
1075,8.053333333333333,4
1076,9.253333333333334,4
1077,8.053333333333333,4
1078,7.866666666666666,4
1079,7.306666666666667,4
1080,7.36,4
1081,7.226666666666667,4
1082,7.68,4
1083,8.133333333333333,4
1084,7.386666666666667,4
1085,7.706666666666667,4
1086,8.133333333333333,4
1087,6.933333333333334,4
1088,6.773333333333333,4
1089,7.333333333333333,4
1090,6.746666666666667,4
1091,7.546666666666667,4
1092,8.0,4
1093,8.293333333333333,4
1094,7.306666666666667,4
1095,8.186666666666667,4
1096,7.333333333333333,4
1097,7.493333333333333,4
1098,8.64,4
1099,8.426666666666666,4
1100,8.213333333333333,4
1101,7.253333333333333,4
1102,8.026666666666667,4
1103,7.546666666666667,4
1104,7.733333333333333,4
1105,7.04,4
1106,6.88,4
1107,7.946666666666666,4
1108,7.2,4
1109,7.333333333333333,4
1110,7.8933333333333335,4
1111,8.8,4
1112,8.64,4
1113,8.453333333333333,4
1114,7.866666666666666,4
1115,7.253333333333333,4
1116,7.546666666666667,4
1117,7.973333333333334,4
1118,8.4,4
1119,7.733333333333333,4
1120,8.426666666666666,4
1121,8.053333333333333,4
1122,8.32,4
1123,7.706666666666667,4
1124,7.866666666666666,4
1125,7.466666666666667,4
1126,7.173333333333333,4
1127,7.413333333333333,4
1128,6.666666666666667,4
1129,7.04,4
1130,7.786666666666667,4
1131,7.413333333333333,4
1132,7.226666666666667,4
1133,7.573333333333333,4
1134,8.666666666666666,4
1135,8.906666666666666,4
1136,7.8933333333333335,4
1137,8.266666666666667,4
1138,7.44,4
1139,7.1466666666666665,4
1140,6.1866666666666665,4
1141,7.8133333333333335,4
1142,8.773333333333333,4
1143,7.866666666666666,4
1144,7.733333333333333,4
1145,6.986666666666666,4
1146,7.386666666666667,4
1147,7.92,4
1148,8.106666666666667,4
1149,7.706666666666667,4
1150,8.346666666666666,4
1151,7.626666666666667,4
1152,7.226666666666667,4
1153,7.92,4
1154,8.613333333333333,4
1155,7.92,4
1156,8.666666666666666,4
1157,8.16,4
1158,7.2,4
1159,8.586666666666666,4
1160,7.6,4
1161,8.4,4
1162,8.266666666666667,4
1163,8.506666666666666,4
1164,8.106666666666667,4
1165,8.586666666666666,4
1166,7.706666666666667,4
1167,7.546666666666667,4
1168,8.133333333333333,4
1169,7.706666666666667,4
1170,8.906666666666666,4
1171,7.573333333333333,4
1172,8.24,4
1173,8.986666666666666,4
1174,8.72,4
1175,8.693333333333333,4
1176,8.613333333333333,4
1177,7.386666666666667,4
1178,7.946666666666666,4
1179,8.0,4
1180,9.066666666666666,4
1181,8.666666666666666,4
1182,8.0,4
1183,7.8133333333333335,4
1184,7.226666666666667,4
1185,7.52,4
1186,8.213333333333333,4
1187,7.28,4
1188,7.84,4
1189,8.826666666666666,4
1190,7.8933333333333335,4
1191,7.6,4
1192,8.346666666666666,4
1193,8.746666666666666,4
1194,8.533333333333333,4
1195,8.373333333333333,4
1196,8.186666666666667,4
1197,7.866666666666666,4
1198,7.92,4
1199,7.786666666666667,4
1200,8.506666666666666,4
1201,9.28,4
1202,8.64,4
1203,8.32,4
1204,7.413333333333333,4
1205,7.546666666666667,4
1206,8.373333333333333,4
1207,7.866666666666666,4
1208,6.96,4
1209,7.386666666666667,4
1210,7.093333333333334,4
1211,6.48,4
1212,7.466666666666667,4
1213,8.88,4
1214,8.186666666666667,4
1215,8.053333333333333,4
1216,7.8133333333333335,4
1217,8.16,4
1218,7.413333333333333,4
1219,7.626666666666667,4
1220,7.546666666666667,4
1221,8.32,4
1222,7.68,4
1223,7.733333333333333,4
1224,6.8533333333333335,4
1225,7.866666666666666,4
1226,7.573333333333333,4
1227,8.133333333333333,4
1228,8.32,4
1229,8.16,4
1230,7.84,4
1231,7.546666666666667,4
1232,6.8533333333333335,4
1233,7.786666666666667,4
1234,7.066666666666666,4
1235,7.706666666666667,4
1236,8.933333333333334,4
1237,8.8,4
1238,8.266666666666667,4
1239,8.133333333333333,4
1240,6.373333333333333,4
1241,6.56,4
1242,7.866666666666666,4
1243,7.6,4
1244,7.8933333333333335,4
1245,7.84,4
1246,7.36,4
1247,7.226666666666667,4
1248,7.386666666666667,4
1249,7.52,4
1250,7.2,4
1251,7.1466666666666665,4
1252,7.84,4
1253,7.733333333333333,4
1254,8.586666666666666,4
1255,8.08,4
1256,8.24,4
1257,7.92,4
1258,6.506666666666667,4
1259,6.693333333333333,4
1260,7.706666666666667,4
1261,7.44,4
1262,7.626666666666667,4
1263,8.106666666666667,4
1264,8.133333333333333,4
1265,8.48,4
1266,8.16,4
1267,7.493333333333333,4
1268,8.026666666666667,4
1269,8.293333333333333,4
1270,8.106666666666667,4
1271,8.16,4
1272,7.8133333333333335,4
1273,7.36,4
1274,7.413333333333333,4
1275,7.84,4
1276,7.786666666666667,4
1277,7.066666666666666,4
1278,7.12,4
1279,6.88,4
1280,6.586666666666667,4
1281,7.493333333333333,4
1282,8.72,4
1283,8.986666666666666,4
1284,8.106666666666667,4
1285,7.466666666666667,4
1286,6.906666666666666,4
1287,6.666666666666667,4
1288,6.96,4
1289,6.933333333333334,4
1290,7.493333333333333,4
1291,8.0,4
1292,7.6,4
1293,7.386666666666667,4
1294,7.52,4
1295,7.12,4
1296,7.8133333333333335,4
1297,7.973333333333334,4
1298,8.293333333333333,4
1299,7.733333333333333,4
1300,7.466666666666667,4
1301,7.573333333333333,4
1302,7.493333333333333,4
1303,7.733333333333333,4
1304,7.12,4
1305,7.386666666666667,4
1306,7.626666666666667,4
1307,8.4,4
1308,8.613333333333333,4
1309,7.84,4
1310,8.026666666666667,4
1311,8.026666666666667,4
1312,7.8133333333333335,4
1313,7.68,4
1314,7.466666666666667,4
1315,7.6,4
1316,8.106666666666667,4
1317,6.906666666666666,4
1318,6.56,4
1319,7.386666666666667,4
1320,7.44,4
1321,7.6,4
1322,7.626666666666667,4
1323,7.8933333333333335,4
1324,7.653333333333333,4
1325,7.466666666666667,4
1326,8.186666666666667,4
1327,8.026666666666667,4
1328,7.413333333333333,4
1329,8.053333333333333,4
1330,8.293333333333333,4
1331,7.946666666666666,4
1332,7.546666666666667,4
1333,7.8133333333333335,4
1334,7.653333333333333,4
1335,7.413333333333333,4
1336,7.546666666666667,4
1337,7.04,4
1338,7.306666666666667,4
1339,7.226666666666667,4
1340,8.053333333333333,4
1341,8.346666666666666,4
1342,8.72,4
1343,7.84,4
1344,8.026666666666667,4
1345,8.373333333333333,4
1346,7.1466666666666665,4
1347,7.2,4
1348,7.6,4
1349,7.8133333333333335,4
1350,7.653333333333333,4
1351,7.306666666666667,4
1352,6.933333333333334,4
1353,7.866666666666666,4
1354,7.946666666666666,4
1355,7.92,4
1356,6.8,4
1357,6.986666666666666,4
1358,7.733333333333333,4
1359,7.493333333333333,4
1360,8.32,4
1361,8.213333333333333,4
1362,7.8133333333333335,4
1363,7.68,4
1364,7.333333333333333,4
1365,6.933333333333334,4
1366,6.72,4
1367,7.1466666666666665,4
1368,7.066666666666666,4
1369,7.6,4
1370,7.546666666666667,4
1371,7.8133333333333335,4
1372,8.0,4
1373,7.12,4
1374,7.546666666666667,4
1375,7.84,4
1376,8.986666666666666,4
1377,8.506666666666666,4
1378,7.8933333333333335,4
1379,8.053333333333333,4
1380,9.36,4
1381,8.666666666666666,4
1382,8.64,4
1383,8.613333333333333,4
1384,7.2,4
1385,7.386666666666667,4
1386,7.36,4
1387,7.093333333333334,4
1388,7.973333333333334,4
1389,8.986666666666666,4
1390,8.64,4
1391,9.2,4
1392,8.586666666666666,4
1393,7.253333333333333,4
1394,6.8533333333333335,4
1395,8.266666666666667,4
1396,7.733333333333333,4
1397,7.973333333333334,4
1398,8.106666666666667,4
1399,7.6,4
1400,6.64,4
1401,7.866666666666666,4
1402,8.56,4
1403,7.92,4
1404,9.013333333333334,4
1405,8.826666666666666,4
1406,7.946666666666666,4
1407,8.4,4
1408,7.52,4
1409,8.16,4
1410,8.453333333333333,4
1411,7.8133333333333335,4
1412,7.173333333333333,4
1413,7.093333333333334,4
1414,7.92,4
1415,7.786666666666667,4
1416,7.306666666666667,4
1417,7.093333333333334,4
1418,7.44,4
1419,7.413333333333333,4
1420,7.546666666666667,4
1421,7.093333333333334,4
1422,7.973333333333334,4
1423,7.493333333333333,4
1424,8.0,4
1425,8.16,4
1426,8.213333333333333,4
1427,7.493333333333333,4
1428,7.493333333333333,4
1429,8.053333333333333,4
1430,8.533333333333333,4
1431,7.786666666666667,4
1432,7.2,4
1433,7.44,4
1434,7.92,4
1435,7.8933333333333335,4
1436,7.12,4
1437,7.8933333333333335,4
1438,7.8133333333333335,4
1439,7.946666666666666,4
1440,7.733333333333333,4
1441,7.733333333333333,4
1442,7.173333333333333,4
1443,7.413333333333333,4
1444,7.36,4
1445,7.84,4
1446,8.026666666666667,4
1447,8.453333333333333,4
1448,8.426666666666666,4
1449,8.32,4
1450,8.533333333333333,4
1451,8.16,4
1452,7.573333333333333,4
1453,7.92,4
1454,7.1466666666666665,4
1455,7.386666666666667,4
1456,8.186666666666667,4
1457,7.6,4
1458,6.96,4
1459,7.6,4
1460,8.4,4
1461,8.32,4
1462,8.346666666666666,4
1463,8.88,4
1464,8.506666666666666,4
1465,8.533333333333333,4
1466,7.466666666666667,4
1467,7.1466666666666665,4
1468,8.16,4
1469,6.32,4
1470,7.333333333333333,4
1471,7.413333333333333,4
1472,7.76,4
1473,7.733333333333333,4
1474,8.506666666666666,4
1475,7.6,4
1476,7.76,4
1477,8.186666666666667,4
1478,8.346666666666666,4
1479,7.44,4
1480,7.1466666666666665,4
1481,7.8133333333333335,4
1482,6.96,4
1483,7.626666666666667,4
1484,7.653333333333333,4
1485,7.946666666666666,4
1486,7.84,4
1487,8.186666666666667,4
1488,8.24,4
1489,8.186666666666667,4
1490,8.24,4
1491,8.106666666666667,4
1492,8.373333333333333,4
1493,7.653333333333333,4
1494,7.6,4
1495,7.413333333333333,4
1496,7.626666666666667,4
1497,7.653333333333333,4
1498,7.546666666666667,4
1499,7.36,4
1500,7.493333333333333,4
1501,7.733333333333333,4
1502,8.506666666666666,4
1503,7.92,4
1504,8.133333333333333,4
1505,7.76,4
1506,7.546666666666667,4
1507,7.546666666666667,4
1508,6.666666666666667,4
1509,7.413333333333333,4
1510,7.466666666666667,4
1511,8.293333333333333,4
1512,7.066666666666666,4
1513,7.12,4
1514,7.466666666666667,4
1515,7.386666666666667,4
1516,7.413333333333333,4
1517,7.68,4
1518,6.96,4
1519,6.88,4
1520,7.04,4
1521,7.68,4
1522,7.52,4
1523,7.466666666666667,4
1524,7.28,4
1525,7.1466666666666665,4
1526,7.573333333333333,4
1527,7.013333333333334,4
1528,7.786666666666667,4
1529,6.453333333333333,4
1530,7.706666666666667,4
1531,6.8533333333333335,4
1532,7.44,4
1533,7.546666666666667,4
1534,7.306666666666667,4
1535,8.266666666666667,4
1536,8.32,4
1537,8.426666666666666,4
1538,7.866666666666666,4
1539,8.88,4
1540,7.546666666666667,4
1541,7.386666666666667,4
1542,7.626666666666667,4
1543,7.1466666666666665,4
1544,7.653333333333333,4
1545,7.733333333333333,4
1546,7.8133333333333335,4
1547,7.253333333333333,4
1548,6.613333333333333,4
1549,7.733333333333333,4
1550,8.24,4
1551,8.48,4
1552,8.693333333333333,4
1553,9.04,4
1554,8.773333333333333,4
1555,7.493333333333333,4
1556,7.706666666666667,4
1557,7.2,4
1558,7.973333333333334,4
1559,7.493333333333333,4
1560,8.0,4
1561,8.32,4
1562,7.306666666666667,4
1563,7.386666666666667,4
1564,7.84,4
1565,7.6,4
1566,7.706666666666667,4
1567,8.96,4
1568,9.093333333333334,4
1569,7.6,4
1570,8.16,4
1571,7.92,4
1572,8.266666666666667,4
1573,7.84,4
1574,7.8933333333333335,4
1575,8.16,4
1576,8.24,4
1577,8.746666666666666,4
1578,8.986666666666666,4
1579,8.106666666666667,4
1580,7.333333333333333,4
1581,7.013333333333334,4
1582,7.226666666666667,4
1583,6.8533333333333335,4
1584,7.173333333333333,4
1585,7.28,4
1586,7.573333333333333,4
1587,6.48,4
1588,7.52,4
1589,7.733333333333333,4
1590,7.84,4
1591,7.68,4
1592,6.906666666666666,4
1593,7.706666666666667,4
1594,7.546666666666667,4
1595,8.24,4
1596,7.706666666666667,4
1597,7.946666666666666,4
1598,7.52,4
1599,7.84,4
1600,7.36,4
1601,7.68,4
1602,7.733333333333333,4
1603,8.0,4
1604,7.226666666666667,4
1605,7.093333333333334,4
1606,7.973333333333334,4
1607,7.653333333333333,4
1608,7.52,4
1609,7.946666666666666,4
1610,6.8,4
1611,6.773333333333333,4
1612,8.506666666666666,4
1613,8.506666666666666,4
1614,8.48,4
1615,8.64,4
1616,7.306666666666667,4
1617,6.933333333333334,4
1618,6.773333333333333,4
1619,7.413333333333333,4
1620,9.173333333333334,4
1621,8.373333333333333,4
1622,7.493333333333333,4
1623,7.706666666666667,4
1624,7.2,4
1625,8.453333333333333,4
1626,8.026666666666667,4
1627,8.506666666666666,4
1628,7.226666666666667,4
1629,7.2,4
1630,7.946666666666666,4
1631,7.786666666666667,4
1632,8.16,4
1633,8.933333333333334,4
1634,8.72,4
1635,8.133333333333333,4
1636,7.386666666666667,4
1637,7.8133333333333335,4
1638,7.8133333333333335,4
1639,7.386666666666667,4
1640,6.96,4
1641,6.986666666666666,4
1642,8.186666666666667,4
1643,8.186666666666667,4
1644,7.68,4
1645,7.653333333333333,4
1646,8.133333333333333,4
1647,7.706666666666667,4
1648,7.493333333333333,4
1649,8.266666666666667,4
1650,8.293333333333333,4
1651,7.493333333333333,4
1652,7.68,4
1653,7.6,4
1654,8.426666666666666,4
1655,8.48,4
1656,7.786666666666667,4
1657,7.8133333333333335,4
1658,7.6,4
1659,8.32,4
1660,7.8933333333333335,4
1661,7.866666666666666,4
1662,8.426666666666666,4
1663,8.346666666666666,4
1664,8.08,4
1665,8.24,4
1666,7.706666666666667,4
1667,6.64,4
1668,7.413333333333333,4
1669,8.426666666666666,4
1670,8.133333333333333,4
1671,8.0,4
1672,8.08,4
1673,7.866666666666666,4
1674,7.306666666666667,4
1675,7.306666666666667,4
1676,7.8133333333333335,4
1677,7.6,4
1678,7.36,4
1679,7.626666666666667,4
1680,7.733333333333333,4
1681,6.64,4
1682,8.08,4
1683,7.866666666666666,4
1684,7.44,4
1685,7.8933333333333335,4
1686,7.173333333333333,4
1687,7.466666666666667,4
1688,7.6,4
1689,8.346666666666666,4
1690,8.8,4
1691,7.973333333333334,4
1692,6.96,4
1693,7.946666666666666,4
1694,7.12,4
1695,6.693333333333333,4
1696,7.44,4
1697,8.56,4
1698,8.24,4
1699,7.706666666666667,4
1700,8.026666666666667,4
1701,8.426666666666666,4
1702,7.946666666666666,4
1703,7.76,4
1704,7.36,4
1705,7.493333333333333,4
1706,7.44,4
1707,8.053333333333333,4
1708,8.133333333333333,4
1709,8.453333333333333,4
1710,9.173333333333334,4
1711,8.346666666666666,4
1712,8.213333333333333,4
1713,8.346666666666666,4
1714,8.72,4
1715,8.133333333333333,4
1716,7.36,4
1717,8.293333333333333,4
1718,7.68,4
1719,7.706666666666667,4
1720,7.8133333333333335,4
1721,7.36,4
1722,7.52,4
1723,7.466666666666667,4
1724,7.04,4
1725,7.466666666666667,4
1726,7.333333333333333,4
1727,7.76,4
1728,7.493333333333333,4
1729,7.333333333333333,4
1730,8.293333333333333,4
1731,8.266666666666667,4
1732,8.133333333333333,4
1733,7.626666666666667,4
1734,7.173333333333333,4
1735,7.68,4
1736,7.28,4
1737,7.173333333333333,4
1738,7.493333333333333,4
1739,8.0,4
1740,7.626666666666667,4
1741,7.946666666666666,4
1742,7.866666666666666,4
1743,7.653333333333333,4
1744,7.866666666666666,4
1745,7.6,4
1746,7.733333333333333,4
1747,7.466666666666667,4
1748,7.946666666666666,4
1749,6.88,4
1750,7.653333333333333,4
1751,8.346666666666666,4
1752,7.92,4
1753,7.52,4
1754,7.626666666666667,4
1755,8.133333333333333,4
1756,8.746666666666666,4
1757,8.613333333333333,4
1758,8.48,4
1759,8.08,4
1760,7.84,4
1761,8.826666666666666,4
1762,8.106666666666667,4
1763,7.573333333333333,4
1764,8.08,4
1765,8.32,4
1766,8.106666666666667,4
1767,8.053333333333333,4
1768,8.773333333333333,4
1769,8.586666666666666,4
1770,7.786666666666667,4
1771,7.44,4
1772,7.066666666666666,4
1773,8.026666666666667,4
1774,6.8,4
1775,7.626666666666667,4
1776,7.973333333333334,4
1777,6.96,4
1778,7.6,4
1779,7.2,4
1780,8.293333333333333,4
1781,6.906666666666666,4
1782,7.12,4
1783,6.773333333333333,4
1784,8.026666666666667,4
1785,7.306666666666667,4
1786,7.653333333333333,4
1787,7.706666666666667,4
1788,7.733333333333333,4
1789,8.026666666666667,4
1790,7.8933333333333335,4
1791,8.773333333333333,4
1792,7.12,4
1793,6.693333333333333,4
1794,6.88,4
1795,7.306666666666667,4
1796,7.946666666666666,4
1797,6.933333333333334,4
1798,7.8133333333333335,4
1799,7.6,4
1800,8.106666666666667,4
1801,7.466666666666667,4
1802,7.36,4
1803,7.946666666666666,4
1804,7.946666666666666,4
1805,7.52,4
1806,7.12,4
1807,7.733333333333333,4
1808,8.373333333333333,4
1809,7.066666666666666,4
1810,7.866666666666666,4
1811,7.92,4
1812,7.066666666666666,4
1813,6.773333333333333,4
1814,7.493333333333333,4
1815,6.8,4
1816,7.28,4
1817,6.96,4
1818,7.733333333333333,4
1819,8.053333333333333,4
1820,8.026666666666667,4
1821,6.96,4
1822,6.96,4
1823,7.546666666666667,4
1824,7.066666666666666,4
1825,8.0,4
1826,8.106666666666667,4
1827,7.013333333333334,4
1828,7.626666666666667,4
1829,7.626666666666667,4
1830,8.586666666666666,4
1831,8.133333333333333,4
1832,8.133333333333333,4
1833,9.36,4
1834,7.8933333333333335,4
1835,8.0,4
1836,7.386666666666667,4
1837,7.413333333333333,4
1838,7.013333333333334,4
1839,8.0,4
1840,8.08,4
1841,8.586666666666666,4
1842,8.0,4
1843,8.533333333333333,4
1844,7.466666666666667,4
1845,8.133333333333333,4
1846,8.08,4
1847,8.56,4
1848,7.306666666666667,4
1849,7.8133333333333335,4
1850,7.226666666666667,4
1851,7.333333333333333,4
1852,7.466666666666667,4
1853,6.826666666666667,4
1854,7.226666666666667,4
1855,7.28,4
1856,7.306666666666667,4
1857,6.506666666666667,4
1858,7.36,4
1859,7.36,4
1860,7.546666666666667,4
1861,7.333333333333333,4
1862,8.0,4
1863,7.76,4
1864,8.213333333333333,4
1865,8.08,4
1866,7.1466666666666665,4
1867,7.546666666666667,4
1868,7.68,4
1869,8.56,4
1870,8.373333333333333,4
1871,7.786666666666667,4
1872,7.546666666666667,4
1873,7.8933333333333335,4
1874,8.453333333333333,4
1875,8.32,4
1876,8.4,4
1877,7.386666666666667,4
1878,7.306666666666667,4
1879,7.226666666666667,4
1880,7.253333333333333,4
1881,7.866666666666666,4
1882,6.746666666666667,4
1883,7.1466666666666665,4
1884,7.2,4
1885,6.826666666666667,4
1886,7.413333333333333,4
1887,7.04,4
1888,7.2,4
1889,7.706666666666667,4
1890,7.8133333333333335,4
1891,8.08,4
1892,7.92,4
1893,7.84,4
1894,7.466666666666667,4
1895,7.173333333333333,4
1896,6.96,4
1897,7.52,4
1898,7.44,4
1899,7.706666666666667,4
1900,7.36,4
1901,8.053333333333333,4
1902,7.2,4
1903,7.733333333333333,4
1904,7.386666666666667,4
1905,7.386666666666667,4
1906,7.36,4
1907,6.773333333333333,4
1908,7.92,4
1909,7.573333333333333,4
1910,7.28,4
1911,8.533333333333333,4
1912,7.733333333333333,4
1913,7.2,4
1914,6.933333333333334,4
1915,8.16,4
1916,8.213333333333333,4
1917,7.6,4
1918,7.68,4
1919,7.973333333333334,4
1920,8.026666666666667,4
1921,7.84,4
1922,7.413333333333333,4
1923,7.52,4
1924,8.373333333333333,4
1925,8.32,4
1926,7.52,4
1927,7.92,4
1928,8.053333333333333,4
1929,7.84,4
1930,7.28,4
1931,7.733333333333333,4
1932,7.52,4
1933,6.933333333333334,4
1934,5.76,4
1935,7.093333333333334,4
1936,7.706666666666667,4
1937,8.4,4
1938,7.8933333333333335,4
1939,7.226666666666667,4
1940,7.8133333333333335,4
1941,7.866666666666666,4
1942,8.16,4
1943,7.306666666666667,4
1944,8.08,4
1945,7.2,4
1946,8.08,4
1947,8.08,4
1948,7.706666666666667,4
1949,7.786666666666667,4
1950,6.8,4
1951,7.12,4
1952,7.386666666666667,4
1953,7.12,4
1954,7.706666666666667,4
1955,7.786666666666667,4
1956,7.866666666666666,4
1957,8.266666666666667,4
1958,8.213333333333333,4
1959,6.613333333333333,4
1960,7.546666666666667,4
1961,7.973333333333334,4
1962,7.573333333333333,4
1963,7.333333333333333,4
1964,7.306666666666667,4
1965,7.1466666666666665,4
1966,7.093333333333334,4
1967,7.253333333333333,4
1968,8.373333333333333,4
1969,7.546666666666667,4
1970,8.026666666666667,4
1971,6.88,4
1972,6.32,4
1973,7.413333333333333,4
1974,8.08,4
1975,8.426666666666666,4
1976,8.053333333333333,4
1977,8.026666666666667,4
1978,8.16,4
1979,8.106666666666667,4
1980,7.973333333333334,4
1981,7.333333333333333,4
1982,7.68,4
1983,8.64,4
1984,8.48,4
1985,7.946666666666666,4
1986,7.92,4
1987,8.853333333333333,4
1988,9.146666666666667,4
1989,9.306666666666667,4
1990,8.533333333333333,4
1991,6.906666666666666,4
1992,7.066666666666666,4
1993,7.12,4
1994,7.28,4
1995,8.186666666666667,4
1996,7.68,4
1997,7.946666666666666,4
1998,7.866666666666666,4
1999,8.213333333333333,4
