Figure: small_5
File Number: 48
Nodes: 36
Edges: 580
Max Generations: 2000
Population Size: 150
Mutation Rate: 0.01
Colors Used: 8
Runtime: 3.82

Generation,Average Fitness,Best Fitness
0,140.10666666666665,88
1,130.66666666666666,88
2,128.13333333333333,76
3,124.08,76
4,120.10666666666667,76
5,116.16,72
6,114.05333333333333,68
7,110.8,64
8,105.52,64
9,104.08,60
10,100.08,60
11,95.84,52
12,93.2,48
13,86.08,48
14,81.65333333333334,48
15,79.14666666666666,48
16,72.10666666666667,44
17,68.61333333333333,44
18,63.70666666666666,40
19,62.32,40
20,57.12,40
21,54.42666666666667,32
22,52.50666666666667,32
23,49.413333333333334,32
24,48.45333333333333,32
25,46.18666666666667,28
26,44.666666666666664,28
27,42.72,20
28,39.6,20
29,37.46666666666667,20
30,34.053333333333335,20
31,33.57333333333333,20
32,30.586666666666666,20
33,29.28,20
34,27.413333333333334,20
35,26.96,16
36,25.573333333333334,16
37,24.8,16
38,23.813333333333333,16
39,23.76,16
40,21.92,16
41,21.413333333333334,16
42,21.44,16
43,21.36,16
44,20.96,16
45,21.36,16
46,20.746666666666666,12
47,19.84,12
48,19.14666666666667,12
49,19.14666666666667,12
50,18.69333333333333,12
51,19.28,12
52,18.266666666666666,12
53,17.84,12
54,17.973333333333333,12
55,16.906666666666666,12
56,16.586666666666666,12
57,16.32,12
58,15.893333333333333,12
59,15.626666666666667,12
60,14.853333333333333,12
61,15.04,12
62,14.88,12
63,14.56,12
64,15.6,12
65,16.08,12
66,14.986666666666666,12
67,14.88,12
68,15.173333333333334,12
69,15.146666666666667,12
70,15.226666666666667,12
71,15.253333333333334,12
72,15.013333333333334,12
73,15.626666666666667,12
74,16.24,12
75,15.866666666666667,12
76,16.24,12
77,15.786666666666667,12
78,15.76,12
79,16.453333333333333,12
80,15.573333333333334,12
81,15.173333333333334,12
82,15.226666666666667,12
83,15.253333333333334,12
84,15.813333333333333,12
85,16.586666666666666,12
86,15.813333333333333,12
87,16.24,12
88,15.84,12
89,14.613333333333333,12
90,15.013333333333334,12
91,15.2,12
92,15.866666666666667,12
93,15.2,12
94,14.746666666666666,12
95,16.32,12
96,16.08,12
97,15.573333333333334,12
98,15.413333333333334,12
99,15.546666666666667,12
100,15.2,12
101,15.386666666666667,12
102,15.386666666666667,12
103,14.853333333333333,12
104,14.72,12
105,14.586666666666666,12
106,14.533333333333333,12
107,15.04,12
108,15.226666666666667,12
109,15.013333333333334,12
110,15.706666666666667,12
111,15.973333333333333,12
112,16.186666666666667,12
113,15.44,12
114,15.146666666666667,12
115,15.146666666666667,12
116,14.773333333333333,12
117,15.146666666666667,12
118,15.52,12
119,15.306666666666667,12
120,14.72,12
121,14.853333333333333,12
122,15.413333333333334,12
123,15.093333333333334,12
124,15.253333333333334,12
125,15.626666666666667,12
126,16.213333333333335,12
127,15.813333333333333,12
128,15.066666666666666,12
129,15.653333333333334,12
130,15.973333333333333,12
131,14.933333333333334,12
132,14.773333333333333,12
133,15.146666666666667,12
134,14.053333333333333,12
135,15.146666666666667,12
136,15.226666666666667,8
137,15.626666666666667,8
138,15.28,8
139,15.493333333333334,8
140,15.653333333333334,8
141,15.333333333333334,8
142,15.12,8
143,14.853333333333333,8
144,15.68,8
145,15.493333333333334,8
146,15.013333333333334,8
147,14.293333333333333,8
148,14.373333333333333,8
149,13.813333333333333,8
150,12.986666666666666,8
151,12.453333333333333,8
152,12.106666666666667,8
153,11.146666666666667,8
154,11.333333333333334,8
155,11.226666666666667,8
156,10.906666666666666,8
157,11.706666666666667,8
158,11.893333333333333,8
159,11.84,8
160,12.053333333333333,8
161,11.626666666666667,8
162,10.773333333333333,8
163,11.706666666666667,8
164,11.546666666666667,8
165,10.853333333333333,8
166,11.68,8
167,11.68,8
168,12.16,8
169,11.36,8
170,11.893333333333333,8
171,12.24,8
172,11.786666666666667,8
173,11.92,8
174,11.946666666666667,8
175,11.413333333333334,8
176,11.386666666666667,8
177,11.466666666666667,8
178,11.626666666666667,8
179,11.786666666666667,8
180,11.493333333333334,8
181,11.493333333333334,8
182,11.466666666666667,8
183,11.333333333333334,8
184,11.013333333333334,8
185,11.786666666666667,8
186,12.08,8
187,12.346666666666666,8
188,11.973333333333333,8
189,12.266666666666667,8
190,12.933333333333334,8
191,12.613333333333333,8
192,12.666666666666666,8
193,11.893333333333333,8
194,12.0,8
195,11.84,8
196,11.52,8
197,11.44,8
198,12.213333333333333,8
199,12.16,8
200,11.36,8
201,10.986666666666666,8
202,10.88,8
203,12.186666666666667,8
204,12.133333333333333,8
205,11.173333333333334,8
206,11.866666666666667,8
207,11.466666666666667,8
208,11.626666666666667,8
209,11.866666666666667,8
210,12.72,8
211,11.786666666666667,8
212,11.333333333333334,8
213,12.506666666666666,8
214,12.346666666666666,8
215,11.12,8
216,11.36,8
217,11.333333333333334,8
218,11.36,8
219,11.6,8
220,11.226666666666667,8
221,11.333333333333334,8
222,11.146666666666667,8
223,11.2,8
224,10.933333333333334,8
225,11.386666666666667,8
226,12.266666666666667,8
227,11.493333333333334,8
228,11.573333333333334,8
229,12.213333333333333,8
230,12.533333333333333,8
231,11.653333333333334,8
232,11.68,8
233,12.133333333333333,8
234,12.933333333333334,8
235,12.933333333333334,8
236,12.56,8
237,11.52,8
238,11.493333333333334,8
239,11.546666666666667,8
240,11.066666666666666,8
241,11.333333333333334,8
242,12.426666666666666,8
243,11.44,8
244,11.893333333333333,8
245,11.413333333333334,8
246,11.546666666666667,8
247,10.933333333333334,8
248,10.826666666666666,8
249,11.386666666666667,8
250,12.026666666666667,8
251,12.453333333333333,8
252,12.4,8
253,12.693333333333333,8
254,12.373333333333333,8
255,11.68,8
256,10.906666666666666,8
257,11.493333333333334,8
258,11.706666666666667,8
259,11.52,8
260,11.813333333333333,8
261,11.893333333333333,8
262,11.6,8
263,12.56,8
264,12.826666666666666,8
265,11.546666666666667,8
266,11.12,8
267,11.386666666666667,8
268,11.333333333333334,8
269,11.973333333333333,8
270,12.213333333333333,8
271,12.56,8
272,11.946666666666667,8
273,11.12,8
274,10.746666666666666,8
275,11.36,8
276,11.733333333333333,8
277,11.786666666666667,8
278,10.693333333333333,8
279,11.413333333333334,8
280,11.706666666666667,8
281,11.893333333333333,8
282,11.733333333333333,8
283,11.226666666666667,8
284,11.84,8
285,12.613333333333333,8
286,12.48,8
287,11.573333333333334,8
288,11.493333333333334,8
289,11.893333333333333,8
290,12.213333333333333,8
291,11.733333333333333,8
292,11.733333333333333,8
293,11.386666666666667,8
294,11.2,8
295,12.0,8
296,10.96,8
297,11.28,8
298,11.333333333333334,8
299,11.386666666666667,8
300,10.613333333333333,8
301,11.493333333333334,8
302,12.16,8
303,11.12,8
304,11.573333333333334,8
305,10.64,8
306,12.026666666666667,8
307,13.12,8
308,12.56,8
309,11.333333333333334,8
310,11.04,8
311,11.146666666666667,8
312,12.053333333333333,8
313,11.653333333333334,8
314,12.4,8
315,12.0,8
316,11.786666666666667,8
317,11.92,8
318,11.706666666666667,8
319,11.52,8
320,11.12,8
321,11.413333333333334,8
322,11.013333333333334,8
323,10.933333333333334,8
324,10.933333333333334,8
325,11.44,8
326,10.613333333333333,8
327,10.693333333333333,8
328,11.92,8
329,11.84,8
330,12.133333333333333,8
331,10.026666666666667,8
332,11.066666666666666,8
333,11.946666666666667,8
334,11.44,8
335,10.88,8
336,11.466666666666667,8
337,11.12,8
338,11.68,8
339,12.666666666666666,8
340,12.106666666666667,8
341,12.373333333333333,8
342,12.08,8
343,11.52,8
344,11.6,8
345,11.573333333333334,8
346,11.573333333333334,8
347,11.146666666666667,8
348,11.12,8
349,11.546666666666667,8
350,11.466666666666667,8
351,10.96,8
352,11.92,8
353,11.786666666666667,8
354,10.96,8
355,11.306666666666667,8
356,11.626666666666667,8
357,11.493333333333334,8
358,11.76,8
359,10.906666666666666,8
360,10.853333333333333,8
361,12.56,8
362,12.293333333333333,8
363,12.0,8
364,11.893333333333333,8
365,12.346666666666666,8
366,12.106666666666667,8
367,11.546666666666667,8
368,11.786666666666667,8
369,11.28,8
370,11.6,8
371,10.96,8
372,11.493333333333334,8
373,10.853333333333333,8
374,11.413333333333334,8
375,12.24,8
376,12.053333333333333,8
377,11.226666666666667,8
378,11.946666666666667,8
379,11.253333333333334,8
380,11.92,8
381,12.746666666666666,8
382,12.533333333333333,8
383,12.026666666666667,8
384,11.706666666666667,8
385,11.2,8
386,12.16,8
387,11.413333333333334,8
388,11.786666666666667,8
389,12.0,8
390,11.413333333333334,8
391,11.626666666666667,8
392,11.573333333333334,8
393,11.466666666666667,8
394,11.84,8
395,11.653333333333334,8
396,11.973333333333333,8
397,11.92,8
398,12.56,8
399,11.6,8
400,12.186666666666667,8
401,11.813333333333333,8
402,11.893333333333333,8
403,11.146666666666667,8
404,10.906666666666666,8
405,11.066666666666666,8
406,11.653333333333334,8
407,11.36,8
408,11.386666666666667,8
409,10.96,8
410,12.426666666666666,8
411,11.04,8
412,10.773333333333333,8
413,10.986666666666666,8
414,11.466666666666667,8
415,10.56,8
416,10.266666666666667,8
417,11.36,8
418,10.826666666666666,8
419,10.48,8
420,11.733333333333333,8
421,11.84,8
422,11.893333333333333,8
423,11.04,8
424,10.96,8
425,10.373333333333333,8
426,11.093333333333334,8
427,12.506666666666666,8
428,12.426666666666666,8
429,12.32,8
430,11.893333333333333,8
431,12.08,8
432,10.853333333333333,8
433,12.106666666666667,8
434,12.4,8
435,12.346666666666666,8
436,12.133333333333333,8
437,11.866666666666667,8
438,12.0,8
439,11.44,8
440,12.16,8
441,11.84,8
442,11.386666666666667,8
443,11.173333333333334,8
444,11.226666666666667,8
445,11.52,8
446,11.866666666666667,8
447,12.773333333333333,8
448,12.026666666666667,8
449,12.24,8
450,11.626666666666667,8
451,11.253333333333334,8
452,11.28,8
453,11.253333333333334,8
454,11.413333333333334,8
455,11.6,8
456,10.933333333333334,8
457,10.56,8
458,11.386666666666667,8
459,10.4,8
460,11.946666666666667,8
461,10.773333333333333,8
462,10.64,8
463,11.226666666666667,8
464,11.36,8
465,12.026666666666667,8
466,12.0,8
467,11.093333333333334,8
468,11.28,8
469,11.466666666666667,8
470,11.466666666666667,8
471,11.706666666666667,8
472,11.6,8
473,11.973333333333333,8
474,12.186666666666667,8
475,12.88,8
476,11.68,8
477,11.253333333333334,8
478,12.08,8
479,11.92,8
480,10.906666666666666,8
481,11.866666666666667,8
482,12.133333333333333,8
483,11.466666666666667,8
484,10.853333333333333,8
485,10.56,8
486,10.186666666666667,8
487,11.12,8
488,11.36,8
489,11.68,8
490,12.053333333333333,8
491,11.68,8
492,11.626666666666667,8
493,11.253333333333334,8
494,11.386666666666667,8
495,11.706666666666667,8
496,11.946666666666667,8
497,11.653333333333334,8
498,11.44,8
499,11.813333333333333,8
500,12.746666666666666,8
501,11.76,8
502,11.386666666666667,8
503,11.893333333333333,8
504,10.746666666666666,8
505,10.773333333333333,8
506,10.986666666666666,8
507,11.28,8
508,10.72,8
509,11.253333333333334,8
510,11.12,8
511,11.28,8
512,11.893333333333333,8
513,10.8,8
514,11.2,8
515,10.986666666666666,8
516,10.56,8
517,11.386666666666667,8
518,10.933333333333334,8
519,11.333333333333334,8
520,12.053333333333333,8
521,11.76,8
522,11.76,8
523,12.213333333333333,8
524,11.866666666666667,8
525,11.84,8
526,12.293333333333333,8
527,12.106666666666667,8
528,11.84,8
529,11.866666666666667,8
530,13.333333333333334,8
531,12.96,8
532,12.293333333333333,8
533,12.213333333333333,8
534,11.76,8
535,11.973333333333333,8
536,12.106666666666667,8
537,12.133333333333333,8
538,12.453333333333333,8
539,11.653333333333334,8
540,12.0,8
541,11.493333333333334,8
542,10.826666666666666,8
543,11.466666666666667,8
544,11.306666666666667,8
545,11.2,8
546,12.213333333333333,8
547,12.346666666666666,8
548,11.92,8
549,10.933333333333334,8
550,10.693333333333333,8
551,11.066666666666666,8
552,10.773333333333333,8
553,11.093333333333334,8
554,10.96,8
555,11.093333333333334,8
556,11.04,8
557,11.546666666666667,8
558,11.013333333333334,8
559,12.453333333333333,8
560,12.026666666666667,8
561,11.733333333333333,8
562,11.653333333333334,8
563,10.933333333333334,8
564,10.72,8
565,10.453333333333333,8
566,12.106666666666667,8
567,11.04,8
568,12.266666666666667,8
569,11.653333333333334,8
570,11.92,8
571,12.053333333333333,8
572,11.76,8
573,11.093333333333334,8
574,11.733333333333333,8
575,12.453333333333333,8
576,11.653333333333334,8
577,11.493333333333334,8
578,11.973333333333333,8
579,11.253333333333334,8
580,11.413333333333334,8
581,11.146666666666667,8
582,10.906666666666666,8
583,11.173333333333334,8
584,11.466666666666667,8
585,10.746666666666666,8
586,10.586666666666666,8
587,10.933333333333334,8
588,12.026666666666667,8
589,11.44,8
590,11.44,8
591,11.173333333333334,8
592,11.76,8
593,12.16,8
594,11.253333333333334,8
595,12.0,8
596,12.08,8
597,12.133333333333333,8
598,12.613333333333333,8
599,11.226666666666667,8
600,11.706666666666667,8
601,12.08,8
602,10.933333333333334,8
603,10.72,8
604,11.2,8
605,11.386666666666667,8
606,10.826666666666666,8
607,11.413333333333334,8
608,11.36,8
609,11.946666666666667,8
610,11.626666666666667,8
611,12.4,8
612,12.186666666666667,8
613,10.96,8
614,11.28,8
615,11.813333333333333,8
616,12.106666666666667,8
617,11.253333333333334,8
618,10.773333333333333,8
619,10.88,8
620,11.653333333333334,8
621,11.813333333333333,8
622,11.306666666666667,8
623,11.253333333333334,8
624,11.92,8
625,11.706666666666667,8
626,10.933333333333334,8
627,11.6,8
628,10.96,8
629,11.893333333333333,8
630,11.253333333333334,8
631,11.946666666666667,8
632,11.546666666666667,4
633,10.96,4
634,10.986666666666666,4
635,10.853333333333333,4
636,10.986666666666666,4
637,10.666666666666666,4
638,9.36,4
639,8.826666666666666,4
640,8.826666666666666,4
641,8.933333333333334,4
642,9.386666666666667,4
643,8.64,4
644,8.346666666666666,4
645,7.413333333333333,4
646,7.066666666666666,4
647,7.76,4
648,7.386666666666667,4
649,7.12,4
650,7.386666666666667,4
651,7.386666666666667,4
652,7.333333333333333,4
653,7.466666666666667,4
654,8.48,4
655,8.24,4
656,8.48,4
657,7.706666666666667,4
658,8.053333333333333,4
659,7.413333333333333,4
660,7.44,4
661,8.56,4
662,7.093333333333334,4
663,7.386666666666667,4
664,8.213333333333333,4
665,7.52,4
666,6.8533333333333335,4
667,7.333333333333333,4
668,6.826666666666667,4
669,7.12,4
670,7.973333333333334,4
671,7.36,4
672,7.52,4
673,7.44,4
674,7.1466666666666665,4
675,7.92,4
676,7.973333333333334,4
677,7.6,4
678,7.12,4
679,7.653333333333333,4
680,8.266666666666667,4
681,7.546666666666667,4
682,7.68,4
683,7.306666666666667,4
684,7.066666666666666,4
685,7.226666666666667,4
686,8.213333333333333,4
687,8.266666666666667,4
688,8.373333333333333,4
689,8.0,4
690,8.186666666666667,4
691,7.653333333333333,4
692,8.08,4
693,8.426666666666666,4
694,8.0,4
695,7.786666666666667,4
696,7.973333333333334,4
697,7.413333333333333,4
698,8.186666666666667,4
699,8.4,4
700,7.8933333333333335,4
701,8.88,4
702,8.586666666666666,4
703,7.626666666666667,4
704,7.546666666666667,4
705,7.626666666666667,4
706,7.413333333333333,4
707,7.653333333333333,4
708,7.653333333333333,4
709,7.786666666666667,4
710,7.8933333333333335,4
711,7.706666666666667,4
712,7.226666666666667,4
713,7.8133333333333335,4
714,7.36,4
715,8.96,4
716,7.8933333333333335,4
717,8.186666666666667,4
718,7.653333333333333,4
719,8.373333333333333,4
720,7.6,4
721,7.733333333333333,4
722,8.186666666666667,4
723,7.68,4
724,7.653333333333333,4
725,7.493333333333333,4
726,7.573333333333333,4
727,8.453333333333333,4
728,9.653333333333334,4
729,7.866666666666666,4
730,7.306666666666667,4
731,7.733333333333333,4
732,8.08,4
733,8.4,4
734,7.226666666666667,4
735,7.1466666666666665,4
736,7.173333333333333,4
737,6.72,4
738,7.68,4
739,7.866666666666666,4
740,8.186666666666667,4
741,8.48,4
742,8.133333333333333,4
743,8.64,4
744,7.706666666666667,4
745,7.44,4
746,7.173333333333333,4
747,7.68,4
748,8.186666666666667,4
749,7.973333333333334,4
750,7.76,4
751,6.8533333333333335,4
752,7.493333333333333,4
753,7.04,4
754,7.706666666666667,4
755,8.533333333333333,4
756,8.346666666666666,4
757,9.253333333333334,4
758,9.6,4
759,7.84,4
760,7.8133333333333335,4
761,7.8133333333333335,4
762,8.56,4
763,7.68,4
764,7.333333333333333,4
765,8.24,4
766,8.24,4
767,8.24,4
768,8.133333333333333,4
769,8.32,4
770,7.626666666666667,4
771,7.786666666666667,4
772,7.28,4
773,7.2,4
774,7.12,4
775,8.32,4
776,7.8933333333333335,4
777,9.173333333333334,4
778,8.613333333333333,4
779,8.64,4
780,7.76,4
781,7.466666666666667,4
782,7.626666666666667,4
783,7.92,4
784,7.466666666666667,4
785,7.68,4
786,7.333333333333333,4
787,7.68,4
788,7.706666666666667,4
789,7.8933333333333335,4
790,8.64,4
791,8.266666666666667,4
792,7.52,4
793,7.706666666666667,4
794,7.36,4
795,7.68,4
796,8.693333333333333,4
797,8.186666666666667,4
798,7.52,4
799,7.68,4
800,7.946666666666666,4
801,8.16,4
802,7.76,4
803,7.946666666666666,4
804,7.44,4
805,7.386666666666667,4
806,7.333333333333333,4
807,7.546666666666667,4
808,8.0,4
809,7.44,4
810,7.226666666666667,4
811,7.493333333333333,4
812,7.306666666666667,4
813,7.8933333333333335,4
814,7.28,4
815,7.8933333333333335,4
816,7.306666666666667,4
817,6.96,4
818,7.84,4
819,8.346666666666666,4
820,8.48,4
821,7.706666666666667,4
822,7.253333333333333,4
823,7.626666666666667,4
824,7.466666666666667,4
825,8.293333333333333,4
826,7.8133333333333335,4
827,7.28,4
828,7.306666666666667,4
829,7.466666666666667,4
830,7.36,4
831,6.8533333333333335,4
832,7.306666666666667,4
833,7.066666666666666,4
834,7.466666666666667,4
835,7.84,4
836,8.4,4
837,8.453333333333333,4
838,7.92,4
839,8.16,4
840,8.48,4
841,8.96,4
842,7.013333333333334,4
843,8.853333333333333,4
844,7.8933333333333335,4
845,7.04,4
846,6.986666666666666,4
847,7.706666666666667,4
848,8.026666666666667,4
849,8.186666666666667,4
850,7.333333333333333,4
851,7.866666666666666,4
852,6.666666666666667,4
853,7.173333333333333,4
854,6.986666666666666,4
855,7.626666666666667,4
856,7.28,4
857,7.066666666666666,4
858,7.1466666666666665,4
859,6.88,4
860,7.386666666666667,4
861,8.186666666666667,4
862,8.266666666666667,4
863,7.946666666666666,4
864,8.853333333333333,4
865,8.586666666666666,4
866,8.16,4
867,7.76,4
868,7.8133333333333335,4
869,7.253333333333333,4
870,8.0,4
871,8.693333333333333,4
872,7.866666666666666,4
873,7.76,4
874,7.28,4
875,7.2,4
876,7.333333333333333,4
877,7.44,4
878,7.92,4
879,7.8133333333333335,4
880,7.973333333333334,4
881,7.8133333333333335,4
882,8.08,4
883,8.586666666666666,4
884,7.8133333333333335,4
885,7.92,4
886,9.44,4
887,9.493333333333334,4
888,7.733333333333333,4
889,8.106666666666667,4
890,7.36,4
891,8.133333333333333,4
892,7.8133333333333335,4
893,7.44,4
894,7.04,4
895,7.8933333333333335,4
896,8.08,4
897,8.026666666666667,4
898,8.266666666666667,4
899,7.733333333333333,4
900,8.666666666666666,4
901,8.666666666666666,4
902,8.96,4
903,8.56,4
904,8.133333333333333,4
905,8.346666666666666,4
906,8.266666666666667,4
907,7.92,4
908,7.76,4
909,8.346666666666666,4
910,8.08,4
911,7.28,4
912,8.106666666666667,4
913,7.68,4
914,7.706666666666667,4
915,7.386666666666667,4
916,7.36,4
917,7.44,4
918,7.653333333333333,4
919,8.16,4
920,8.346666666666666,4
921,8.613333333333333,4
922,8.373333333333333,4
923,8.053333333333333,4
924,8.213333333333333,4
925,8.533333333333333,4
926,7.8933333333333335,4
927,7.626666666666667,4
928,8.213333333333333,4
929,8.426666666666666,4
930,7.04,4
931,7.786666666666667,4
932,7.733333333333333,4
933,7.6,4
934,7.52,4
935,7.093333333333334,4
936,7.413333333333333,4
937,7.706666666666667,4
938,7.573333333333333,4
939,7.733333333333333,4
940,7.013333333333334,4
941,7.333333333333333,4
942,7.84,4
943,7.8133333333333335,4
944,7.626666666666667,4
945,7.466666666666667,4
946,8.026666666666667,4
947,7.653333333333333,4
948,7.066666666666666,4
949,8.053333333333333,4
950,7.946666666666666,4
951,7.2,4
952,6.8533333333333335,4
953,7.066666666666666,4
954,7.493333333333333,4
955,7.066666666666666,4
956,7.6,4
957,7.493333333333333,4
958,7.546666666666667,4
959,6.72,4
960,7.386666666666667,4
961,7.68,4
962,8.08,4
963,7.92,4
964,6.96,4
965,7.306666666666667,4
966,8.213333333333333,4
967,7.76,4
968,7.733333333333333,4
969,7.44,4
970,8.186666666666667,4
971,8.08,4
972,8.586666666666666,4
973,8.453333333333333,4
974,8.4,4
975,7.573333333333333,4
976,8.213333333333333,4
977,8.32,4
978,7.8933333333333335,4
979,7.653333333333333,4
980,8.506666666666666,4
981,8.106666666666667,4
982,8.426666666666666,4
983,8.346666666666666,4
984,7.973333333333334,4
985,7.8933333333333335,4
986,7.653333333333333,4
987,7.8933333333333335,4
988,8.746666666666666,4
989,8.106666666666667,4
990,7.733333333333333,4
991,8.56,4
992,7.68,4
993,8.453333333333333,4
994,9.013333333333334,4
995,7.973333333333334,4
996,7.8133333333333335,4
997,7.92,4
998,7.733333333333333,4
999,7.866666666666666,4
1000,8.32,4
1001,7.28,4
1002,6.906666666666666,4
1003,6.72,4
1004,7.173333333333333,4
1005,8.266666666666667,4
1006,6.933333333333334,4
1007,7.973333333333334,4
1008,8.186666666666667,4
1009,6.986666666666666,4
1010,7.1466666666666665,4
1011,8.08,4
1012,7.1466666666666665,4
1013,6.933333333333334,4
1014,7.173333333333333,4
1015,8.293333333333333,4
1016,7.946666666666666,4
1017,7.466666666666667,4
1018,7.653333333333333,4
1019,7.546666666666667,4
1020,7.066666666666666,4
1021,8.186666666666667,4
1022,8.053333333333333,4
1023,8.426666666666666,4
1024,7.333333333333333,4
1025,8.72,4
1026,7.28,4
1027,8.026666666666667,4
1028,7.866666666666666,4
1029,7.573333333333333,4
1030,7.173333333333333,4
1031,7.066666666666666,4
1032,7.546666666666667,4
1033,7.84,4
1034,6.88,4
1035,7.44,4
1036,7.84,4
1037,8.053333333333333,4
1038,7.92,4
1039,7.786666666666667,4
1040,8.026666666666667,4
1041,8.026666666666667,4
1042,7.92,4
1043,7.36,4
1044,6.986666666666666,4
1045,7.786666666666667,4
1046,7.973333333333334,4
1047,7.946666666666666,4
1048,7.706666666666667,4
1049,8.213333333333333,4
1050,8.24,4
1051,7.946666666666666,4
1052,7.653333333333333,4
1053,7.68,4
1054,7.626666666666667,4
1055,7.546666666666667,4
1056,8.853333333333333,4
1057,8.426666666666666,4
1058,7.173333333333333,4
1059,8.106666666666667,4
1060,7.92,4
1061,7.386666666666667,4
1062,8.0,4
1063,8.453333333333333,4
1064,8.24,4
1065,7.333333333333333,4
1066,7.786666666666667,4
1067,8.613333333333333,4
1068,8.48,4
1069,7.493333333333333,4
1070,7.946666666666666,4
1071,8.026666666666667,4
1072,8.0,4
1073,7.946666666666666,4
1074,7.8933333333333335,4
1075,7.28,4
1076,8.186666666666667,4
1077,7.653333333333333,4
1078,7.333333333333333,4
1079,7.226666666666667,4
1080,7.12,4
1081,6.48,4
1082,8.16,4
1083,7.013333333333334,4
1084,7.52,4
1085,7.28,4
1086,7.413333333333333,4
1087,8.48,4
1088,8.4,4
1089,8.32,4
1090,7.52,4
1091,7.68,4
1092,7.333333333333333,4
1093,8.96,4
1094,7.306666666666667,4
1095,7.52,4
1096,7.733333333333333,4
1097,7.946666666666666,4
1098,7.6,4
1099,6.933333333333334,4
1100,7.68,4
1101,7.706666666666667,4
1102,8.08,4
1103,8.213333333333333,4
1104,7.68,4
1105,7.466666666666667,4
1106,7.68,4
1107,7.493333333333333,4
1108,8.133333333333333,4
1109,8.746666666666666,4
1110,9.04,4
1111,8.293333333333333,4
1112,8.613333333333333,4
1113,8.453333333333333,4
1114,8.08,4
1115,6.773333333333333,4
1116,6.693333333333333,4
1117,6.8533333333333335,4
1118,7.013333333333334,4
1119,7.226666666666667,4
1120,7.8933333333333335,4
1121,7.066666666666666,4
1122,7.226666666666667,4
1123,6.906666666666666,4
1124,7.066666666666666,4
1125,7.866666666666666,4
1126,7.466666666666667,4
1127,7.413333333333333,4
1128,8.533333333333333,4
1129,6.906666666666666,4
1130,7.36,4
1131,8.08,4
1132,7.706666666666667,4
1133,7.973333333333334,4
1134,8.266666666666667,4
1135,8.346666666666666,4
1136,7.36,4
1137,7.786666666666667,4
1138,7.706666666666667,4
1139,9.173333333333334,4
1140,7.84,4
1141,7.733333333333333,4
1142,7.653333333333333,4
1143,7.173333333333333,4
1144,7.226666666666667,4
1145,6.906666666666666,4
1146,7.866666666666666,4
1147,7.76,4
1148,7.8133333333333335,4
1149,7.066666666666666,4
1150,7.066666666666666,4
1151,7.92,4
1152,8.08,4
1153,8.88,4
1154,9.013333333333334,4
1155,8.133333333333333,4
1156,7.973333333333334,4
1157,7.04,4
1158,7.066666666666666,4
1159,7.76,4
1160,7.973333333333334,4
1161,7.6,4
1162,6.933333333333334,4
1163,8.8,4
1164,7.013333333333334,4
1165,7.013333333333334,4
1166,7.066666666666666,4
1167,7.386666666666667,4
1168,7.333333333333333,4
1169,7.52,4
1170,8.693333333333333,4
1171,7.866666666666666,4
1172,7.44,4
1173,8.56,4
1174,7.626666666666667,4
1175,7.68,4
1176,8.586666666666666,4
1177,7.8933333333333335,4
1178,7.92,4
1179,7.92,4
1180,7.973333333333334,4
1181,6.746666666666667,4
1182,6.906666666666666,4
1183,7.066666666666666,4
1184,6.986666666666666,4
1185,7.52,4
1186,6.826666666666667,4
1187,7.706666666666667,4
1188,7.333333333333333,4
1189,8.586666666666666,4
1190,8.986666666666666,4
1191,8.16,4
1192,7.52,4
1193,7.28,4
1194,7.6,4
1195,7.466666666666667,4
1196,7.28,4
1197,7.04,4
1198,7.733333333333333,4
1199,7.626666666666667,4
1200,7.733333333333333,4
1201,7.573333333333333,4
1202,8.106666666666667,4
1203,6.453333333333333,4
1204,7.386666666666667,4
1205,7.76,4
1206,7.6,4
1207,7.2,4
1208,7.8133333333333335,4
1209,7.466666666666667,4
1210,6.72,4
1211,7.706666666666667,4
1212,8.133333333333333,4
1213,8.213333333333333,4
1214,8.026666666666667,4
1215,8.346666666666666,4
1216,8.586666666666666,4
1217,7.946666666666666,4
1218,7.386666666666667,4
1219,7.706666666666667,4
1220,8.346666666666666,4
1221,7.68,4
1222,7.626666666666667,4
1223,7.093333333333334,4
1224,8.0,4
1225,8.0,4
1226,6.96,4
1227,7.733333333333333,4
1228,7.946666666666666,4
1229,8.56,4
1230,8.24,4
1231,7.733333333333333,4
1232,8.133333333333333,4
1233,8.186666666666667,4
1234,7.866666666666666,4
1235,8.0,4
1236,7.493333333333333,4
1237,7.68,4
1238,8.32,4
1239,8.0,4
1240,7.2,4
1241,8.053333333333333,4
1242,7.76,4
1243,8.666666666666666,4
1244,6.666666666666667,4
1245,7.413333333333333,4
1246,7.946666666666666,4
1247,8.293333333333333,4
1248,8.106666666666667,4
1249,8.026666666666667,4
1250,7.2,4
1251,7.12,4
1252,6.64,4
1253,7.6,4
1254,8.32,4
1255,7.52,4
1256,7.333333333333333,4
1257,7.786666666666667,4
1258,8.026666666666667,4
1259,8.4,4
1260,7.36,4
1261,6.906666666666666,4
1262,7.066666666666666,4
1263,7.093333333333334,4
1264,6.506666666666667,4
1265,7.8133333333333335,4
1266,8.133333333333333,4
1267,8.773333333333333,4
1268,7.786666666666667,4
1269,8.826666666666666,4
1270,8.453333333333333,4
1271,8.16,4
1272,7.253333333333333,4
1273,7.706666666666667,4
1274,7.866666666666666,4
1275,7.546666666666667,4
1276,7.173333333333333,4
1277,8.693333333333333,4
1278,7.733333333333333,4
1279,7.6,4
1280,8.186666666666667,4
1281,7.333333333333333,4
1282,7.786666666666667,4
1283,7.733333333333333,4
1284,8.453333333333333,4
1285,8.693333333333333,4
1286,8.053333333333333,4
1287,8.186666666666667,4
1288,8.08,4
1289,9.066666666666666,4
1290,8.666666666666666,4
1291,7.68,4
1292,7.786666666666667,4
1293,7.306666666666667,4
1294,7.226666666666667,4
1295,7.84,4
1296,7.52,4
1297,8.08,4
1298,8.72,4
1299,8.48,4
1300,8.56,4
1301,7.44,4
1302,7.92,4
1303,8.346666666666666,4
1304,7.386666666666667,4
1305,8.106666666666667,4
1306,8.853333333333333,4
1307,8.666666666666666,4
1308,9.493333333333334,4
1309,8.186666666666667,4
1310,8.666666666666666,4
1311,7.973333333333334,4
1312,8.16,4
1313,6.8,4
1314,7.226666666666667,4
1315,7.333333333333333,4
1316,7.44,4
1317,7.333333333333333,4
1318,7.466666666666667,4
1319,7.84,4
1320,7.6,4
1321,6.88,4
1322,7.786666666666667,4
1323,7.973333333333334,4
1324,7.8133333333333335,4
1325,7.92,4
1326,8.373333333333333,4
1327,6.906666666666666,4
1328,6.453333333333333,4
1329,6.8,4
1330,6.96,4
1331,7.546666666666667,4
1332,7.68,4
1333,7.68,4
1334,8.666666666666666,4
1335,7.8933333333333335,4
1336,7.493333333333333,4
1337,8.4,4
1338,8.346666666666666,4
1339,8.48,4
1340,7.626666666666667,4
1341,7.92,4
1342,8.186666666666667,4
1343,8.133333333333333,4
1344,7.8933333333333335,4
1345,7.8133333333333335,4
1346,8.453333333333333,4
1347,7.8133333333333335,4
1348,7.1466666666666665,4
1349,6.72,4
1350,6.933333333333334,4
1351,6.773333333333333,4
1352,7.466666666666667,4
1353,7.546666666666667,4
1354,8.586666666666666,4
1355,8.24,4
1356,7.226666666666667,4
1357,6.8533333333333335,4
1358,7.493333333333333,4
1359,7.76,4
1360,7.306666666666667,4
1361,8.506666666666666,4
1362,8.106666666666667,4
1363,7.626666666666667,4
1364,7.52,4
1365,7.333333333333333,4
1366,7.173333333333333,4
1367,7.866666666666666,4
1368,6.8533333333333335,4
1369,7.333333333333333,4
1370,6.746666666666667,4
1371,7.12,4
1372,8.16,4
1373,8.586666666666666,4
1374,7.68,4
1375,8.16,4
1376,8.16,4
1377,7.226666666666667,4
1378,6.96,4
1379,7.013333333333334,4
1380,7.12,4
1381,7.066666666666666,4
1382,7.413333333333333,4
1383,7.386666666666667,4
1384,7.733333333333333,4
1385,8.453333333333333,4
1386,7.8933333333333335,4
1387,7.84,4
1388,7.306666666666667,4
1389,7.253333333333333,4
1390,6.48,4
1391,6.8,4
1392,7.386666666666667,4
1393,7.733333333333333,4
1394,7.226666666666667,4
1395,8.453333333333333,4
1396,8.853333333333333,4
1397,8.4,4
1398,8.293333333333333,4
1399,8.053333333333333,4
1400,7.306666666666667,4
1401,7.92,4
1402,7.333333333333333,4
1403,7.386666666666667,4
1404,7.12,4
1405,7.333333333333333,4
1406,6.613333333333333,4
1407,7.013333333333334,4
1408,7.6,4
1409,7.6,4
1410,8.72,4
1411,8.746666666666666,4
1412,7.8133333333333335,4
1413,7.28,4
1414,7.68,4
1415,7.6,4
1416,8.373333333333333,4
1417,7.973333333333334,4
1418,8.133333333333333,4
1419,7.653333333333333,4
1420,7.6,4
1421,7.76,4
1422,6.88,4
1423,7.386666666666667,4
1424,7.573333333333333,4
1425,7.306666666666667,4
1426,8.826666666666666,4
1427,7.84,4
1428,7.36,4
1429,8.346666666666666,4
1430,7.786666666666667,4
1431,7.76,4
1432,7.013333333333334,4
1433,7.84,4
1434,8.24,4
1435,8.0,4
1436,7.786666666666667,4
1437,8.213333333333333,4
1438,8.453333333333333,4
1439,9.2,4
1440,8.346666666666666,4
1441,8.08,4
1442,8.053333333333333,4
1443,8.8,4
1444,9.44,4
1445,8.72,4
1446,8.506666666666666,4
1447,7.493333333333333,4
1448,7.84,4
1449,7.92,4
1450,7.733333333333333,4
1451,7.28,4
1452,7.786666666666667,4
1453,7.68,4
1454,7.466666666666667,4
1455,7.093333333333334,4
1456,7.733333333333333,4
1457,7.8933333333333335,4
1458,8.426666666666666,4
1459,7.653333333333333,4
1460,6.613333333333333,4
1461,7.013333333333334,4
1462,6.64,4
1463,7.493333333333333,4
1464,7.973333333333334,4
1465,7.8933333333333335,4
1466,7.68,4
1467,8.186666666666667,4
1468,8.133333333333333,4
1469,7.413333333333333,4
1470,7.1466666666666665,4
1471,7.306666666666667,4
1472,8.293333333333333,4
1473,8.8,4
1474,7.68,4
1475,7.6,4
1476,7.226666666666667,4
1477,7.2,4
1478,7.413333333333333,4
1479,8.213333333333333,4
1480,8.346666666666666,4
1481,8.32,4
1482,7.36,4
1483,8.053333333333333,4
1484,8.72,4
1485,8.4,4
1486,8.853333333333333,4
1487,7.8933333333333335,4
1488,8.56,4
1489,8.4,4
1490,6.906666666666666,4
1491,6.72,4
1492,6.613333333333333,4
1493,6.8533333333333335,4
1494,7.44,4
1495,7.6,4
1496,8.026666666666667,4
1497,8.346666666666666,4
1498,8.16,4
1499,7.333333333333333,4
1500,6.96,4
1501,7.653333333333333,4
1502,7.76,4
1503,7.6,4
1504,8.56,4
1505,7.946666666666666,4
1506,7.866666666666666,4
1507,8.426666666666666,4
1508,7.573333333333333,4
1509,7.306666666666667,4
1510,7.333333333333333,4
1511,7.8133333333333335,4
1512,8.56,4
1513,7.68,4
1514,8.426666666666666,4
1515,9.466666666666667,4
1516,7.44,4
1517,8.213333333333333,4
1518,7.493333333333333,4
1519,7.52,4
1520,7.44,4
1521,7.973333333333334,4
1522,7.626666666666667,4
1523,7.973333333333334,4
1524,8.026666666666667,4
1525,7.1466666666666665,4
1526,6.88,4
1527,7.226666666666667,4
1528,7.253333333333333,4
1529,7.973333333333334,4
1530,8.16,4
1531,8.106666666666667,4
1532,8.346666666666666,4
1533,8.106666666666667,4
1534,8.16,4
1535,7.84,4
1536,7.413333333333333,4
1537,7.333333333333333,4
1538,7.173333333333333,4
1539,7.706666666666667,4
1540,7.626666666666667,4
1541,7.546666666666667,4
1542,7.413333333333333,4
1543,7.626666666666667,4
1544,7.626666666666667,4
1545,7.226666666666667,4
1546,6.64,4
1547,7.6,4
1548,7.653333333333333,4
1549,7.173333333333333,4
1550,7.626666666666667,4
1551,7.333333333333333,4
1552,8.613333333333333,4
1553,8.693333333333333,4
1554,7.333333333333333,4
1555,7.093333333333334,4
1556,8.08,4
1557,8.613333333333333,4
1558,7.8133333333333335,4
1559,8.453333333333333,4
1560,7.8133333333333335,4
1561,8.293333333333333,4
1562,7.253333333333333,4
1563,7.44,4
1564,7.466666666666667,4
1565,8.08,4
1566,7.653333333333333,4
1567,8.88,4
1568,9.28,4
1569,8.426666666666666,4
1570,7.573333333333333,4
1571,7.386666666666667,4
1572,7.706666666666667,4
1573,7.626666666666667,4
1574,7.973333333333334,4
1575,7.706666666666667,4
1576,7.12,4
1577,7.306666666666667,4
1578,8.56,4
1579,7.093333333333334,4
1580,7.8133333333333335,4
1581,9.013333333333334,4
1582,8.16,4
1583,7.6,4
1584,7.866666666666666,4
1585,7.786666666666667,4
1586,9.146666666666667,4
1587,8.666666666666666,4
1588,8.373333333333333,4
1589,7.466666666666667,4
1590,7.413333333333333,4
1591,8.506666666666666,4
1592,7.6,4
1593,9.2,4
1594,8.64,4
1595,8.293333333333333,4
1596,8.186666666666667,4
1597,8.053333333333333,4
1598,7.6,4
1599,6.906666666666666,4
1600,7.866666666666666,4
1601,7.706666666666667,4
1602,7.413333333333333,4
1603,8.133333333333333,4
1604,7.2,4
1605,7.306666666666667,4
1606,7.493333333333333,4
1607,8.106666666666667,4
1608,8.053333333333333,4
1609,8.053333333333333,4
1610,8.053333333333333,4
1611,9.68,4
1612,8.906666666666666,4
1613,8.213333333333333,4
1614,7.546666666666667,4
1615,7.68,4
1616,7.04,4
1617,7.013333333333334,4
1618,7.2,4
1619,7.626666666666667,4
1620,7.173333333333333,4
1621,8.08,4
1622,8.32,4
1623,8.24,4
1624,8.213333333333333,4
1625,8.373333333333333,4
1626,7.226666666666667,4
1627,7.6,4
1628,7.92,4
1629,7.36,4
1630,6.906666666666666,4
1631,7.066666666666666,4
1632,7.44,4
1633,8.0,4
1634,8.533333333333333,4
1635,8.026666666666667,4
1636,7.84,4
1637,6.773333333333333,4
1638,7.573333333333333,4
1639,7.093333333333334,4
1640,7.573333333333333,4
1641,7.84,4
1642,7.066666666666666,4
1643,7.04,4
1644,7.653333333333333,4
1645,7.306666666666667,4
1646,7.413333333333333,4
1647,8.0,4
1648,8.186666666666667,4
1649,7.44,4
1650,8.853333333333333,4
1651,7.6,4
1652,8.48,4
1653,7.493333333333333,4
1654,7.76,4
1655,7.466666666666667,4
1656,6.933333333333334,4
1657,7.6,4
1658,7.28,4
1659,7.626666666666667,4
1660,7.066666666666666,4
1661,7.413333333333333,4
1662,7.253333333333333,4
1663,8.026666666666667,4
1664,8.693333333333333,4
1665,8.24,4
1666,9.546666666666667,4
1667,8.186666666666667,4
1668,7.44,4
1669,7.2,4
1670,6.96,4
1671,7.733333333333333,4
1672,7.546666666666667,4
1673,6.96,4
1674,7.1466666666666665,4
1675,7.253333333333333,4
1676,8.213333333333333,4
1677,7.28,4
1678,7.413333333333333,4
1679,6.72,4
1680,6.986666666666666,4
1681,7.546666666666667,4
1682,7.546666666666667,4
1683,7.36,4
1684,7.306666666666667,4
1685,7.1466666666666665,4
1686,8.293333333333333,4
1687,8.613333333333333,4
1688,9.626666666666667,4
1689,8.186666666666667,4
1690,7.44,4
1691,6.666666666666667,4
1692,7.2,4
1693,8.213333333333333,4
1694,8.506666666666666,4
1695,7.8133333333333335,4
1696,7.52,4
1697,7.333333333333333,4
1698,7.546666666666667,4
1699,8.853333333333333,4
1700,7.8933333333333335,4
1701,8.133333333333333,4
1702,7.066666666666666,4
1703,6.266666666666667,4
1704,6.346666666666667,4
1705,7.6,4
1706,7.546666666666667,4
1707,7.8133333333333335,4
1708,7.466666666666667,4
1709,6.96,4
1710,7.76,4
1711,7.84,4
1712,8.32,4
1713,8.986666666666666,4
1714,7.28,4
1715,7.066666666666666,4
1716,9.44,4
1717,9.013333333333334,4
1718,8.24,4
1719,7.173333333333333,4
1720,7.226666666666667,4
1721,9.013333333333334,4
1722,9.12,4
1723,8.613333333333333,4
1724,7.546666666666667,4
1725,7.573333333333333,4
1726,7.76,4
1727,7.706666666666667,4
1728,8.613333333333333,4
1729,8.693333333333333,4
1730,7.28,4
1731,7.413333333333333,4
1732,7.253333333333333,4
1733,7.52,4
1734,7.866666666666666,4
1735,7.413333333333333,4
1736,7.04,4
1737,7.1466666666666665,4
1738,8.346666666666666,4
1739,7.946666666666666,4
1740,7.44,4
1741,8.48,4
1742,7.92,4
1743,8.293333333333333,4
1744,7.306666666666667,4
1745,7.8133333333333335,4
1746,8.106666666666667,4
1747,7.68,4
1748,7.1466666666666665,4
1749,7.733333333333333,4
1750,8.106666666666667,4
1751,8.346666666666666,4
1752,7.786666666666667,4
1753,8.053333333333333,4
1754,8.346666666666666,4
1755,8.213333333333333,4
1756,6.96,4
1757,7.04,4
1758,7.36,4
1759,7.013333333333334,4
1760,8.24,4
1761,7.52,4
1762,7.28,4
1763,8.133333333333333,4
1764,7.466666666666667,4
1765,7.786666666666667,4
1766,8.8,4
1767,9.173333333333334,4
1768,8.16,4
1769,7.546666666666667,4
1770,6.88,4
1771,7.44,4
1772,6.8533333333333335,4
1773,8.266666666666667,4
1774,7.306666666666667,4
1775,6.986666666666666,4
1776,7.6,4
1777,8.346666666666666,4
1778,8.64,4
1779,7.68,4
1780,8.32,4
1781,8.24,4
1782,7.52,4
1783,8.32,4
1784,7.8933333333333335,4
1785,7.226666666666667,4
1786,6.773333333333333,4
1787,7.413333333333333,4
1788,7.946666666666666,4
1789,7.573333333333333,4
1790,8.0,4
1791,8.64,4
1792,8.186666666666667,4
1793,7.786666666666667,4
1794,7.76,4
1795,7.52,4
1796,7.013333333333334,4
1797,7.92,4
1798,8.266666666666667,4
1799,6.64,4
1800,7.466666666666667,4
1801,8.32,4
1802,6.8,4
1803,7.093333333333334,4
1804,7.093333333333334,4
1805,7.653333333333333,4
1806,7.386666666666667,4
1807,7.413333333333333,4
1808,6.88,4
1809,7.626666666666667,4
1810,7.76,4
1811,7.173333333333333,4
1812,7.866666666666666,4
1813,7.626666666666667,4
1814,7.2,4
1815,7.706666666666667,4
1816,7.546666666666667,4
1817,8.346666666666666,4
1818,7.226666666666667,4
1819,7.68,4
1820,8.106666666666667,4
1821,8.053333333333333,4
1822,7.413333333333333,4
1823,6.613333333333333,4
1824,7.76,4
1825,7.1466666666666665,4
1826,7.573333333333333,4
1827,7.626666666666667,4
1828,8.053333333333333,4
1829,8.56,4
1830,7.706666666666667,4
1831,7.066666666666666,4
1832,7.386666666666667,4
1833,6.426666666666667,4
1834,7.253333333333333,4
1835,7.013333333333334,4
1836,7.973333333333334,4
1837,8.453333333333333,4
1838,7.6,4
1839,7.866666666666666,4
1840,8.133333333333333,4
1841,8.533333333333333,4
1842,8.026666666666667,4
1843,8.346666666666666,4
1844,7.573333333333333,4
1845,7.733333333333333,4
1846,6.666666666666667,4
1847,7.52,4
1848,6.88,4
1849,7.653333333333333,4
1850,7.653333333333333,4
1851,7.04,4
1852,7.12,4
1853,8.053333333333333,4
1854,7.28,4
1855,7.12,4
1856,7.093333333333334,4
1857,7.8133333333333335,4
1858,8.186666666666667,4
1859,8.506666666666666,4
1860,8.4,4
1861,7.413333333333333,4
1862,8.426666666666666,4
1863,8.24,4
1864,7.733333333333333,4
1865,7.8133333333333335,4
1866,7.44,4
1867,7.76,4
1868,7.253333333333333,4
1869,7.6,4
1870,7.973333333333334,4
1871,7.52,4
1872,7.573333333333333,4
1873,8.773333333333333,4
1874,8.213333333333333,4
1875,8.08,4
1876,7.653333333333333,4
1877,7.333333333333333,4
1878,8.08,4
1879,8.133333333333333,4
1880,7.866666666666666,4
1881,7.04,4
1882,6.8,4
1883,6.906666666666666,4
1884,8.0,4
1885,7.76,4
1886,7.653333333333333,4
1887,8.186666666666667,4
1888,7.413333333333333,4
1889,8.08,4
1890,7.786666666666667,4
1891,7.333333333333333,4
1892,7.6,4
1893,7.226666666666667,4
1894,7.413333333333333,4
1895,7.786666666666667,4
1896,7.1466666666666665,4
1897,7.8933333333333335,4
1898,7.466666666666667,4
1899,7.973333333333334,4
1900,7.546666666666667,4
1901,7.8133333333333335,4
1902,8.693333333333333,4
1903,7.68,4
1904,6.773333333333333,4
1905,7.226666666666667,4
1906,7.76,4
1907,8.16,4
1908,8.266666666666667,4
1909,7.6,4
1910,7.306666666666667,4
1911,7.226666666666667,4
1912,7.706666666666667,4
1913,7.173333333333333,4
1914,7.333333333333333,4
1915,7.44,4
1916,6.453333333333333,4
1917,6.986666666666666,4
1918,8.186666666666667,4
1919,7.413333333333333,4
1920,7.76,4
1921,7.493333333333333,4
1922,8.666666666666666,4
1923,8.0,4
1924,8.026666666666667,4
1925,8.4,4
1926,7.466666666666667,4
1927,8.0,4
1928,7.493333333333333,4
1929,7.466666666666667,4
1930,7.253333333333333,4
1931,7.52,4
1932,8.533333333333333,4
1933,7.84,4
1934,8.186666666666667,4
1935,7.6,4
1936,7.68,4
1937,7.866666666666666,4
1938,7.786666666666667,4
1939,8.506666666666666,4
1940,8.453333333333333,4
1941,8.613333333333333,4
1942,9.493333333333334,4
1943,9.04,4
1944,8.426666666666666,4
1945,8.213333333333333,4
1946,7.706666666666667,4
1947,7.306666666666667,4
1948,8.586666666666666,4
1949,7.52,4
1950,7.92,4
1951,7.333333333333333,4
1952,7.253333333333333,4
1953,7.28,4
1954,6.88,4
1955,7.6,4
1956,8.32,4
1957,7.573333333333333,4
1958,8.16,4
1959,7.013333333333334,4
1960,7.786666666666667,4
1961,7.36,4
1962,7.1466666666666665,4
1963,7.626666666666667,4
1964,7.946666666666666,4
1965,8.026666666666667,4
1966,7.386666666666667,4
1967,7.84,4
1968,7.786666666666667,4
1969,7.333333333333333,4
1970,7.1466666666666665,4
1971,7.653333333333333,4
1972,8.106666666666667,4
1973,7.84,4
1974,7.12,4
1975,7.226666666666667,4
1976,7.333333333333333,4
1977,8.506666666666666,4
1978,8.56,4
1979,7.973333333333334,4
1980,8.266666666666667,4
1981,7.786666666666667,4
1982,7.36,4
1983,7.8133333333333335,4
1984,8.08,4
1985,7.786666666666667,4
1986,8.666666666666666,4
1987,8.24,4
1988,6.933333333333334,4
1989,7.093333333333334,4
1990,6.666666666666667,4
1991,7.733333333333333,4
1992,7.653333333333333,4
1993,7.44,4
1994,7.866666666666666,4
1995,8.32,4
1996,7.306666666666667,4
1997,7.653333333333333,4
1998,7.466666666666667,4
1999,7.6,4
