Figure: small_5
File Number: 49
Nodes: 36
Edges: 580
Max Generations: 2000
Population Size: 150
Mutation Rate: 0.01
Colors Used: 8
Runtime: 2.84

Generation,Average Fitness,Best Fitness
0,144.24,84
1,134.53333333333333,80
2,125.89333333333333,80
3,122.69333333333333,80
4,121.17333333333333,76
5,116.10666666666667,76
6,114.02666666666667,72
7,114.56,72
8,111.78666666666666,64
9,109.14666666666666,60
10,106.16,60
11,103.65333333333334,52
12,101.54666666666667,52
13,97.09333333333333,52
14,94.26666666666667,52
15,85.92,40
16,77.94666666666667,40
17,68.77333333333333,40
18,64.08,40
19,61.38666666666666,40
20,57.973333333333336,36
21,53.81333333333333,28
22,51.57333333333333,28
23,47.653333333333336,28
24,44.0,28
25,41.946666666666665,28
26,40.88,28
27,39.306666666666665,28
28,38.29333333333334,24
29,36.10666666666667,24
30,35.25333333333333,24
31,33.78666666666667,24
32,33.04,20
33,32.0,20
34,30.426666666666666,20
35,28.4,20
36,27.253333333333334,20
37,26.88,20
38,26.56,20
39,25.76,20
40,24.533333333333335,16
41,24.586666666666666,16
42,24.133333333333333,16
43,22.8,16
44,22.24,16
45,22.186666666666667,16
46,21.786666666666665,16
47,21.413333333333334,12
48,19.573333333333334,12
49,19.413333333333334,12
50,19.12,12
51,19.12,12
52,18.613333333333333,12
53,18.32,12
54,17.44,12
55,17.573333333333334,12
56,17.2,12
57,16.8,12
58,16.213333333333335,12
59,16.533333333333335,12
60,16.666666666666668,12
61,16.293333333333333,12
62,15.626666666666667,12
63,15.813333333333333,12
64,16.08,12
65,15.413333333333334,12
66,15.76,12
67,15.52,12
68,14.986666666666666,12
69,14.773333333333333,12
70,15.733333333333333,12
71,15.386666666666667,12
72,15.466666666666667,12
73,15.413333333333334,12
74,15.84,12
75,15.626666666666667,12
76,15.386666666666667,12
77,15.84,12
78,15.52,12
79,15.386666666666667,12
80,15.493333333333334,12
81,15.84,12
82,16.133333333333333,12
83,16.613333333333333,12
84,16.613333333333333,12
85,15.413333333333334,12
86,15.813333333333333,12
87,15.306666666666667,12
88,15.466666666666667,12
89,16.346666666666668,12
90,16.053333333333335,12
91,16.69333333333333,12
92,16.426666666666666,12
93,15.306666666666667,12
94,14.933333333333334,12
95,15.146666666666667,12
96,15.92,12
97,16.4,12
98,15.733333333333333,12
99,15.466666666666667,12
100,15.84,12
101,15.04,12
102,14.933333333333334,12
103,15.066666666666666,12
104,15.253333333333334,12
105,14.613333333333333,12
106,14.4,12
107,14.88,12
108,16.133333333333333,12
109,15.04,12
110,15.306666666666667,12
111,16.133333333333333,12
112,15.6,8
113,15.946666666666667,8
114,15.44,8
115,16.32,8
116,15.68,8
117,15.253333333333334,8
118,15.226666666666667,8
119,15.546666666666667,8
120,14.0,8
121,14.08,8
122,14.026666666666667,8
123,13.893333333333333,8
124,13.946666666666667,8
125,12.906666666666666,8
126,11.306666666666667,8
127,12.666666666666666,8
128,11.626666666666667,8
129,12.373333333333333,8
130,12.613333333333333,8
131,11.413333333333334,8
132,12.053333333333333,8
133,12.453333333333333,8
134,11.493333333333334,8
135,11.093333333333334,8
136,11.013333333333334,8
137,11.466666666666667,8
138,12.213333333333333,8
139,12.026666666666667,8
140,11.946666666666667,8
141,12.453333333333333,8
142,11.76,8
143,11.52,8
144,12.16,8
145,11.493333333333334,8
146,12.133333333333333,8
147,12.16,8
148,11.6,8
149,11.973333333333333,8
150,12.106666666666667,8
151,11.146666666666667,8
152,10.533333333333333,8
153,10.213333333333333,8
154,11.28,8
155,12.106666666666667,8
156,11.706666666666667,8
157,10.933333333333334,8
158,12.266666666666667,8
159,11.36,8
160,11.2,8
161,10.96,8
162,10.426666666666666,8
163,11.733333333333333,8
164,11.893333333333333,8
165,11.466666666666667,8
166,12.106666666666667,8
167,11.786666666666667,8
168,11.253333333333334,8
169,12.72,8
170,12.186666666666667,8
171,10.826666666666666,8
172,11.066666666666666,8
173,11.706666666666667,8
174,11.413333333333334,8
175,11.84,8
176,12.4,8
177,12.0,8
178,11.76,8
179,11.973333333333333,8
180,11.493333333333334,8
181,11.733333333333333,8
182,11.173333333333334,8
183,11.146666666666667,8
184,11.84,8
185,12.533333333333333,8
186,11.173333333333334,8
187,11.013333333333334,8
188,11.493333333333334,8
189,10.96,8
190,11.013333333333334,8
191,11.706666666666667,8
192,11.28,8
193,11.76,8
194,11.52,8
195,11.28,8
196,11.146666666666667,8
197,11.973333333333333,8
198,11.28,8
199,11.44,8
200,11.146666666666667,8
201,11.253333333333334,8
202,11.76,8
203,12.853333333333333,8
204,11.386666666666667,8
205,11.413333333333334,8
206,12.506666666666666,8
207,12.106666666666667,8
208,10.933333333333334,8
209,11.6,8
210,11.6,8
211,11.706666666666667,8
212,12.533333333333333,8
213,11.52,8
214,11.6,8
215,11.813333333333333,8
216,11.146666666666667,8
217,10.746666666666666,8
218,11.44,8
219,10.88,8
220,11.173333333333334,8
221,11.333333333333334,8
222,11.653333333333334,8
223,11.946666666666667,8
224,11.493333333333334,8
225,12.213333333333333,8
226,11.866666666666667,8
227,12.266666666666667,8
228,11.066666666666666,8
229,10.693333333333333,8
230,11.173333333333334,8
231,11.706666666666667,8
232,11.893333333333333,8
233,11.386666666666667,8
234,10.693333333333333,8
235,11.813333333333333,8
236,12.026666666666667,8
237,12.133333333333333,8
238,11.866666666666667,8
239,11.333333333333334,8
240,11.493333333333334,8
241,11.653333333333334,8
242,11.573333333333334,8
243,11.653333333333334,8
244,11.76,8
245,11.866666666666667,8
246,11.813333333333333,8
247,11.893333333333333,8
248,10.666666666666666,8
249,10.853333333333333,8
250,11.333333333333334,8
251,11.626666666666667,8
252,11.493333333333334,8
253,11.866666666666667,8
254,11.866666666666667,8
255,11.973333333333333,8
256,11.653333333333334,8
257,11.466666666666667,8
258,11.653333333333334,8
259,10.666666666666666,8
260,12.586666666666666,8
261,11.76,8
262,11.653333333333334,8
263,12.4,8
264,11.546666666666667,8
265,11.36,8
266,10.746666666666666,8
267,10.906666666666666,8
268,10.586666666666666,8
269,11.546666666666667,8
270,11.12,8
271,10.746666666666666,8
272,11.44,8
273,11.573333333333334,8
274,10.746666666666666,8
275,11.813333333333333,8
276,11.706666666666667,8
277,11.12,8
278,11.813333333333333,8
279,11.786666666666667,8
280,11.36,8
281,10.826666666666666,8
282,11.226666666666667,8
283,11.813333333333333,8
284,11.84,8
285,11.2,8
286,11.493333333333334,8
287,11.973333333333333,8
288,11.573333333333334,8
289,11.546666666666667,8
290,12.133333333333333,8
291,12.24,8
292,12.133333333333333,8
293,11.893333333333333,8
294,11.28,8
295,12.0,8
296,11.466666666666667,8
297,11.706666666666667,8
298,11.04,8
299,11.04,8
300,12.0,8
301,12.693333333333333,8
302,12.72,8
303,12.426666666666666,8
304,11.173333333333334,8
305,10.986666666666666,8
306,11.066666666666666,8
307,10.8,8
308,10.48,8
309,11.706666666666667,8
310,12.133333333333333,8
311,10.666666666666666,8
312,12.0,8
313,12.0,8
314,10.853333333333333,8
315,10.586666666666666,8
316,10.613333333333333,8
317,11.68,8
318,12.133333333333333,8
319,11.813333333333333,8
320,11.68,8
321,11.52,8
322,11.973333333333333,8
323,11.6,8
324,11.12,8
325,10.826666666666666,8
326,11.626666666666667,8
327,11.573333333333334,8
328,11.28,8
329,11.893333333333333,8
330,12.32,8
331,11.92,8
332,11.466666666666667,8
333,12.0,8
334,11.813333333333333,8
335,11.68,8
336,11.52,8
337,10.426666666666666,8
338,11.04,8
339,11.226666666666667,8
340,11.706666666666667,8
341,11.146666666666667,8
342,12.4,8
343,11.626666666666667,8
344,11.573333333333334,8
345,12.453333333333333,8
346,11.466666666666667,8
347,11.973333333333333,8
348,12.453333333333333,8
349,12.133333333333333,8
350,11.92,8
351,11.973333333333333,8
352,11.44,8
353,11.68,8
354,12.133333333333333,8
355,12.56,8
356,11.786666666666667,8
357,11.733333333333333,8
358,11.12,8
359,11.306666666666667,8
360,11.28,8
361,11.866666666666667,8
362,12.48,8
363,11.466666666666667,8
364,11.146666666666667,8
365,10.56,8
366,11.04,8
367,11.466666666666667,8
368,11.093333333333334,8
369,11.093333333333334,8
370,11.493333333333334,8
371,11.173333333333334,8
372,11.226666666666667,8
373,11.946666666666667,8
374,11.76,8
375,12.133333333333333,8
376,12.8,8
377,12.266666666666667,8
378,11.733333333333333,8
379,11.76,8
380,11.84,8
381,12.0,8
382,11.76,8
383,11.92,8
384,11.653333333333334,8
385,11.52,8
386,11.706666666666667,8
387,11.466666666666667,8
388,11.573333333333334,8
389,11.36,8
390,11.626666666666667,8
391,11.68,8
392,11.066666666666666,8
393,11.946666666666667,8
394,11.6,8
395,11.253333333333334,8
396,10.88,8
397,11.76,8
398,11.173333333333334,8
399,11.973333333333333,8
400,11.066666666666666,8
401,11.546666666666667,8
402,11.493333333333334,8
403,12.08,8
404,11.653333333333334,8
405,11.36,8
406,11.04,8
407,11.973333333333333,8
408,10.666666666666666,8
409,10.453333333333333,8
410,10.906666666666666,8
411,11.92,8
412,11.813333333333333,8
413,11.84,8
414,10.72,8
415,10.986666666666666,8
416,11.226666666666667,8
417,11.626666666666667,8
418,11.333333333333334,8
419,12.133333333333333,8
420,12.853333333333333,8
421,12.213333333333333,8
422,12.346666666666666,8
423,12.213333333333333,8
424,12.773333333333333,8
425,11.84,8
426,11.786666666666667,8
427,12.08,8
428,12.293333333333333,8
429,12.133333333333333,8
430,11.626666666666667,8
431,11.12,8
432,10.986666666666666,8
433,11.626666666666667,8
434,11.493333333333334,8
435,10.96,8
436,11.306666666666667,8
437,11.093333333333334,8
438,11.786666666666667,8
439,11.386666666666667,8
440,11.733333333333333,8
441,11.653333333333334,8
442,11.92,8
443,11.253333333333334,8
444,11.093333333333334,8
445,12.08,8
446,10.88,8
447,11.173333333333334,8
448,11.146666666666667,8
449,11.28,8
450,12.0,8
451,12.133333333333333,8
452,11.253333333333334,8
453,12.0,8
454,13.306666666666667,8
455,12.533333333333333,8
456,12.933333333333334,8
457,12.533333333333333,8
458,12.026666666666667,8
459,12.026666666666667,8
460,12.133333333333333,8
461,12.106666666666667,8
462,11.92,8
463,11.973333333333333,8
464,10.906666666666666,8
465,11.146666666666667,4
466,11.12,4
467,10.24,4
468,10.533333333333333,4
469,11.146666666666667,4
470,12.08,4
471,11.413333333333334,4
472,11.28,4
473,11.226666666666667,4
474,11.066666666666666,4
475,10.373333333333333,4
476,9.786666666666667,4
477,9.44,4
478,9.173333333333334,4
479,8.0,4
480,7.36,4
481,8.053333333333333,4
482,7.973333333333334,4
483,8.186666666666667,4
484,8.693333333333333,4
485,7.28,4
486,8.346666666666666,4
487,8.053333333333333,4
488,7.92,4
489,7.333333333333333,4
490,6.746666666666667,4
491,7.093333333333334,4
492,7.626666666666667,4
493,7.36,4
494,7.573333333333333,4
495,8.186666666666667,4
496,7.8933333333333335,4
497,8.293333333333333,4
498,8.026666666666667,4
499,7.28,4
500,7.946666666666666,4
501,7.706666666666667,4
502,8.133333333333333,4
503,7.866666666666666,4
504,8.24,4
505,7.546666666666667,4
506,6.773333333333333,4
507,7.333333333333333,4
508,7.733333333333333,4
509,7.8933333333333335,4
510,7.36,4
511,6.826666666666667,4
512,7.626666666666667,4
513,6.8533333333333335,4
514,7.6,4
515,7.013333333333334,4
516,7.8133333333333335,4
517,7.68,4
518,7.306666666666667,4
519,7.226666666666667,4
520,7.36,4
521,7.653333333333333,4
522,8.053333333333333,4
523,7.52,4
524,7.8133333333333335,4
525,7.733333333333333,4
526,7.04,4
527,7.84,4
528,7.36,4
529,7.066666666666666,4
530,8.026666666666667,4
531,8.293333333333333,4
532,8.213333333333333,4
533,7.6,4
534,7.8133333333333335,4
535,6.986666666666666,4
536,7.786666666666667,4
537,8.266666666666667,4
538,8.453333333333333,4
539,8.213333333333333,4
540,7.493333333333333,4
541,8.053333333333333,4
542,7.973333333333334,4
543,8.053333333333333,4
544,7.68,4
545,7.306666666666667,4
546,6.986666666666666,4
547,7.2,4
548,6.826666666666667,4
549,7.466666666666667,4
550,7.466666666666667,4
551,7.386666666666667,4
552,7.866666666666666,4
553,8.106666666666667,4
554,8.16,4
555,7.6,4
556,7.066666666666666,4
557,7.253333333333333,4
558,7.573333333333333,4
559,7.786666666666667,4
560,8.8,4
561,7.6,4
562,7.84,4
563,8.373333333333333,4
564,7.866666666666666,4
565,7.04,4
566,6.88,4
567,7.6,4
568,8.64,4
569,8.373333333333333,4
570,8.133333333333333,4
571,7.76,4
572,8.24,4
573,9.066666666666666,4
574,7.306666666666667,4
575,8.186666666666667,4
576,8.72,4
577,7.44,4
578,7.76,4
579,7.52,4
580,8.133333333333333,4
581,8.453333333333333,4
582,7.466666666666667,4
583,7.306666666666667,4
584,8.666666666666666,4
585,8.106666666666667,4
586,7.76,4
587,7.013333333333334,4
588,8.426666666666666,4
589,8.373333333333333,4
590,8.8,4
591,7.333333333333333,4
592,7.8933333333333335,4
593,7.066666666666666,4
594,7.493333333333333,4
595,7.786666666666667,4
596,6.906666666666666,4
597,6.693333333333333,4
598,7.36,4
599,7.866666666666666,4
600,7.92,4
601,6.506666666666667,4
602,7.226666666666667,4
603,7.52,4
604,7.76,4
605,7.706666666666667,4
606,7.466666666666667,4
607,8.24,4
608,7.8933333333333335,4
609,8.64,4
610,8.4,4
611,7.973333333333334,4
612,7.546666666666667,4
613,7.386666666666667,4
614,7.493333333333333,4
615,6.826666666666667,4
616,7.8933333333333335,4
617,7.333333333333333,4
618,6.24,4
619,7.6,4
620,7.653333333333333,4
621,7.84,4
622,8.16,4
623,7.333333333333333,4
624,7.36,4
625,7.013333333333334,4
626,6.586666666666667,4
627,7.466666666666667,4
628,8.24,4
629,8.453333333333333,4
630,7.866666666666666,4
631,8.533333333333333,4
632,7.973333333333334,4
633,7.44,4
634,7.413333333333333,4
635,7.44,4
636,7.1466666666666665,4
637,7.92,4
638,7.706666666666667,4
639,8.506666666666666,4
640,8.56,4
641,8.4,4
642,8.213333333333333,4
643,7.706666666666667,4
644,6.72,4
645,7.04,4
646,7.573333333333333,4
647,8.106666666666667,4
648,7.946666666666666,4
649,8.453333333333333,4
650,8.026666666666667,4
651,8.106666666666667,4
652,7.066666666666666,4
653,7.093333333333334,4
654,6.72,4
655,7.386666666666667,4
656,7.306666666666667,4
657,7.386666666666667,4
658,6.986666666666666,4
659,7.386666666666667,4
660,7.013333333333334,4
661,6.826666666666667,4
662,7.52,4
663,7.84,4
664,8.32,4
665,8.213333333333333,4
666,7.92,4
667,7.626666666666667,4
668,7.973333333333334,4
669,8.293333333333333,4
670,7.093333333333334,4
671,7.28,0
