Figure: small_5
File Number: 6
Nodes: 36
Edges: 580
Max Generations: 2000
Population Size: 150
Mutation Rate: 0.01
Colors Used: 8
Runtime: 4.57

Generation,Average Fitness,Best Fitness
0,146.61333333333334,84
1,137.25333333333333,84
2,130.4,84
3,125.44,80
4,122.05333333333333,80
5,118.98666666666666,76
6,116.4,76
7,108.08,64
8,103.06666666666666,60
9,98.05333333333333,60
10,90.53333333333333,52
11,86.34666666666666,52
12,80.10666666666667,44
13,75.68,44
14,71.46666666666667,40
15,65.6,40
16,61.733333333333334,40
17,59.626666666666665,40
18,57.973333333333336,40
19,55.54666666666667,32
20,52.053333333333335,32
21,50.21333333333333,32
22,48.13333333333333,24
23,46.64,24
24,44.77333333333333,24
25,42.586666666666666,24
26,39.973333333333336,24
27,37.54666666666667,24
28,36.053333333333335,24
29,34.29333333333334,24
30,32.88,24
31,32.0,20
32,30.266666666666666,20
33,29.733333333333334,20
34,28.986666666666668,20
35,28.24,20
36,27.6,16
37,26.186666666666667,16
38,25.466666666666665,16
39,25.066666666666666,16
40,25.466666666666665,16
41,24.8,16
42,24.106666666666666,16
43,23.44,16
44,21.946666666666665,16
45,21.52,16
46,21.653333333333332,16
47,21.76,12
48,20.373333333333335,12
49,19.30666666666667,12
50,19.466666666666665,12
51,19.14666666666667,12
52,18.88,12
53,18.266666666666666,12
54,17.093333333333334,12
55,17.12,12
56,18.186666666666667,12
57,18.0,12
58,16.986666666666668,12
59,17.173333333333332,12
60,16.746666666666666,12
61,15.813333333333333,12
62,15.813333333333333,12
63,15.386666666666667,12
64,14.933333333333334,12
65,15.893333333333333,12
66,15.893333333333333,12
67,15.733333333333333,12
68,16.64,12
69,15.706666666666667,12
70,15.84,12
71,15.786666666666667,12
72,15.573333333333334,12
73,14.906666666666666,12
74,15.866666666666667,12
75,14.986666666666666,12
76,14.56,12
77,15.68,12
78,15.84,12
79,15.146666666666667,12
80,14.693333333333333,12
81,16.24,12
82,16.426666666666666,12
83,15.146666666666667,8
84,14.64,8
85,15.226666666666667,8
86,15.626666666666667,8
87,15.36,8
88,15.493333333333334,8
89,14.426666666666666,8
90,14.533333333333333,8
91,13.733333333333333,8
92,14.106666666666667,8
93,13.84,8
94,13.946666666666667,8
95,12.826666666666666,8
96,13.36,8
97,12.906666666666666,8
98,11.973333333333333,8
99,11.36,8
100,11.733333333333333,8
101,11.84,8
102,11.813333333333333,8
103,11.306666666666667,8
104,11.813333333333333,8
105,11.253333333333334,8
106,11.466666666666667,8
107,12.08,8
108,12.053333333333333,8
109,10.64,8
110,11.413333333333334,8
111,11.333333333333334,8
112,10.906666666666666,8
113,10.64,8
114,11.706666666666667,8
115,10.986666666666666,8
116,11.333333333333334,8
117,11.28,8
118,11.866666666666667,8
119,12.0,8
120,11.92,8
121,11.2,8
122,11.68,8
123,11.813333333333333,4
124,11.44,4
125,10.773333333333333,4
126,12.08,4
127,11.253333333333334,4
128,11.84,4
129,11.733333333333333,4
130,12.026666666666667,4
131,11.866666666666667,4
132,12.266666666666667,4
133,11.386666666666667,4
134,10.826666666666666,4
135,10.48,4
136,12.106666666666667,4
137,12.106666666666667,4
138,11.626666666666667,4
139,11.493333333333334,4
140,12.053333333333333,4
141,11.493333333333334,4
142,11.92,4
143,12.106666666666667,4
144,11.84,4
145,11.093333333333334,4
146,11.866666666666667,4
147,11.733333333333333,4
148,11.946666666666667,4
149,11.066666666666666,4
150,10.746666666666666,4
151,9.6,4
152,8.8,4
153,8.56,4
154,8.506666666666666,4
155,8.426666666666666,4
156,9.013333333333334,4
157,8.96,4
158,7.973333333333334,4
159,7.92,4
160,7.973333333333334,4
161,7.386666666666667,4
162,7.04,4
163,8.613333333333333,4
164,8.8,4
165,7.28,4
166,7.253333333333333,4
167,7.066666666666666,4
168,7.68,4
169,8.986666666666666,4
170,8.346666666666666,4
171,7.8133333333333335,4
172,7.6,4
173,8.746666666666666,4
174,8.4,4
175,7.626666666666667,4
176,7.173333333333333,4
177,7.493333333333333,4
178,7.706666666666667,4
179,7.493333333333333,4
180,7.8133333333333335,4
181,9.52,4
182,8.08,4
183,7.68,4
184,8.08,4
185,8.213333333333333,4
186,7.386666666666667,4
187,7.6,4
188,8.08,4
189,7.413333333333333,4
190,6.8533333333333335,4
191,7.8133333333333335,4
192,7.786666666666667,4
193,7.226666666666667,4
194,7.253333333333333,4
195,6.426666666666667,4
196,7.733333333333333,4
197,7.04,4
198,7.253333333333333,4
199,7.946666666666666,4
200,6.826666666666667,4
201,6.64,4
202,7.546666666666667,4
203,7.573333333333333,4
204,7.866666666666666,4
205,7.36,4
206,8.026666666666667,4
207,7.546666666666667,4
208,7.253333333333333,4
209,8.053333333333333,4
210,8.426666666666666,4
211,7.92,4
212,8.533333333333333,4
213,9.04,4
214,8.48,4
215,7.44,4
216,7.493333333333333,4
217,7.386666666666667,4
218,8.133333333333333,4
219,7.253333333333333,4
220,8.213333333333333,4
221,7.52,4
222,8.853333333333333,4
223,8.293333333333333,4
224,7.68,4
225,7.92,4
226,7.6,4
227,8.213333333333333,4
228,7.946666666666666,4
229,7.92,4
230,8.026666666666667,4
231,7.706666666666667,4
232,8.16,4
233,7.6,4
234,7.013333333333334,4
235,7.253333333333333,4
236,7.52,4
237,7.706666666666667,4
238,7.093333333333334,4
239,6.8,4
240,7.1466666666666665,4
241,7.84,4
242,8.08,4
243,7.1466666666666665,4
244,7.093333333333334,4
245,7.12,4
246,7.653333333333333,4
247,8.213333333333333,4
248,8.72,4
249,7.52,4
250,7.173333333333333,4
251,7.173333333333333,4
252,7.093333333333334,4
253,7.093333333333334,4
254,7.573333333333333,4
255,7.226666666666667,4
256,7.546666666666667,4
257,7.84,4
258,7.013333333333334,4
259,7.6,4
260,8.186666666666667,4
261,7.493333333333333,4
262,7.8933333333333335,4
263,8.053333333333333,4
264,7.28,4
265,8.026666666666667,4
266,8.133333333333333,4
267,7.493333333333333,4
268,7.493333333333333,4
269,7.786666666666667,4
270,7.786666666666667,4
271,6.746666666666667,4
272,7.013333333333334,4
273,7.36,4
274,7.626666666666667,4
275,7.306666666666667,4
276,7.866666666666666,4
277,7.333333333333333,4
278,7.066666666666666,4
279,7.84,4
280,8.506666666666666,4
281,7.44,4
282,7.92,4
283,7.173333333333333,4
284,7.386666666666667,4
285,7.946666666666666,4
286,7.226666666666667,4
287,7.733333333333333,4
288,7.8933333333333335,4
289,7.626666666666667,4
290,7.786666666666667,4
291,7.76,4
292,7.386666666666667,4
293,7.333333333333333,4
294,8.346666666666666,4
295,7.68,4
296,7.2,4
297,6.826666666666667,4
298,8.346666666666666,4
299,7.76,4
300,7.1466666666666665,4
301,6.293333333333333,4
302,6.96,4
303,7.573333333333333,4
304,7.333333333333333,4
305,7.386666666666667,4
306,7.306666666666667,4
307,8.133333333333333,4
308,7.1466666666666665,4
309,7.866666666666666,4
310,7.706666666666667,4
311,8.32,4
312,7.546666666666667,4
313,7.786666666666667,4
314,7.2,4
315,8.773333333333333,4
316,8.72,4
317,8.64,4
318,8.613333333333333,4
319,7.386666666666667,4
320,7.1466666666666665,4
321,6.906666666666666,4
322,7.653333333333333,4
323,8.106666666666667,4
324,7.626666666666667,4
325,8.0,4
326,8.026666666666667,4
327,7.573333333333333,4
328,6.906666666666666,4
329,7.946666666666666,4
330,8.32,4
331,8.32,4
332,7.493333333333333,4
333,8.4,4
334,7.52,4
335,7.733333333333333,4
336,7.68,4
337,8.506666666666666,4
338,8.08,4
339,8.453333333333333,4
340,7.226666666666667,4
341,7.84,4
342,8.16,4
343,7.84,4
344,8.106666666666667,4
345,8.586666666666666,4
346,7.626666666666667,4
347,7.76,4
348,7.84,4
349,8.8,4
350,9.226666666666667,4
351,7.8933333333333335,4
352,7.52,4
353,7.333333333333333,4
354,8.453333333333333,4
355,7.866666666666666,4
356,8.16,4
357,8.266666666666667,4
358,8.0,4
359,7.68,4
360,7.226666666666667,4
361,7.1466666666666665,4
362,7.093333333333334,4
363,7.413333333333333,4
364,8.213333333333333,4
365,8.133333333333333,4
366,8.373333333333333,4
367,8.16,4
368,7.706666666666667,4
369,7.8133333333333335,4
370,8.0,4
371,7.333333333333333,4
372,7.733333333333333,4
373,8.08,4
374,6.613333333333333,4
375,6.666666666666667,4
376,7.733333333333333,4
377,8.266666666666667,4
378,7.653333333333333,4
379,8.133333333333333,4
380,8.266666666666667,4
381,7.306666666666667,4
382,7.6,4
383,7.626666666666667,4
384,7.573333333333333,4
385,8.506666666666666,4
386,7.253333333333333,4
387,7.92,4
388,8.053333333333333,4
389,8.266666666666667,4
390,7.493333333333333,4
391,7.6,4
392,8.026666666666667,4
393,8.266666666666667,4
394,7.84,4
395,8.026666666666667,4
396,7.226666666666667,4
397,7.333333333333333,4
398,7.573333333333333,4
399,7.333333333333333,4
400,7.653333333333333,4
401,8.053333333333333,4
402,6.88,4
403,8.08,4
404,7.626666666666667,4
405,7.706666666666667,4
406,7.173333333333333,4
407,8.026666666666667,4
408,7.84,4
409,7.946666666666666,4
410,7.68,4
411,7.546666666666667,4
412,7.546666666666667,4
413,7.866666666666666,4
414,8.0,4
415,7.546666666666667,4
416,7.28,4
417,7.226666666666667,4
418,7.386666666666667,4
419,7.493333333333333,4
420,7.8133333333333335,4
421,7.546666666666667,4
422,7.28,4
423,7.8133333333333335,4
424,7.413333333333333,4
425,7.44,4
426,7.333333333333333,4
427,6.986666666666666,4
428,7.413333333333333,4
429,7.36,4
430,6.506666666666667,4
431,7.28,4
432,6.933333333333334,4
433,7.653333333333333,4
434,7.52,4
435,6.906666666666666,4
436,7.973333333333334,4
437,7.12,4
438,7.12,4
439,7.12,4
440,7.653333333333333,4
441,7.8933333333333335,4
442,8.24,4
443,7.6,4
444,8.026666666666667,4
445,8.533333333333333,4
446,7.973333333333334,4
447,8.026666666666667,4
448,7.493333333333333,4
449,6.693333333333333,4
450,7.253333333333333,4
451,7.76,4
452,8.213333333333333,4
453,8.453333333333333,4
454,7.013333333333334,4
455,7.12,4
456,8.4,4
457,7.52,4
458,7.573333333333333,4
459,7.946666666666666,4
460,7.68,4
461,7.52,4
462,7.546666666666667,4
463,7.8933333333333335,4
464,7.333333333333333,4
465,7.44,4
466,7.333333333333333,4
467,7.546666666666667,4
468,6.933333333333334,4
469,7.013333333333334,4
470,7.413333333333333,4
471,7.52,4
472,8.266666666666667,4
473,7.6,4
474,7.173333333333333,4
475,7.573333333333333,4
476,7.52,4
477,7.306666666666667,4
478,7.36,4
479,7.92,4
480,7.733333333333333,4
481,8.133333333333333,4
482,8.0,4
483,6.906666666666666,4
484,7.92,4
485,7.386666666666667,4
486,6.693333333333333,4
487,7.706666666666667,4
488,6.986666666666666,4
489,7.973333333333334,4
490,7.04,4
491,7.733333333333333,4
492,7.36,4
493,8.186666666666667,4
494,7.12,4
495,7.28,4
496,7.386666666666667,4
497,7.733333333333333,4
498,7.653333333333333,4
499,7.28,4
500,7.253333333333333,4
501,7.12,4
502,7.44,4
503,8.346666666666666,4
504,7.8933333333333335,4
505,7.786666666666667,4
506,8.346666666666666,4
507,8.453333333333333,4
508,7.306666666666667,4
509,6.906666666666666,4
510,7.946666666666666,4
511,8.213333333333333,4
512,7.333333333333333,4
513,7.8133333333333335,4
514,8.4,4
515,8.0,4
516,7.226666666666667,4
517,7.68,4
518,8.373333333333333,4
519,7.866666666666666,4
520,7.333333333333333,4
521,7.573333333333333,4
522,8.64,4
523,8.373333333333333,4
524,7.786666666666667,4
525,7.52,4
526,7.946666666666666,4
527,8.586666666666666,4
528,8.613333333333333,4
529,8.8,4
530,8.613333333333333,4
531,7.92,4
532,6.8533333333333335,4
533,7.573333333333333,4
534,7.706666666666667,4
535,7.1466666666666665,4
536,7.306666666666667,4
537,7.2,4
538,7.653333333333333,4
539,7.6,4
540,7.413333333333333,4
541,7.36,4
542,7.253333333333333,4
543,6.933333333333334,4
544,7.1466666666666665,4
545,7.626666666666667,4
546,7.573333333333333,4
547,7.253333333333333,4
548,7.466666666666667,4
549,7.466666666666667,4
550,7.013333333333334,4
551,7.706666666666667,4
552,7.68,4
553,7.84,4
554,7.52,4
555,7.253333333333333,4
556,7.973333333333334,4
557,8.213333333333333,4
558,7.6,4
559,7.706666666666667,4
560,8.853333333333333,4
561,9.493333333333334,4
562,7.466666666666667,4
563,7.36,4
564,7.84,4
565,7.92,4
566,7.226666666666667,4
567,7.653333333333333,4
568,7.626666666666667,4
569,7.68,4
570,7.84,4
571,8.24,4
572,7.28,4
573,8.266666666666667,4
574,8.346666666666666,4
575,9.066666666666666,4
576,8.773333333333333,4
577,8.16,4
578,8.08,4
579,6.666666666666667,4
580,7.253333333333333,4
581,7.68,4
582,8.533333333333333,4
583,7.626666666666667,4
584,8.693333333333333,4
585,8.133333333333333,4
586,8.853333333333333,4
587,8.48,4
588,8.373333333333333,4
589,8.4,4
590,8.24,4
591,7.653333333333333,4
592,7.04,4
593,7.253333333333333,4
594,7.093333333333334,4
595,8.213333333333333,4
596,8.56,4
597,7.68,4
598,7.52,4
599,7.546666666666667,4
600,7.333333333333333,4
601,8.106666666666667,4
602,7.8133333333333335,4
603,7.44,4
604,7.866666666666666,4
605,7.333333333333333,4
606,7.36,4
607,7.733333333333333,4
608,7.466666666666667,4
609,7.093333333333334,4
610,7.84,4
611,7.466666666666667,4
612,7.36,4
613,7.786666666666667,4
614,7.706666666666667,4
615,7.493333333333333,4
616,8.053333333333333,4
617,8.16,4
618,8.426666666666666,4
619,8.48,4
620,7.653333333333333,4
621,7.946666666666666,4
622,7.76,4
623,7.413333333333333,4
624,7.706666666666667,4
625,7.8933333333333335,4
626,7.8133333333333335,4
627,8.133333333333333,4
628,7.706666666666667,4
629,7.386666666666667,4
630,7.306666666666667,4
631,7.013333333333334,4
632,7.333333333333333,4
633,8.48,4
634,8.213333333333333,4
635,8.8,4
636,8.16,4
637,8.453333333333333,4
638,8.48,4
639,8.48,4
640,8.346666666666666,4
641,7.92,4
642,7.466666666666667,4
643,7.973333333333334,4
644,7.8933333333333335,4
645,8.773333333333333,4
646,8.186666666666667,4
647,7.36,4
648,7.333333333333333,4
649,8.053333333333333,4
650,7.786666666666667,4
651,7.253333333333333,4
652,6.96,4
653,7.626666666666667,4
654,7.04,4
655,6.8,4
656,8.186666666666667,4
657,7.44,4
658,6.693333333333333,4
659,6.933333333333334,4
660,7.733333333333333,4
661,7.866666666666666,4
662,8.613333333333333,4
663,8.693333333333333,4
664,8.133333333333333,4
665,8.426666666666666,4
666,7.386666666666667,4
667,7.1466666666666665,4
668,7.6,4
669,7.36,4
670,7.466666666666667,4
671,7.333333333333333,4
672,7.8933333333333335,4
673,7.8933333333333335,4
674,7.706666666666667,4
675,7.1466666666666665,4
676,7.333333333333333,4
677,8.053333333333333,4
678,8.213333333333333,4
679,8.906666666666666,4
680,8.906666666666666,4
681,8.0,4
682,9.306666666666667,4
683,8.426666666666666,4
684,8.16,4
685,7.786666666666667,4
686,8.4,4
687,8.346666666666666,4
688,8.266666666666667,4
689,8.666666666666666,4
690,8.106666666666667,4
691,8.4,4
692,8.32,4
693,7.8933333333333335,4
694,8.08,4
695,7.253333333333333,4
696,7.706666666666667,4
697,8.08,4
698,7.8933333333333335,4
699,7.8933333333333335,4
700,8.72,4
701,8.053333333333333,4
702,7.733333333333333,4
703,7.946666666666666,4
704,7.733333333333333,4
705,7.653333333333333,4
706,7.786666666666667,4
707,8.213333333333333,4
708,7.493333333333333,4
709,7.226666666666667,4
710,8.08,4
711,7.573333333333333,4
712,8.88,4
713,7.653333333333333,4
714,8.133333333333333,4
715,7.36,4
716,7.52,4
717,8.213333333333333,4
718,8.266666666666667,4
719,7.386666666666667,4
720,7.333333333333333,4
721,7.973333333333334,4
722,7.306666666666667,4
723,7.226666666666667,4
724,7.44,4
725,7.013333333333334,4
726,7.866666666666666,4
727,7.76,4
728,6.666666666666667,4
729,7.546666666666667,4
730,8.266666666666667,4
731,7.946666666666666,4
732,8.746666666666666,4
733,7.84,4
734,8.213333333333333,4
735,7.8933333333333335,4
736,6.693333333333333,4
737,6.746666666666667,4
738,8.053333333333333,4
739,7.28,4
740,8.133333333333333,4
741,7.626666666666667,4
742,7.92,4
743,8.586666666666666,4
744,8.08,4
745,9.146666666666667,4
746,7.76,4
747,7.8933333333333335,4
748,7.306666666666667,4
749,7.253333333333333,4
750,7.546666666666667,4
751,7.44,4
752,7.973333333333334,4
753,7.066666666666666,4
754,7.36,4
755,6.72,4
756,7.866666666666666,4
757,8.453333333333333,4
758,8.026666666666667,4
759,7.226666666666667,4
760,8.48,4
761,8.24,4
762,8.133333333333333,4
763,7.52,4
764,7.733333333333333,4
765,7.84,4
766,7.573333333333333,4
767,7.8933333333333335,4
768,7.626666666666667,4
769,7.1466666666666665,4
770,7.066666666666666,4
771,7.786666666666667,4
772,7.52,4
773,7.52,4
774,7.546666666666667,4
775,7.706666666666667,4
776,7.44,4
777,7.733333333333333,4
778,7.013333333333334,4
779,7.173333333333333,4
780,7.493333333333333,4
781,6.8533333333333335,4
782,7.253333333333333,4
783,8.613333333333333,4
784,7.973333333333334,4
785,7.946666666666666,4
786,7.6,4
787,7.1466666666666665,4
788,7.8933333333333335,4
789,7.093333333333334,4
790,7.706666666666667,4
791,8.026666666666667,4
792,8.56,4
793,8.426666666666666,4
794,7.8133333333333335,4
795,8.24,4
796,8.64,4
797,8.186666666666667,4
798,8.106666666666667,4
799,7.386666666666667,4
800,7.44,4
801,7.333333333333333,4
802,8.106666666666667,4
803,8.613333333333333,4
804,7.306666666666667,4
805,7.733333333333333,4
806,7.493333333333333,4
807,7.493333333333333,4
808,8.026666666666667,4
809,8.346666666666666,4
810,7.946666666666666,4
811,8.293333333333333,4
812,8.186666666666667,4
813,7.8933333333333335,4
814,7.44,4
815,7.466666666666667,4
816,7.28,4
817,8.773333333333333,4
818,7.066666666666666,4
819,8.186666666666667,4
820,8.0,4
821,8.693333333333333,4
822,9.04,4
823,8.213333333333333,4
824,7.44,4
825,7.226666666666667,4
826,6.906666666666666,4
827,7.253333333333333,4
828,7.306666666666667,4
829,7.546666666666667,4
830,8.373333333333333,4
831,7.8933333333333335,4
832,8.24,4
833,7.493333333333333,4
834,8.186666666666667,4
835,8.346666666666666,4
836,7.68,4
837,7.626666666666667,4
838,8.4,4
839,8.106666666666667,4
840,8.24,4
841,8.08,4
842,7.413333333333333,4
843,7.173333333333333,4
844,7.626666666666667,4
845,7.973333333333334,4
846,8.106666666666667,4
847,7.84,4
848,7.76,4
849,6.8,4
850,7.2,4
851,7.1466666666666665,4
852,7.733333333333333,4
853,7.733333333333333,4
854,8.0,4
855,7.84,4
856,8.0,4
857,8.186666666666667,4
858,8.053333333333333,4
859,8.346666666666666,4
860,7.733333333333333,4
861,7.546666666666667,4
862,8.0,4
863,8.96,4
864,8.293333333333333,4
865,7.706666666666667,4
866,7.253333333333333,4
867,7.973333333333334,4
868,7.36,4
869,6.72,4
870,8.426666666666666,4
871,8.16,4
872,7.8933333333333335,4
873,8.426666666666666,4
874,7.1466666666666665,4
875,7.8933333333333335,4
876,7.68,4
877,8.533333333333333,4
878,9.146666666666667,4
879,9.626666666666667,4
880,8.133333333333333,4
881,8.106666666666667,4
882,7.946666666666666,4
883,7.733333333333333,4
884,7.493333333333333,4
885,7.973333333333334,4
886,8.053333333333333,4
887,7.6,4
888,8.0,4
889,7.253333333333333,4
890,8.106666666666667,4
891,7.52,4
892,8.24,4
893,7.8933333333333335,4
894,8.186666666666667,4
895,7.786666666666667,4
896,7.573333333333333,4
897,8.56,4
898,8.88,4
899,7.76,4
900,7.04,4
901,8.64,4
902,7.76,4
903,7.466666666666667,4
904,7.8133333333333335,4
905,7.226666666666667,4
906,7.226666666666667,4
907,7.92,4
908,7.333333333333333,4
909,7.093333333333334,4
910,6.746666666666667,4
911,7.466666666666667,4
912,7.36,4
913,7.386666666666667,4
914,8.0,4
915,7.52,4
916,7.226666666666667,4
917,7.866666666666666,4
918,7.84,4
919,7.413333333333333,4
920,7.013333333333334,4
921,7.466666666666667,4
922,8.4,4
923,8.506666666666666,4
924,7.706666666666667,4
925,7.68,4
926,8.0,4
927,8.186666666666667,4
928,8.16,4
929,7.573333333333333,4
930,7.306666666666667,4
931,7.093333333333334,4
932,7.653333333333333,4
933,8.613333333333333,4
934,8.16,4
935,8.293333333333333,4
936,8.32,4
937,7.68,4
938,7.12,4
939,6.72,4
940,7.2,4
941,8.026666666666667,4
942,7.013333333333334,4
943,7.8133333333333335,4
944,7.786666666666667,4
945,7.706666666666667,4
946,7.706666666666667,4
947,7.173333333333333,4
948,6.346666666666667,4
949,7.493333333333333,4
950,8.0,4
951,8.133333333333333,4
952,8.64,4
953,8.373333333333333,4
954,8.64,4
955,7.8133333333333335,4
956,7.733333333333333,4
957,8.533333333333333,4
958,8.293333333333333,4
959,7.573333333333333,4
960,8.026666666666667,4
961,7.92,4
962,7.6,4
963,7.36,4
964,7.786666666666667,4
965,8.586666666666666,4
966,8.293333333333333,4
967,7.786666666666667,4
968,7.36,4
969,8.64,4
970,8.106666666666667,4
971,7.866666666666666,4
972,7.653333333333333,4
973,7.76,4
974,7.8133333333333335,4
975,6.64,4
976,6.8533333333333335,4
977,6.746666666666667,4
978,7.8933333333333335,4
979,7.866666666666666,4
980,8.666666666666666,4
981,8.453333333333333,4
982,8.213333333333333,4
983,8.56,4
984,7.84,4
985,7.946666666666666,4
986,6.48,4
987,7.386666666666667,4
988,7.786666666666667,4
989,8.106666666666667,4
990,7.786666666666667,4
991,7.8933333333333335,4
992,9.706666666666667,4
993,8.666666666666666,4
994,8.48,4
995,7.573333333333333,4
996,7.84,4
997,7.946666666666666,4
998,7.333333333333333,4
999,7.68,4
1000,7.8133333333333335,4
1001,8.426666666666666,4
1002,8.24,4
1003,8.586666666666666,4
1004,7.573333333333333,4
1005,7.973333333333334,4
1006,8.106666666666667,4
1007,8.106666666666667,4
1008,7.76,4
1009,8.16,4
1010,8.586666666666666,4
1011,8.053333333333333,4
1012,8.346666666666666,4
1013,7.84,4
1014,7.626666666666667,4
1015,7.786666666666667,4
1016,8.72,4
1017,7.76,4
1018,8.506666666666666,4
1019,7.466666666666667,4
1020,8.106666666666667,4
1021,7.653333333333333,4
1022,7.44,4
1023,7.52,4
1024,7.8133333333333335,4
1025,7.36,4
1026,7.84,4
1027,7.28,4
1028,8.373333333333333,4
1029,8.506666666666666,4
1030,8.773333333333333,4
1031,8.426666666666666,4
1032,8.186666666666667,4
1033,9.093333333333334,4
1034,8.08,4
1035,7.76,4
1036,7.28,4
1037,6.8,4
1038,7.493333333333333,4
1039,7.36,4
1040,8.293333333333333,4
1041,8.213333333333333,4
1042,7.12,4
1043,7.653333333333333,4
1044,8.053333333333333,4
1045,8.293333333333333,4
1046,8.133333333333333,4
1047,7.973333333333334,4
1048,7.8933333333333335,4
1049,7.8133333333333335,4
1050,7.546666666666667,4
1051,7.1466666666666665,4
1052,7.733333333333333,4
1053,8.266666666666667,4
1054,7.92,4
1055,7.306666666666667,4
1056,7.493333333333333,4
1057,8.08,4
1058,8.4,4
1059,7.8133333333333335,4
1060,7.1466666666666665,4
1061,7.253333333333333,4
1062,7.226666666666667,4
1063,8.08,4
1064,8.32,4
1065,7.04,4
1066,7.92,4
1067,7.626666666666667,4
1068,8.16,4
1069,7.333333333333333,4
1070,7.013333333333334,4
1071,7.1466666666666665,4
1072,7.466666666666667,4
1073,7.333333333333333,4
1074,9.333333333333334,4
1075,8.346666666666666,4
1076,7.173333333333333,4
1077,7.546666666666667,4
1078,7.546666666666667,4
1079,8.88,4
1080,8.773333333333333,4
1081,8.346666666666666,4
1082,7.8133333333333335,4
1083,6.986666666666666,4
1084,7.546666666666667,4
1085,7.8133333333333335,4
1086,8.293333333333333,4
1087,8.56,4
1088,7.44,4
1089,7.706666666666667,4
1090,7.013333333333334,4
1091,7.573333333333333,4
1092,7.706666666666667,4
1093,8.64,4
1094,9.146666666666667,4
1095,9.44,4
1096,8.64,4
1097,8.133333333333333,4
1098,8.373333333333333,4
1099,9.36,4
1100,8.693333333333333,4
1101,8.373333333333333,4
1102,7.8933333333333335,4
1103,8.773333333333333,4
1104,8.186666666666667,4
1105,7.413333333333333,4
1106,7.76,4
1107,8.026666666666667,4
1108,7.92,4
1109,7.653333333333333,4
1110,8.026666666666667,4
1111,8.213333333333333,4
1112,6.88,4
1113,6.88,4
1114,7.093333333333334,4
1115,7.653333333333333,4
1116,7.8933333333333335,4
1117,8.0,4
1118,9.28,4
1119,8.853333333333333,4
1120,8.533333333333333,4
1121,7.8133333333333335,4
1122,7.946666666666666,4
1123,7.786666666666667,4
1124,7.386666666666667,4
1125,7.44,4
1126,8.0,4
1127,8.32,4
1128,8.32,4
1129,8.4,4
1130,7.84,4
1131,7.546666666666667,4
1132,7.68,4
1133,7.466666666666667,4
1134,8.053333333333333,4
1135,8.506666666666666,4
1136,7.786666666666667,4
1137,8.24,4
1138,7.973333333333334,4
1139,7.866666666666666,4
1140,8.186666666666667,4
1141,8.986666666666666,4
1142,8.693333333333333,4
1143,8.746666666666666,4
1144,8.026666666666667,4
1145,7.786666666666667,4
1146,8.266666666666667,4
1147,8.24,4
1148,8.24,4
1149,8.106666666666667,4
1150,7.12,4
1151,7.866666666666666,4
1152,8.0,4
1153,7.92,4
1154,7.333333333333333,4
1155,7.226666666666667,4
1156,7.76,4
1157,7.8933333333333335,4
1158,8.186666666666667,4
1159,7.786666666666667,4
1160,8.213333333333333,4
1161,7.946666666666666,4
1162,7.546666666666667,4
1163,7.466666666666667,4
1164,8.16,4
1165,8.853333333333333,4
1166,6.586666666666667,4
1167,7.12,4
1168,7.573333333333333,4
1169,6.96,4
1170,7.28,4
1171,7.733333333333333,4
1172,7.333333333333333,4
1173,7.84,4
1174,7.04,4
1175,7.973333333333334,4
1176,8.933333333333334,4
1177,7.8933333333333335,4
1178,8.213333333333333,4
1179,7.786666666666667,4
1180,7.52,4
1181,7.733333333333333,4
1182,7.466666666666667,4
1183,7.466666666666667,4
1184,7.626666666666667,4
1185,8.453333333333333,4
1186,8.346666666666666,4
1187,7.866666666666666,4
1188,8.266666666666667,4
1189,7.546666666666667,4
1190,7.733333333333333,4
1191,8.453333333333333,4
1192,8.986666666666666,4
1193,9.2,4
1194,9.04,4
1195,9.146666666666667,4
1196,7.8933333333333335,4
1197,6.693333333333333,4
1198,6.666666666666667,4
1199,7.413333333333333,4
1200,8.186666666666667,4
1201,7.946666666666666,4
1202,6.986666666666666,4
1203,7.466666666666667,4
1204,7.466666666666667,4
1205,7.52,4
1206,8.426666666666666,4
1207,8.8,4
1208,8.4,4
1209,8.053333333333333,4
1210,7.013333333333334,4
1211,7.226666666666667,4
1212,7.76,4
1213,7.226666666666667,4
1214,8.32,4
1215,8.72,4
1216,9.36,4
1217,9.28,4
1218,8.186666666666667,4
1219,7.786666666666667,4
1220,7.44,4
1221,8.0,4
1222,8.213333333333333,4
1223,8.346666666666666,4
1224,7.973333333333334,0
