Figure: small_5
File Number: 74
Nodes: 36
Edges: 580
Max Generations: 2000
Population Size: 150
Mutation Rate: 0.01
Colors Used: 8
Runtime: 4.43

Generation,Average Fitness,Best Fitness
0,144.85333333333332,104
1,136.98666666666668,104
2,131.94666666666666,100
3,127.22666666666667,76
4,125.36,76
5,123.14666666666666,76
6,119.12,76
7,116.8,72
8,114.48,72
9,112.90666666666667,72
10,111.28,68
11,109.62666666666667,68
12,108.08,68
13,106.21333333333334,68
14,104.10666666666667,68
15,104.50666666666666,64
16,103.22666666666667,64
17,98.98666666666666,64
18,94.13333333333334,64
19,87.49333333333334,64
20,85.57333333333334,64
21,85.36,64
22,83.33333333333333,60
23,78.85333333333334,56
24,76.61333333333333,52
25,74.74666666666667,52
26,71.97333333333333,52
27,69.89333333333333,48
28,66.58666666666667,48
29,62.61333333333334,44
30,61.44,40
31,58.45333333333333,40
32,56.48,36
33,52.53333333333333,36
34,51.17333333333333,36
35,48.82666666666667,32
36,46.96,32
37,45.46666666666667,32
38,43.57333333333333,28
39,42.77333333333333,28
40,40.906666666666666,28
41,39.76,28
42,36.96,28
43,35.973333333333336,28
44,36.10666666666667,28
45,34.56,28
46,34.18666666666667,28
47,33.46666666666667,24
48,32.88,24
49,31.466666666666665,24
50,31.626666666666665,24
51,30.72,24
52,30.8,24
53,30.85333333333333,24
54,30.213333333333335,20
55,29.626666666666665,20
56,29.973333333333333,20
57,28.85333333333333,20
58,28.186666666666667,20
59,28.613333333333333,20
60,27.226666666666667,20
61,26.933333333333334,20
62,25.573333333333334,16
63,25.733333333333334,16
64,24.8,16
65,23.68,16
66,23.04,16
67,22.746666666666666,16
68,24.0,16
69,22.96,16
70,23.52,16
71,22.96,16
72,23.493333333333332,16
73,23.04,16
74,22.72,16
75,22.0,12
76,21.653333333333332,12
77,21.28,12
78,20.373333333333335,12
79,19.413333333333334,8
80,18.72,8
81,18.88,8
82,18.426666666666666,8
83,18.106666666666666,8
84,16.933333333333334,8
85,16.4,8
86,14.64,8
87,14.506666666666666,8
88,14.853333333333333,8
89,14.24,8
90,14.026666666666667,8
91,12.933333333333334,8
92,12.746666666666666,8
93,11.786666666666667,8
94,11.413333333333334,8
95,11.493333333333334,8
96,12.293333333333333,8
97,11.52,8
98,12.213333333333333,8
99,12.426666666666666,8
100,11.226666666666667,8
101,11.146666666666667,8
102,11.173333333333334,8
103,11.6,8
104,11.253333333333334,8
105,11.573333333333334,8
106,11.44,8
107,12.64,8
108,11.706666666666667,8
109,11.733333333333333,8
110,11.973333333333333,8
111,12.16,8
112,11.626666666666667,8
113,11.893333333333333,8
114,11.893333333333333,8
115,12.48,8
116,12.0,8
117,12.133333333333333,8
118,11.626666666666667,8
119,11.52,8
120,11.493333333333334,8
121,11.44,8
122,11.866666666666667,8
123,11.2,8
124,11.44,8
125,11.013333333333334,8
126,11.173333333333334,8
127,12.586666666666666,8
128,10.426666666666666,8
129,11.04,8
130,10.933333333333334,8
131,11.173333333333334,8
132,12.133333333333333,8
133,11.066666666666666,8
134,11.386666666666667,8
135,10.56,8
136,11.066666666666666,8
137,10.773333333333333,8
138,11.546666666666667,8
139,12.053333333333333,8
140,11.253333333333334,8
141,10.933333333333334,8
142,11.6,8
143,12.346666666666666,8
144,12.16,8
145,12.32,8
146,10.853333333333333,8
147,12.08,8
148,12.533333333333333,8
149,12.986666666666666,8
150,11.226666666666667,8
151,11.786666666666667,8
152,11.946666666666667,8
153,11.84,8
154,11.2,8
155,11.413333333333334,8
156,11.44,8
157,11.76,8
158,12.613333333333333,8
159,12.266666666666667,8
160,12.693333333333333,8
161,12.986666666666666,8
162,12.693333333333333,8
163,12.933333333333334,8
164,12.506666666666666,8
165,11.466666666666667,8
166,11.92,8
167,11.813333333333333,8
168,11.68,8
169,11.76,8
170,10.773333333333333,8
171,11.466666666666667,8
172,11.706666666666667,8
173,12.666666666666666,8
174,12.026666666666667,8
175,11.653333333333334,8
176,11.52,8
177,11.6,8
178,12.24,8
179,10.72,8
180,11.04,8
181,11.653333333333334,8
182,11.306666666666667,8
183,10.32,8
184,11.466666666666667,8
185,11.626666666666667,8
186,12.16,8
187,12.24,8
188,12.213333333333333,8
189,12.106666666666667,8
190,12.186666666666667,8
191,12.586666666666666,8
192,11.92,8
193,11.2,8
194,11.386666666666667,8
195,11.226666666666667,8
196,11.946666666666667,8
197,11.973333333333333,8
198,12.026666666666667,8
199,11.013333333333334,8
200,11.52,8
201,11.146666666666667,8
202,11.493333333333334,8
203,11.813333333333333,8
204,10.8,8
205,10.48,8
206,11.733333333333333,8
207,11.92,8
208,12.026666666666667,8
209,11.786666666666667,8
210,11.52,8
211,12.053333333333333,8
212,12.186666666666667,8
213,11.306666666666667,8
214,11.28,8
215,12.453333333333333,8
216,11.28,8
217,11.546666666666667,8
218,11.653333333333334,8
219,10.933333333333334,8
220,12.106666666666667,8
221,12.293333333333333,8
222,11.52,8
223,11.733333333333333,8
224,11.626666666666667,8
225,12.026666666666667,8
226,12.026666666666667,8
227,12.266666666666667,8
228,11.973333333333333,8
229,11.52,8
230,11.626666666666667,8
231,11.733333333333333,8
232,11.653333333333334,8
233,11.973333333333333,8
234,11.733333333333333,8
235,12.346666666666666,8
236,12.186666666666667,8
237,12.16,8
238,12.293333333333333,8
239,11.813333333333333,8
240,11.2,8
241,11.92,8
242,11.626666666666667,8
243,10.506666666666666,8
244,10.613333333333333,8
245,11.04,8
246,11.413333333333334,8
247,11.333333333333334,8
248,10.906666666666666,8
249,10.88,8
250,10.773333333333333,8
251,11.413333333333334,8
252,11.546666666666667,8
253,12.16,8
254,11.12,8
255,11.84,8
256,12.026666666666667,8
257,11.493333333333334,8
258,11.786666666666667,8
259,11.813333333333333,8
260,11.466666666666667,8
261,11.28,8
262,10.853333333333333,8
263,11.706666666666667,8
264,11.253333333333334,8
265,11.253333333333334,8
266,11.306666666666667,8
267,11.12,8
268,12.133333333333333,8
269,12.026666666666667,8
270,11.36,8
271,11.493333333333334,8
272,11.76,8
273,11.386666666666667,8
274,12.4,8
275,12.0,8
276,12.293333333333333,8
277,12.186666666666667,8
278,12.8,8
279,12.186666666666667,8
280,12.0,8
281,11.413333333333334,8
282,11.12,8
283,10.96,8
284,11.28,8
285,11.226666666666667,8
286,11.04,8
287,11.173333333333334,8
288,11.413333333333334,8
289,11.92,8
290,11.52,8
291,12.053333333333333,8
292,12.32,8
293,12.88,8
294,12.293333333333333,8
295,11.333333333333334,8
296,11.36,8
297,11.173333333333334,8
298,11.28,8
299,12.16,4
300,11.546666666666667,4
301,11.226666666666667,4
302,10.746666666666666,4
303,10.213333333333333,4
304,10.746666666666666,4
305,10.16,4
306,9.706666666666667,4
307,10.24,4
308,8.933333333333334,4
309,8.16,4
310,8.4,4
311,8.293333333333333,4
312,7.626666666666667,4
313,6.666666666666667,4
314,7.04,4
315,7.066666666666666,4
316,6.666666666666667,4
317,7.8133333333333335,4
318,7.04,4
319,7.626666666666667,4
320,6.666666666666667,4
321,7.306666666666667,4
322,7.973333333333334,4
323,8.0,4
324,7.226666666666667,4
325,6.64,4
326,8.053333333333333,4
327,8.533333333333333,4
328,8.32,4
329,7.6,4
330,7.76,4
331,6.986666666666666,4
332,8.106666666666667,4
333,7.28,4
334,7.8933333333333335,4
335,7.44,4
336,6.773333333333333,4
337,7.093333333333334,4
338,7.706666666666667,4
339,7.44,4
340,7.493333333333333,4
341,8.16,4
342,8.266666666666667,4
343,7.52,4
344,6.8533333333333335,4
345,8.32,4
346,8.266666666666667,4
347,7.626666666666667,4
348,6.613333333333333,4
349,7.626666666666667,4
350,7.6,4
351,8.373333333333333,4
352,8.106666666666667,4
353,7.626666666666667,4
354,7.973333333333334,4
355,7.68,4
356,8.026666666666667,4
357,7.733333333333333,4
358,8.026666666666667,4
359,8.186666666666667,4
360,8.32,4
361,8.133333333333333,4
362,7.626666666666667,4
363,6.933333333333334,4
364,6.693333333333333,4
365,7.1466666666666665,4
366,7.8133333333333335,4
367,7.52,4
368,8.106666666666667,4
369,8.906666666666666,4
370,8.506666666666666,4
371,7.2,4
372,7.413333333333333,4
373,7.706666666666667,4
374,7.413333333333333,4
375,8.426666666666666,4
376,7.76,4
377,7.786666666666667,4
378,8.213333333333333,4
379,7.173333333333333,4
380,7.066666666666666,4
381,7.653333333333333,4
382,8.08,4
383,8.0,4
384,9.306666666666667,4
385,8.48,4
386,8.08,4
387,7.8133333333333335,4
388,7.12,4
389,8.0,4
390,7.626666666666667,4
391,8.133333333333333,4
392,7.76,4
393,8.0,4
394,8.053333333333333,4
395,7.52,4
396,7.466666666666667,4
397,7.013333333333334,4
398,7.6,4
399,7.466666666666667,4
400,7.866666666666666,4
401,8.72,4
402,8.906666666666666,4
403,8.24,4
404,8.08,4
405,8.853333333333333,4
406,8.32,4
407,7.573333333333333,4
408,7.8133333333333335,4
409,7.306666666666667,4
410,8.026666666666667,4
411,8.053333333333333,4
412,7.173333333333333,4
413,6.986666666666666,4
414,7.493333333333333,4
415,7.573333333333333,4
416,7.093333333333334,4
417,7.653333333333333,4
418,7.546666666666667,4
419,8.16,4
420,8.32,4
421,8.24,4
422,8.373333333333333,4
423,9.146666666666667,4
424,8.506666666666666,4
425,8.08,4
426,7.68,4
427,7.173333333333333,4
428,7.866666666666666,4
429,8.8,4
430,8.16,4
431,8.96,4
432,8.053333333333333,4
433,8.426666666666666,4
434,6.88,4
435,7.066666666666666,4
436,7.253333333333333,4
437,7.173333333333333,4
438,7.253333333333333,4
439,7.493333333333333,4
440,7.466666666666667,4
441,8.346666666666666,4
442,8.133333333333333,4
443,7.413333333333333,4
444,7.68,4
445,7.306666666666667,4
446,8.293333333333333,4
447,8.88,4
448,8.853333333333333,4
449,8.586666666666666,4
450,7.413333333333333,4
451,6.773333333333333,4
452,7.253333333333333,4
453,7.706666666666667,4
454,8.053333333333333,4
455,7.573333333333333,4
456,8.08,4
457,7.52,4
458,7.8133333333333335,4
459,7.733333333333333,4
460,8.72,4
461,7.8133333333333335,4
462,8.266666666666667,4
463,7.68,4
464,7.626666666666667,4
465,7.093333333333334,4
466,7.733333333333333,4
467,7.706666666666667,4
468,8.293333333333333,4
469,7.733333333333333,4
470,7.706666666666667,4
471,7.76,4
472,7.093333333333334,4
473,6.1866666666666665,4
474,6.933333333333334,4
475,7.12,4
476,7.946666666666666,4
477,7.626666666666667,4
478,8.32,4
479,7.626666666666667,4
480,7.386666666666667,4
481,7.76,4
482,7.36,4
483,7.413333333333333,4
484,7.946666666666666,4
485,7.226666666666667,4
486,6.693333333333333,4
487,7.12,4
488,7.306666666666667,4
489,7.626666666666667,4
490,8.16,4
491,8.293333333333333,4
492,6.933333333333334,4
493,7.413333333333333,4
494,7.386666666666667,4
495,7.333333333333333,4
496,7.626666666666667,4
497,7.573333333333333,4
498,7.573333333333333,4
499,7.706666666666667,4
500,6.8533333333333335,4
501,6.666666666666667,4
502,7.573333333333333,4
503,8.0,4
504,7.333333333333333,4
505,8.026666666666667,4
506,8.026666666666667,4
507,7.68,4
508,8.08,4
509,7.28,4
510,7.546666666666667,4
511,7.066666666666666,4
512,7.413333333333333,4
513,8.16,4
514,6.96,4
515,6.933333333333334,4
516,7.413333333333333,4
517,7.493333333333333,4
518,7.76,4
519,8.453333333333333,4
520,7.36,4
521,7.28,4
522,7.04,4
523,8.0,4
524,8.666666666666666,4
525,8.24,4
526,7.36,4
527,8.0,4
528,7.066666666666666,4
529,7.653333333333333,4
530,7.8133333333333335,4
531,8.693333333333333,4
532,8.506666666666666,4
533,7.733333333333333,4
534,8.0,4
535,7.573333333333333,4
536,7.333333333333333,4
537,7.626666666666667,4
538,7.44,4
539,7.546666666666667,4
540,7.973333333333334,4
541,7.36,4
542,7.493333333333333,4
543,6.933333333333334,4
544,7.84,4
545,9.146666666666667,4
546,7.84,4
547,7.306666666666667,4
548,7.8133333333333335,4
549,7.253333333333333,4
550,8.053333333333333,4
551,8.16,4
552,8.026666666666667,4
553,7.466666666666667,4
554,8.106666666666667,4
555,7.093333333333334,4
556,8.4,4
557,8.186666666666667,4
558,7.52,4
559,7.68,4
560,7.2,4
561,8.48,4
562,10.053333333333333,4
563,9.146666666666667,4
564,9.333333333333334,4
565,8.986666666666666,4
566,7.84,4
567,7.52,4
568,7.44,4
569,6.96,4
570,8.426666666666666,4
571,7.786666666666667,4
572,8.613333333333333,4
573,8.186666666666667,4
574,7.626666666666667,4
575,7.84,4
576,7.466666666666667,4
577,8.266666666666667,4
578,8.293333333333333,4
579,7.653333333333333,4
580,7.306666666666667,4
581,7.04,4
582,7.6,4
583,7.44,4
584,7.973333333333334,4
585,7.786666666666667,4
586,7.68,4
587,8.533333333333333,4
588,7.973333333333334,4
589,7.653333333333333,4
590,7.626666666666667,4
591,8.026666666666667,4
592,6.72,4
593,7.04,4
594,6.8533333333333335,4
595,7.52,4
596,7.546666666666667,4
597,8.106666666666667,4
598,8.133333333333333,4
599,8.586666666666666,4
600,8.133333333333333,4
601,7.866666666666666,4
602,7.093333333333334,4
603,7.12,4
604,7.253333333333333,4
605,7.786666666666667,4
606,6.72,4
607,6.1866666666666665,4
608,7.68,4
609,7.386666666666667,4
610,7.973333333333334,4
611,7.306666666666667,4
612,8.026666666666667,4
613,8.586666666666666,4
614,7.973333333333334,4
615,8.453333333333333,4
616,8.053333333333333,4
617,8.213333333333333,4
618,8.213333333333333,4
619,8.56,4
620,8.133333333333333,4
621,8.346666666666666,4
622,8.213333333333333,4
623,7.84,4
624,6.72,4
625,8.0,4
626,7.973333333333334,4
627,8.48,4
628,7.946666666666666,4
629,7.92,4
630,7.706666666666667,4
631,7.973333333333334,4
632,7.946666666666666,4
633,8.08,4
634,7.8933333333333335,4
635,7.12,4
636,7.386666666666667,4
637,8.506666666666666,4
638,8.24,4
639,8.48,4
640,8.453333333333333,4
641,7.306666666666667,4
642,7.493333333333333,4
643,7.6,4
644,7.76,4
645,9.28,4
646,7.92,4
647,7.52,4
648,7.733333333333333,4
649,6.773333333333333,4
650,7.466666666666667,4
651,8.053333333333333,4
652,8.106666666666667,4
653,7.546666666666667,4
654,7.253333333333333,4
655,7.333333333333333,4
656,6.8533333333333335,4
657,6.746666666666667,4
658,8.4,4
659,7.68,4
660,7.413333333333333,4
661,7.6,4
662,7.413333333333333,4
663,8.293333333333333,4
664,8.933333333333334,4
665,7.84,4
666,9.2,4
667,8.16,4
668,7.306666666666667,4
669,7.573333333333333,4
670,7.306666666666667,4
671,7.76,4
672,7.92,4
673,6.773333333333333,4
674,7.333333333333333,4
675,8.133333333333333,4
676,7.786666666666667,4
677,8.293333333333333,4
678,8.106666666666667,4
679,7.76,4
680,7.493333333333333,4
681,7.6,4
682,7.626666666666667,4
683,7.76,4
684,7.573333333333333,4
685,8.213333333333333,4
686,6.96,4
687,8.88,4
688,7.92,4
689,7.733333333333333,4
690,7.68,4
691,7.973333333333334,4
692,8.453333333333333,4
693,8.826666666666666,4
694,8.373333333333333,4
695,7.92,4
696,7.8133333333333335,4
697,8.32,4
698,8.586666666666666,4
699,8.213333333333333,4
700,7.52,4
701,7.333333333333333,4
702,6.8533333333333335,4
703,7.12,4
704,7.466666666666667,4
705,7.44,4
706,8.16,4
707,8.373333333333333,4
708,7.973333333333334,4
709,7.52,4
710,7.333333333333333,4
711,8.186666666666667,4
712,8.133333333333333,4
713,8.213333333333333,4
714,7.466666666666667,4
715,7.68,4
716,7.653333333333333,4
717,7.626666666666667,4
718,7.386666666666667,4
719,7.6,4
720,7.786666666666667,4
721,7.8933333333333335,4
722,7.68,4
723,7.44,4
724,7.013333333333334,4
725,6.64,4
726,7.173333333333333,4
727,7.6,4
728,7.306666666666667,4
729,6.906666666666666,4
730,7.28,4
731,7.093333333333334,4
732,7.306666666666667,4
733,6.666666666666667,4
734,7.493333333333333,4
735,7.8933333333333335,4
736,7.84,4
737,8.026666666666667,4
738,7.68,4
739,7.866666666666666,4
740,7.2,4
741,7.52,4
742,6.293333333333333,4
743,6.746666666666667,4
744,7.8933333333333335,4
745,7.8933333333333335,4
746,7.84,4
747,8.266666666666667,4
748,7.253333333333333,4
749,7.226666666666667,4
750,6.746666666666667,4
751,7.973333333333334,4
752,7.626666666666667,4
753,8.24,4
754,7.413333333333333,4
755,7.493333333333333,4
756,8.08,4
757,7.306666666666667,4
758,7.466666666666667,4
759,7.76,4
760,7.013333333333334,4
761,7.733333333333333,4
762,8.426666666666666,4
763,8.613333333333333,4
764,7.706666666666667,4
765,8.16,4
766,8.053333333333333,4
767,8.0,4
768,7.36,4
769,6.88,4
770,7.04,4
771,6.64,4
772,7.253333333333333,4
773,7.12,4
774,7.28,4
775,8.826666666666666,4
776,7.706666666666667,4
777,7.973333333333334,4
778,8.8,4
779,8.08,4
780,7.226666666666667,4
781,7.76,4
782,8.026666666666667,4
783,7.84,4
784,7.333333333333333,4
785,7.413333333333333,4
786,8.293333333333333,4
787,6.746666666666667,4
788,7.76,4
789,8.106666666666667,4
790,8.026666666666667,4
791,7.573333333333333,4
792,8.506666666666666,4
793,8.8,4
794,7.626666666666667,4
795,7.8133333333333335,4
796,7.44,4
797,7.466666666666667,4
798,8.506666666666666,4
799,7.466666666666667,4
800,7.92,4
801,7.706666666666667,4
802,8.106666666666667,4
803,8.746666666666666,4
804,8.48,4
805,8.346666666666666,4
806,8.026666666666667,4
807,7.84,4
808,7.8133333333333335,4
809,7.653333333333333,4
810,7.226666666666667,4
811,7.706666666666667,4
812,7.84,4
813,8.24,4
814,8.16,4
815,7.653333333333333,4
816,7.626666666666667,4
817,6.8,4
818,8.053333333333333,4
819,7.946666666666666,4
820,8.16,4
821,7.466666666666667,4
822,7.066666666666666,4
823,8.24,4
824,7.413333333333333,4
825,7.44,4
826,7.653333333333333,4
827,7.36,4
828,8.16,4
829,8.346666666666666,4
830,8.213333333333333,4
831,7.226666666666667,4
832,6.373333333333333,4
833,7.546666666666667,4
834,8.213333333333333,4
835,7.92,4
836,7.973333333333334,4
837,8.56,4
838,8.133333333333333,4
839,7.653333333333333,4
840,7.866666666666666,4
841,7.653333333333333,4
842,7.093333333333334,4
843,7.733333333333333,4
844,6.746666666666667,4
845,7.546666666666667,4
846,7.466666666666667,4
847,7.52,4
848,8.053333333333333,4
849,7.8133333333333335,4
850,7.8133333333333335,4
851,7.226666666666667,4
852,7.706666666666667,4
853,7.173333333333333,4
854,7.493333333333333,4
855,7.84,4
856,7.493333333333333,4
857,7.386666666666667,4
858,7.493333333333333,4
859,8.586666666666666,4
860,9.066666666666666,4
861,8.08,4
862,8.186666666666667,4
863,8.506666666666666,4
864,7.173333333333333,4
865,6.56,4
866,6.24,4
867,7.093333333333334,4
868,6.48,4
869,6.666666666666667,4
870,6.48,4
871,7.546666666666667,4
872,8.133333333333333,4
873,7.973333333333334,4
874,7.173333333333333,4
875,7.653333333333333,4
876,6.88,4
877,7.8933333333333335,4
878,6.48,4
879,7.1466666666666665,4
880,6.96,4
881,7.786666666666667,4
882,8.64,4
883,8.186666666666667,4
884,7.84,4
885,7.706666666666667,4
886,7.013333333333334,4
887,7.226666666666667,4
888,7.68,4
889,7.066666666666666,4
890,6.693333333333333,4
891,7.626666666666667,4
892,6.986666666666666,4
893,7.36,4
894,6.826666666666667,4
895,7.333333333333333,4
896,7.6,4
897,8.186666666666667,4
898,8.346666666666666,4
899,8.026666666666667,4
900,8.506666666666666,4
901,9.76,4
902,8.906666666666666,4
903,7.92,4
904,8.053333333333333,4
905,7.706666666666667,4
906,8.213333333333333,4
907,7.6,4
908,7.786666666666667,4
909,7.226666666666667,4
910,7.653333333333333,4
911,7.493333333333333,4
912,7.093333333333334,4
913,8.4,4
914,7.8933333333333335,4
915,7.68,4
916,7.68,4
917,8.106666666666667,4
918,7.733333333333333,4
919,7.786666666666667,4
920,7.626666666666667,4
921,7.76,4
922,7.413333333333333,4
923,7.733333333333333,4
924,7.866666666666666,4
925,7.92,4
926,7.466666666666667,4
927,7.466666666666667,4
928,7.626666666666667,4
929,7.76,4
930,8.506666666666666,4
931,7.68,4
932,7.626666666666667,4
933,7.44,4
934,7.733333333333333,4
935,6.746666666666667,4
936,7.253333333333333,4
937,7.28,4
938,7.413333333333333,4
939,8.48,4
940,7.36,4
941,7.12,4
942,7.36,4
943,7.493333333333333,4
944,7.2,4
945,8.293333333333333,4
946,8.8,4
947,7.866666666666666,4
948,7.733333333333333,4
949,7.8933333333333335,4
950,8.293333333333333,4
951,7.946666666666666,4
952,8.053333333333333,4
953,8.346666666666666,4
954,7.12,4
955,7.413333333333333,4
956,6.986666666666666,4
957,7.413333333333333,4
958,7.973333333333334,4
959,8.213333333333333,4
960,8.08,4
961,7.653333333333333,4
962,7.84,4
963,7.76,4
964,6.88,4
965,7.546666666666667,4
966,7.413333333333333,4
967,6.773333333333333,4
968,7.253333333333333,4
969,7.84,4
970,7.093333333333334,4
971,7.066666666666666,4
972,7.493333333333333,4
973,7.733333333333333,4
974,8.746666666666666,4
975,7.466666666666667,4
976,6.746666666666667,4
977,7.173333333333333,4
978,7.333333333333333,4
979,7.2,4
980,7.946666666666666,4
981,8.48,4
982,8.053333333333333,4
983,8.186666666666667,4
984,7.626666666666667,4
985,7.306666666666667,4
986,6.986666666666666,4
987,7.84,4
988,7.12,4
989,7.1466666666666665,4
990,7.253333333333333,4
991,7.946666666666666,4
992,7.92,4
993,7.36,4
994,7.546666666666667,4
995,7.84,4
996,8.506666666666666,4
997,8.133333333333333,4
998,9.146666666666667,4
999,8.48,4
1000,7.573333333333333,4
1001,7.973333333333334,4
1002,7.626666666666667,4
1003,7.84,4
1004,7.466666666666667,4
1005,7.253333333333333,4
1006,7.253333333333333,4
1007,7.386666666666667,4
1008,7.466666666666667,4
1009,7.1466666666666665,4
1010,7.706666666666667,4
1011,7.626666666666667,4
1012,8.08,4
1013,7.066666666666666,4
1014,7.36,4
1015,7.386666666666667,4
1016,6.053333333333334,4
1017,6.933333333333334,4
1018,7.84,4
1019,7.626666666666667,4
1020,7.76,4
1021,7.36,4
1022,8.026666666666667,4
1023,7.866666666666666,4
1024,7.8933333333333335,4
1025,6.933333333333334,4
1026,7.28,4
1027,7.546666666666667,4
1028,7.626666666666667,4
1029,6.8533333333333335,4
1030,7.066666666666666,4
1031,7.386666666666667,4
1032,7.44,4
1033,7.386666666666667,4
1034,7.413333333333333,4
1035,7.8133333333333335,4
1036,7.466666666666667,4
1037,7.44,4
1038,7.84,4
1039,8.8,4
1040,8.72,4
1041,7.786666666666667,4
1042,7.573333333333333,4
1043,8.293333333333333,4
1044,8.08,4
1045,7.973333333333334,4
1046,7.946666666666666,4
1047,8.32,4
1048,7.6,4
1049,8.08,4
1050,8.64,4
1051,8.293333333333333,4
1052,7.733333333333333,4
1053,8.426666666666666,4
1054,7.68,4
1055,7.466666666666667,4
1056,7.706666666666667,4
1057,8.053333333333333,4
1058,6.266666666666667,4
1059,7.36,4
1060,7.44,4
1061,8.026666666666667,4
1062,7.946666666666666,4
1063,7.013333333333334,4
1064,7.8133333333333335,4
1065,6.96,4
1066,7.866666666666666,4
1067,7.8933333333333335,4
1068,7.76,4
1069,7.786666666666667,4
1070,7.84,4
1071,6.986666666666666,4
1072,7.84,4
1073,7.786666666666667,4
1074,8.0,4
1075,7.84,4
1076,8.32,4
1077,8.613333333333333,4
1078,8.533333333333333,4
1079,8.613333333333333,4
1080,8.693333333333333,4
1081,7.493333333333333,4
1082,7.333333333333333,4
1083,7.386666666666667,4
1084,7.306666666666667,4
1085,6.8533333333333335,4
1086,8.08,4
1087,8.213333333333333,4
1088,8.613333333333333,4
1089,7.6,4
1090,8.48,4
1091,6.773333333333333,4
1092,8.4,4
1093,8.266666666666667,4
1094,8.88,4
1095,7.973333333333334,4
1096,8.666666666666666,4
1097,8.826666666666666,4
1098,8.293333333333333,4
1099,7.8933333333333335,4
1100,7.173333333333333,4
1101,7.76,4
1102,8.533333333333333,4
1103,8.32,4
1104,8.213333333333333,4
1105,7.306666666666667,4
1106,8.266666666666667,4
1107,7.28,4
1108,7.626666666666667,4
1109,8.133333333333333,4
1110,8.053333333333333,4
1111,8.133333333333333,4
1112,7.8133333333333335,4
1113,7.413333333333333,4
1114,7.386666666666667,4
1115,7.786666666666667,4
1116,8.426666666666666,4
1117,7.68,4
1118,8.133333333333333,4
1119,7.973333333333334,4
1120,8.0,4
1121,7.866666666666666,4
1122,7.8933333333333335,4
1123,7.733333333333333,4
1124,8.613333333333333,4
1125,8.026666666666667,4
1126,8.053333333333333,4
1127,8.186666666666667,4
1128,7.866666666666666,4
1129,7.493333333333333,4
1130,7.573333333333333,4
1131,7.653333333333333,4
1132,8.053333333333333,4
1133,6.72,4
1134,7.093333333333334,4
1135,7.013333333333334,4
1136,7.733333333333333,4
1137,7.573333333333333,4
1138,7.6,4
1139,7.946666666666666,4
1140,7.76,4
1141,7.653333333333333,4
1142,7.84,4
1143,7.733333333333333,4
1144,7.1466666666666665,4
1145,7.653333333333333,4
1146,7.493333333333333,4
1147,7.626666666666667,4
1148,8.4,4
1149,7.306666666666667,4
1150,7.173333333333333,4
1151,8.4,4
1152,8.48,4
1153,7.92,4
1154,8.426666666666666,4
1155,8.8,4
1156,8.373333333333333,4
1157,7.173333333333333,4
1158,7.8133333333333335,4
1159,7.8933333333333335,4
1160,8.64,4
1161,9.093333333333334,4
1162,8.48,4
1163,8.16,4
1164,7.52,4
1165,7.733333333333333,4
1166,7.946666666666666,4
1167,7.8133333333333335,4
1168,8.106666666666667,4
1169,6.933333333333334,4
1170,7.04,4
1171,7.6,4
1172,7.573333333333333,4
1173,7.253333333333333,4
1174,7.8933333333333335,4
1175,7.1466666666666665,4
1176,7.44,4
1177,7.36,4
1178,7.28,4
1179,8.933333333333334,4
1180,8.08,4
1181,8.506666666666666,4
1182,7.28,4
1183,7.733333333333333,4
1184,7.866666666666666,4
1185,7.84,4
1186,7.52,4
1187,8.026666666666667,4
1188,7.306666666666667,4
1189,7.493333333333333,4
1190,8.24,4
1191,7.973333333333334,4
1192,7.493333333333333,4
1193,7.84,4
1194,7.68,4
1195,7.2,4
1196,7.44,4
1197,7.973333333333334,4
1198,8.0,4
1199,6.56,4
1200,7.226666666666667,4
1201,7.093333333333334,4
1202,6.906666666666666,4
1203,7.946666666666666,4
1204,7.786666666666667,4
1205,7.2,4
1206,7.653333333333333,4
1207,7.8933333333333335,4
1208,7.226666666666667,4
1209,7.226666666666667,4
1210,6.48,4
1211,7.546666666666667,4
1212,7.36,4
1213,7.066666666666666,4
1214,7.573333333333333,4
1215,7.12,4
1216,7.466666666666667,4
1217,7.493333333333333,4
1218,7.973333333333334,4
1219,7.36,4
1220,7.173333333333333,4
1221,8.24,4
1222,7.8933333333333335,4
1223,8.213333333333333,4
1224,7.653333333333333,4
1225,8.0,4
1226,8.186666666666667,4
1227,8.426666666666666,4
1228,7.44,4
1229,7.92,4
1230,6.693333333333333,4
1231,7.226666666666667,4
1232,6.64,4
1233,7.333333333333333,4
1234,7.6,4
1235,8.186666666666667,4
1236,7.6,4
1237,7.653333333333333,4
1238,6.8533333333333335,4
1239,7.386666666666667,4
1240,7.28,4
1241,7.573333333333333,4
1242,7.12,4
1243,7.626666666666667,4
1244,8.773333333333333,4
1245,8.16,4
1246,7.8133333333333335,4
1247,8.4,4
1248,7.173333333333333,4
1249,7.2,4
1250,7.44,4
1251,8.666666666666666,4
1252,7.92,4
1253,7.546666666666667,4
1254,7.546666666666667,4
1255,6.96,4
1256,7.946666666666666,4
1257,8.346666666666666,4
1258,8.24,4
1259,7.466666666666667,4
1260,6.666666666666667,4
1261,7.333333333333333,4
1262,7.28,4
1263,7.6,4
1264,7.76,4
1265,6.96,4
1266,6.8533333333333335,4
1267,8.693333333333333,4
1268,7.866666666666666,4
1269,7.946666666666666,4
1270,7.493333333333333,4
1271,7.626666666666667,4
1272,8.053333333333333,4
1273,7.68,4
1274,7.36,4
1275,6.64,4
1276,7.786666666666667,4
1277,7.786666666666667,4
1278,6.613333333333333,4
1279,8.026666666666667,4
1280,8.453333333333333,4
1281,8.693333333333333,4
1282,8.24,4
1283,7.706666666666667,4
1284,8.24,4
1285,8.106666666666667,4
1286,7.68,4
1287,7.36,4
1288,7.973333333333334,4
1289,7.546666666666667,4
1290,7.28,4
1291,8.186666666666667,4
1292,7.52,4
1293,7.706666666666667,4
1294,7.546666666666667,4
1295,7.12,4
1296,6.613333333333333,4
1297,6.773333333333333,4
1298,7.8133333333333335,4
1299,6.933333333333334,4
1300,7.44,4
1301,8.08,4
1302,8.48,4
1303,8.213333333333333,4
1304,7.946666666666666,4
1305,8.453333333333333,4
1306,8.426666666666666,4
1307,7.68,4
1308,7.253333333333333,4
1309,6.8533333333333335,4
1310,7.36,4
1311,7.413333333333333,4
1312,7.626666666666667,4
1313,7.173333333333333,4
1314,7.173333333333333,4
1315,7.866666666666666,4
1316,7.8133333333333335,4
1317,7.226666666666667,4
1318,7.2,4
1319,8.186666666666667,4
1320,8.426666666666666,4
1321,7.413333333333333,4
1322,6.72,4
1323,7.413333333333333,4
1324,6.72,4
1325,6.693333333333333,4
1326,7.6,4
1327,7.573333333333333,4
1328,7.066666666666666,4
1329,7.36,4
1330,7.786666666666667,4
1331,8.293333333333333,4
1332,8.373333333333333,4
1333,8.08,4
1334,8.053333333333333,4
1335,7.92,4
1336,7.8933333333333335,4
1337,7.8933333333333335,4
1338,7.76,4
1339,7.706666666666667,4
1340,6.826666666666667,4
1341,7.653333333333333,4
1342,7.12,4
1343,6.906666666666666,4
1344,7.173333333333333,4
1345,7.36,4
1346,6.906666666666666,4
1347,7.573333333333333,4
1348,7.1466666666666665,4
1349,7.093333333333334,4
1350,7.173333333333333,4
1351,8.8,4
1352,8.053333333333333,4
1353,8.853333333333333,4
1354,8.186666666666667,4
1355,8.56,4
1356,8.506666666666666,4
1357,8.346666666666666,4
1358,8.053333333333333,4
1359,7.546666666666667,4
1360,6.986666666666666,4
1361,8.373333333333333,4
1362,8.053333333333333,4
1363,8.24,4
1364,7.946666666666666,4
1365,7.653333333333333,4
1366,7.946666666666666,4
1367,7.6,4
1368,7.786666666666667,4
1369,7.333333333333333,4
1370,7.786666666666667,4
1371,7.44,4
1372,7.12,4
1373,6.506666666666667,4
1374,6.133333333333334,4
1375,6.693333333333333,4
1376,7.653333333333333,4
1377,6.986666666666666,4
1378,7.386666666666667,4
1379,7.8133333333333335,4
1380,7.573333333333333,4
1381,7.866666666666666,4
1382,7.786666666666667,4
1383,8.24,4
1384,8.293333333333333,4
1385,7.573333333333333,4
1386,7.973333333333334,4
1387,7.466666666666667,4
1388,7.44,4
1389,7.706666666666667,4
1390,7.2,4
1391,7.653333333333333,4
1392,6.826666666666667,4
1393,6.826666666666667,4
1394,7.52,4
1395,7.52,4
1396,7.573333333333333,4
1397,7.573333333333333,4
1398,7.36,4
1399,7.6,4
1400,6.933333333333334,4
1401,8.026666666666667,4
1402,8.426666666666666,4
1403,7.306666666666667,4
1404,7.1466666666666665,4
1405,7.6,4
1406,7.8133333333333335,4
1407,7.386666666666667,4
1408,7.226666666666667,4
1409,7.8933333333333335,4
1410,7.8933333333333335,4
1411,7.92,4
1412,8.506666666666666,4
1413,8.0,4
1414,8.106666666666667,4
1415,8.293333333333333,4
1416,7.92,4
1417,7.253333333333333,4
1418,7.84,4
1419,8.453333333333333,4
1420,8.773333333333333,4
1421,8.666666666666666,4
1422,7.706666666666667,4
1423,8.64,4
1424,7.84,4
1425,8.133333333333333,4
1426,8.0,4
1427,8.48,4
1428,7.44,4
1429,7.786666666666667,4
1430,7.76,4
1431,7.733333333333333,4
1432,7.493333333333333,4
1433,7.973333333333334,4
1434,7.8133333333333335,4
1435,7.8133333333333335,4
1436,7.386666666666667,4
1437,7.466666666666667,4
1438,7.253333333333333,4
1439,7.173333333333333,4
1440,7.8933333333333335,4
1441,8.08,4
1442,7.733333333333333,4
1443,8.08,4
1444,7.8133333333333335,4
1445,7.253333333333333,4
1446,8.053333333333333,4
1447,7.84,4
1448,7.6,4
1449,7.413333333333333,4
1450,7.786666666666667,4
1451,7.946666666666666,4
1452,8.106666666666667,4
1453,8.186666666666667,4
1454,8.266666666666667,4
1455,7.573333333333333,4
1456,6.773333333333333,4
1457,6.8,4
1458,6.826666666666667,4
1459,7.52,4
1460,8.186666666666667,4
1461,8.453333333333333,4
1462,7.84,4
1463,7.946666666666666,4
1464,7.28,4
1465,8.133333333333333,4
1466,7.546666666666667,4
1467,7.306666666666667,4
1468,6.826666666666667,4
1469,6.986666666666666,4
1470,6.72,4
1471,7.653333333333333,4
1472,7.68,4
1473,8.426666666666666,4
1474,8.48,4
1475,7.786666666666667,4
1476,7.573333333333333,4
1477,7.92,4
1478,8.4,4
1479,7.333333333333333,4
1480,7.413333333333333,4
1481,7.573333333333333,4
1482,7.8933333333333335,4
1483,8.08,4
1484,7.653333333333333,4
1485,8.453333333333333,4
1486,8.853333333333333,4
1487,8.88,4
1488,7.973333333333334,4
1489,7.733333333333333,4
1490,7.546666666666667,4
1491,7.173333333333333,4
1492,7.306666666666667,4
1493,7.946666666666666,4
1494,8.613333333333333,4
1495,6.986666666666666,4
1496,6.986666666666666,4
1497,6.8533333333333335,4
1498,7.28,4
1499,8.213333333333333,4
1500,8.08,4
1501,7.653333333333333,4
1502,6.533333333333333,4
1503,6.693333333333333,4
1504,6.64,4
1505,6.986666666666666,4
1506,7.013333333333334,4
1507,7.12,4
1508,8.133333333333333,4
1509,8.373333333333333,4
1510,7.653333333333333,4
1511,8.72,4
1512,8.746666666666666,4
1513,8.986666666666666,4
1514,8.56,4
1515,7.2,4
1516,7.28,4
1517,7.786666666666667,4
1518,8.4,4
1519,7.333333333333333,4
1520,7.653333333333333,4
1521,8.08,4
1522,8.933333333333334,4
1523,8.986666666666666,4
1524,8.186666666666667,4
1525,7.76,4
1526,7.706666666666667,4
1527,6.533333333333333,4
1528,6.533333333333333,4
1529,6.746666666666667,4
1530,7.44,4
1531,7.333333333333333,4
1532,7.68,4
1533,7.493333333333333,4
1534,6.933333333333334,4
1535,7.36,4
1536,7.76,4
1537,7.253333333333333,4
1538,7.306666666666667,4
1539,7.493333333333333,4
1540,6.586666666666667,4
1541,7.12,4
1542,7.626666666666667,4
1543,7.546666666666667,4
1544,7.706666666666667,4
1545,7.386666666666667,4
1546,7.626666666666667,4
1547,7.44,4
1548,7.36,4
1549,7.1466666666666665,4
1550,7.36,4
1551,7.546666666666667,4
1552,8.293333333333333,4
1553,8.213333333333333,4
1554,8.346666666666666,4
1555,7.546666666666667,4
1556,7.253333333333333,4
1557,8.666666666666666,4
1558,8.64,4
1559,8.32,4
1560,7.76,4
1561,7.52,4
1562,7.28,4
1563,7.173333333333333,4
1564,7.36,4
1565,7.066666666666666,4
1566,7.2,4
1567,6.8,4
1568,7.2,4
1569,7.493333333333333,4
1570,7.413333333333333,4
1571,7.866666666666666,4
1572,8.0,4
1573,7.466666666666667,4
1574,7.493333333333333,4
1575,7.92,4
1576,8.053333333333333,4
1577,7.68,4
1578,8.293333333333333,4
1579,7.76,4
1580,7.173333333333333,4
1581,7.013333333333334,4
1582,7.013333333333334,4
1583,7.333333333333333,4
1584,7.52,4
1585,7.786666666666667,4
1586,8.026666666666667,4
1587,8.16,4
1588,8.293333333333333,4
1589,8.426666666666666,4
1590,7.92,4
1591,8.0,4
1592,8.773333333333333,4
1593,7.653333333333333,4
1594,8.293333333333333,4
1595,7.733333333333333,4
1596,7.2,4
1597,7.333333333333333,4
1598,7.6,4
1599,7.946666666666666,4
1600,8.773333333333333,4
1601,7.92,4
1602,8.4,4
1603,8.56,4
1604,7.946666666666666,4
1605,7.413333333333333,4
1606,7.8933333333333335,4
1607,7.653333333333333,4
1608,7.76,4
1609,7.066666666666666,4
1610,7.306666666666667,4
1611,7.52,4
1612,7.386666666666667,4
1613,7.44,4
1614,7.68,4
1615,7.28,4
1616,7.786666666666667,4
1617,7.466666666666667,4
1618,6.8,4
1619,6.426666666666667,4
1620,7.093333333333334,4
1621,7.2,4
1622,7.546666666666667,4
1623,8.026666666666667,4
1624,8.133333333333333,4
1625,7.6,4
1626,7.52,4
1627,7.68,4
1628,7.6,4
1629,7.546666666666667,4
1630,7.226666666666667,4
1631,7.52,4
1632,7.466666666666667,4
1633,7.386666666666667,4
1634,8.186666666666667,4
1635,8.106666666666667,4
1636,7.466666666666667,4
1637,7.04,4
1638,7.28,4
1639,7.44,4
1640,7.493333333333333,4
1641,5.866666666666666,4
1642,7.866666666666666,4
1643,7.173333333333333,4
1644,8.026666666666667,4
1645,7.6,4
1646,8.453333333333333,4
1647,7.36,4
1648,7.2,4
1649,7.706666666666667,4
1650,8.613333333333333,4
1651,8.16,4
1652,8.266666666666667,4
1653,8.0,4
1654,7.973333333333334,4
1655,6.826666666666667,4
1656,7.84,4
1657,7.1466666666666665,4
1658,7.546666666666667,4
1659,6.8533333333333335,4
1660,7.44,4
1661,7.733333333333333,4
1662,8.213333333333333,4
1663,7.52,4
1664,8.266666666666667,4
1665,8.186666666666667,4
1666,8.373333333333333,4
1667,7.76,4
1668,8.293333333333333,4
1669,8.16,4
1670,7.68,4
1671,6.986666666666666,4
1672,7.226666666666667,4
1673,7.706666666666667,4
1674,6.8533333333333335,4
1675,7.173333333333333,4
1676,8.613333333333333,4
1677,8.426666666666666,4
1678,8.373333333333333,4
1679,7.653333333333333,4
1680,7.68,4
1681,7.44,4
1682,9.013333333333334,4
1683,7.786666666666667,4
1684,6.8533333333333335,4
1685,7.786666666666667,4
1686,8.0,4
1687,7.733333333333333,4
1688,6.906666666666666,4
1689,6.72,4
1690,8.053333333333333,4
1691,7.573333333333333,4
1692,7.786666666666667,4
1693,8.08,4
1694,7.946666666666666,4
1695,7.84,4
1696,7.173333333333333,4
1697,7.8133333333333335,4
1698,7.8933333333333335,4
1699,6.906666666666666,4
1700,7.226666666666667,4
1701,7.626666666666667,4
1702,8.32,4
1703,7.12,4
1704,7.706666666666667,4
1705,7.6,4
1706,8.24,4
1707,8.186666666666667,4
1708,8.506666666666666,4
1709,8.0,4
1710,7.52,4
1711,7.92,4
1712,7.92,4
1713,7.866666666666666,4
1714,7.76,4
1715,7.306666666666667,4
1716,7.04,4
1717,6.933333333333334,4
1718,7.76,4
1719,7.8933333333333335,4
1720,8.346666666666666,4
1721,7.973333333333334,4
1722,7.28,4
1723,8.026666666666667,4
1724,7.173333333333333,4
1725,7.013333333333334,4
1726,7.68,4
1727,6.96,4
1728,7.066666666666666,4
1729,6.586666666666667,4
1730,7.6,4
1731,7.573333333333333,4
1732,7.386666666666667,4
1733,7.76,4
1734,7.946666666666666,4
1735,7.786666666666667,4
1736,8.0,4
1737,8.346666666666666,4
1738,7.386666666666667,4
1739,6.986666666666666,4
1740,7.04,4
1741,7.52,4
1742,8.24,4
1743,7.866666666666666,4
1744,7.8933333333333335,4
1745,7.466666666666667,4
1746,7.8933333333333335,4
1747,7.786666666666667,4
1748,7.8133333333333335,4
1749,6.773333333333333,4
1750,6.8533333333333335,4
1751,8.213333333333333,4
1752,7.8133333333333335,4
1753,7.92,4
1754,7.253333333333333,4
1755,8.4,4
1756,8.053333333333333,4
1757,7.8933333333333335,4
1758,7.333333333333333,4
1759,8.213333333333333,4
1760,8.346666666666666,4
1761,8.08,4
1762,8.826666666666666,4
1763,9.466666666666667,4
1764,8.426666666666666,4
1765,8.693333333333333,4
1766,9.306666666666667,4
1767,8.48,4
1768,8.906666666666666,4
1769,8.96,4
1770,7.706666666666667,4
1771,7.226666666666667,4
1772,7.12,4
1773,7.52,4
1774,7.946666666666666,4
1775,7.8133333333333335,4
1776,8.8,4
1777,8.16,4
1778,7.92,4
1779,8.0,4
1780,9.52,4
1781,8.746666666666666,4
1782,8.826666666666666,4
1783,7.8133333333333335,4
1784,7.466666666666667,4
1785,7.6,4
1786,8.72,4
1787,7.76,4
1788,7.653333333333333,4
1789,8.666666666666666,4
1790,7.973333333333334,4
1791,6.906666666666666,4
1792,7.466666666666667,4
1793,8.346666666666666,4
1794,8.56,4
1795,8.826666666666666,4
1796,8.346666666666666,4
1797,8.133333333333333,4
1798,7.6,4
1799,8.106666666666667,4
1800,8.133333333333333,4
1801,8.133333333333333,4
1802,8.64,4
1803,7.76,4
1804,8.026666666666667,4
1805,7.6,4
1806,8.213333333333333,4
1807,8.666666666666666,4
1808,9.28,4
1809,9.573333333333334,4
1810,8.72,4
1811,8.053333333333333,4
1812,7.76,4
1813,7.1466666666666665,4
1814,6.64,4
1815,7.1466666666666665,4
1816,8.293333333333333,4
1817,7.8933333333333335,4
1818,7.653333333333333,4
1819,7.76,4
1820,7.866666666666666,4
1821,7.84,4
1822,7.973333333333334,4
1823,7.2,4
1824,8.026666666666667,4
1825,8.106666666666667,4
1826,8.053333333333333,4
1827,7.68,4
1828,7.626666666666667,4
1829,7.013333333333334,4
1830,7.093333333333334,4
1831,7.12,4
1832,6.506666666666667,4
1833,7.8133333333333335,4
1834,7.786666666666667,4
1835,7.413333333333333,4
1836,6.666666666666667,4
1837,7.253333333333333,4
1838,7.52,4
1839,7.946666666666666,4
1840,7.706666666666667,4
1841,7.44,4
1842,8.213333333333333,4
1843,7.84,4
1844,8.96,4
1845,8.48,4
1846,7.786666666666667,4
1847,7.573333333333333,4
1848,7.84,4
1849,7.866666666666666,4
1850,8.0,4
1851,6.666666666666667,4
1852,7.6,4
1853,8.106666666666667,4
1854,7.8133333333333335,4
1855,8.666666666666666,4
1856,7.626666666666667,4
1857,7.013333333333334,4
1858,8.08,4
1859,7.466666666666667,4
1860,7.626666666666667,4
1861,7.866666666666666,4
1862,7.973333333333334,4
1863,7.92,4
1864,6.32,4
1865,7.1466666666666665,4
1866,7.226666666666667,4
1867,7.493333333333333,4
1868,7.386666666666667,4
1869,7.413333333333333,4
1870,8.08,4
1871,8.266666666666667,4
1872,8.16,4
1873,8.08,4
1874,9.173333333333334,4
1875,8.426666666666666,4
1876,8.773333333333333,4
1877,8.773333333333333,4
1878,8.426666666666666,4
1879,7.8933333333333335,4
1880,7.973333333333334,4
1881,7.36,4
1882,7.306666666666667,4
1883,6.826666666666667,4
1884,7.2,4
1885,8.0,4
1886,7.306666666666667,4
1887,7.44,4
1888,7.973333333333334,4
1889,7.386666666666667,4
1890,7.92,4
1891,8.426666666666666,4
1892,7.973333333333334,4
1893,6.906666666666666,4
1894,7.733333333333333,4
1895,8.4,4
1896,8.026666666666667,4
1897,7.973333333333334,4
1898,8.053333333333333,4
1899,7.36,4
1900,8.186666666666667,4
1901,9.04,4
1902,9.04,4
1903,7.306666666666667,4
1904,7.866666666666666,4
1905,8.693333333333333,4
1906,7.546666666666667,4
1907,8.026666666666667,4
1908,8.373333333333333,4
1909,7.44,4
1910,6.693333333333333,4
1911,8.16,4
1912,9.44,4
1913,8.826666666666666,4
1914,8.346666666666666,4
1915,8.88,4
1916,7.946666666666666,4
1917,8.293333333333333,4
1918,8.213333333333333,4
1919,8.613333333333333,4
1920,8.586666666666666,4
1921,9.28,4
1922,8.16,4
1923,8.56,4
1924,8.32,4
1925,7.2,4
1926,7.2,4
1927,8.346666666666666,4
1928,7.786666666666667,4
1929,7.28,4
1930,7.44,4
1931,7.52,4
1932,8.266666666666667,4
1933,8.72,4
1934,8.186666666666667,4
1935,7.8933333333333335,4
1936,8.16,4
1937,7.92,4
1938,7.12,4
1939,7.733333333333333,4
1940,8.186666666666667,4
1941,7.36,4
1942,7.546666666666667,4
1943,7.306666666666667,4
1944,7.466666666666667,4
1945,7.573333333333333,4
1946,7.12,4
1947,7.68,4
1948,6.746666666666667,4
1949,7.226666666666667,0
