Figure: small_5
File Number: 79
Nodes: 36
Edges: 580
Max Generations: 2000
Population Size: 150
Mutation Rate: 0.01
Colors Used: 8
Runtime: 6.28

Generation,Average Fitness,Best Fitness
0,145.09333333333333,100
1,136.77333333333334,100
2,129.36,88
3,125.25333333333333,76
4,122.77333333333333,76
5,117.86666666666666,76
6,114.50666666666666,76
7,110.53333333333333,76
8,109.06666666666666,72
9,106.85333333333334,68
10,105.36,64
11,101.44,60
12,95.92,60
13,90.13333333333334,56
14,85.44,56
15,80.64,52
16,78.29333333333334,44
17,74.18666666666667,44
18,71.97333333333333,44
19,69.46666666666667,44
20,65.6,40
21,62.93333333333333,40
22,58.82666666666667,40
23,56.10666666666667,36
24,54.16,36
25,51.70666666666666,36
26,49.54666666666667,36
27,48.88,32
28,45.413333333333334,32
29,43.52,32
30,42.666666666666664,32
31,41.2,32
32,39.04,32
33,38.32,28
34,38.18666666666667,28
35,37.70666666666666,28
36,36.16,28
37,36.56,28
38,35.44,28
39,34.986666666666665,28
40,34.88,28
41,34.93333333333333,24
42,34.13333333333333,24
43,32.373333333333335,24
44,31.973333333333333,24
45,31.253333333333334,20
46,30.506666666666668,20
47,30.213333333333335,20
48,29.813333333333333,20
49,29.52,20
50,28.8,16
51,26.96,12
52,26.906666666666666,12
53,24.266666666666666,12
54,23.546666666666667,12
55,22.72,12
56,21.946666666666665,12
57,21.386666666666667,12
58,19.173333333333332,12
59,19.013333333333332,12
60,17.36,12
61,17.066666666666666,12
62,17.2,12
63,15.786666666666667,12
64,16.133333333333333,12
65,15.68,12
66,14.613333333333333,12
67,15.626666666666667,12
68,15.626666666666667,12
69,15.76,12
70,16.08,12
71,16.293333333333333,12
72,16.613333333333333,12
73,16.266666666666666,12
74,16.0,12
75,15.52,12
76,15.6,12
77,16.88,12
78,15.76,12
79,15.68,12
80,15.253333333333334,12
81,15.706666666666667,12
82,15.333333333333334,12
83,14.693333333333333,12
84,14.773333333333333,12
85,15.493333333333334,12
86,15.146666666666667,12
87,15.813333333333333,12
88,15.573333333333334,12
89,15.76,12
90,15.066666666666666,12
91,16.4,12
92,15.573333333333334,12
93,15.333333333333334,12
94,15.173333333333334,12
95,15.92,12
96,15.44,12
97,15.173333333333334,12
98,14.906666666666666,12
99,15.413333333333334,12
100,15.76,12
101,16.08,12
102,15.813333333333333,12
103,16.266666666666666,12
104,16.346666666666668,12
105,16.026666666666667,12
106,15.36,12
107,15.12,12
108,15.333333333333334,12
109,15.493333333333334,12
110,15.52,12
111,15.626666666666667,12
112,15.573333333333334,12
113,16.0,12
114,15.6,12
115,15.6,12
116,15.306666666666667,12
117,15.44,12
118,16.08,12
119,15.6,12
120,15.013333333333334,12
121,14.826666666666666,12
122,15.226666666666667,12
123,15.36,12
124,14.906666666666666,12
125,15.253333333333334,12
126,15.386666666666667,12
127,15.626666666666667,12
128,15.6,12
129,15.413333333333334,12
130,15.52,12
131,15.386666666666667,12
132,15.173333333333334,12
133,15.413333333333334,12
134,15.44,12
135,15.626666666666667,12
136,15.466666666666667,12
137,15.493333333333334,12
138,14.64,12
139,14.773333333333333,12
140,15.12,12
141,15.173333333333334,12
142,15.413333333333334,12
143,15.413333333333334,12
144,15.706666666666667,12
145,15.546666666666667,12
146,15.493333333333334,12
147,15.226666666666667,12
148,14.72,12
149,15.786666666666667,12
150,14.693333333333333,12
151,15.493333333333334,12
152,14.426666666666666,12
153,15.173333333333334,12
154,15.786666666666667,12
155,15.68,12
156,15.093333333333334,12
157,16.08,12
158,15.6,12
159,15.546666666666667,12
160,14.426666666666666,12
161,15.04,12
162,15.12,12
163,16.133333333333333,12
164,15.68,12
165,15.466666666666667,12
166,15.866666666666667,12
167,14.8,12
168,15.226666666666667,12
169,15.04,12
170,15.76,12
171,15.573333333333334,12
172,15.44,12
173,15.653333333333334,12
174,16.053333333333335,12
175,15.866666666666667,12
176,14.96,12
177,14.933333333333334,12
178,16.0,12
179,16.133333333333333,12
180,14.986666666666666,12
181,14.746666666666666,12
182,15.333333333333334,12
183,15.76,12
184,15.76,12
185,15.306666666666667,12
186,15.173333333333334,12
187,16.773333333333333,12
188,15.893333333333333,12
189,15.013333333333334,12
190,15.226666666666667,12
191,14.746666666666666,12
192,15.226666666666667,12
193,15.2,12
194,15.173333333333334,12
195,15.6,12
196,16.213333333333335,12
197,15.573333333333334,12
198,14.72,12
199,14.986666666666666,12
200,15.306666666666667,12
201,15.413333333333334,12
202,14.88,12
203,14.853333333333333,12
204,14.96,12
205,14.56,8
206,15.12,8
207,14.64,8
208,15.04,8
209,15.04,8
210,14.56,8
211,14.133333333333333,8
212,14.426666666666666,8
213,14.933333333333334,8
214,13.973333333333333,8
215,13.226666666666667,8
216,12.906666666666666,8
217,13.546666666666667,8
218,13.84,8
219,14.32,8
220,13.413333333333334,8
221,12.613333333333333,8
222,12.586666666666666,8
223,12.266666666666667,8
224,11.12,8
225,12.106666666666667,8
226,12.106666666666667,8
227,12.586666666666666,8
228,11.68,8
229,12.0,8
230,11.066666666666666,8
231,12.293333333333333,8
232,11.733333333333333,8
233,12.506666666666666,8
234,13.013333333333334,8
235,11.946666666666667,8
236,11.946666666666667,8
237,11.866666666666667,8
238,11.146666666666667,8
239,11.973333333333333,8
240,11.146666666666667,8
241,11.52,8
242,11.653333333333334,8
243,11.573333333333334,8
244,12.026666666666667,8
245,12.106666666666667,8
246,11.813333333333333,8
247,11.786666666666667,8
248,11.92,8
249,11.52,8
250,11.68,8
251,11.36,8
252,11.28,8
253,11.306666666666667,8
254,11.84,8
255,11.626666666666667,8
256,11.973333333333333,8
257,11.626666666666667,8
258,10.613333333333333,8
259,11.173333333333334,8
260,11.893333333333333,8
261,12.453333333333333,8
262,11.84,8
263,11.573333333333334,8
264,11.546666666666667,8
265,10.533333333333333,8
266,12.4,8
267,11.866666666666667,8
268,12.506666666666666,8
269,12.426666666666666,8
270,12.16,8
271,12.026666666666667,8
272,12.213333333333333,8
273,12.373333333333333,8
274,12.506666666666666,8
275,12.533333333333333,8
276,11.706666666666667,8
277,12.026666666666667,8
278,11.2,8
279,11.333333333333334,8
280,12.133333333333333,8
281,11.253333333333334,8
282,11.28,8
283,11.84,8
284,12.426666666666666,8
285,11.546666666666667,8
286,12.266666666666667,8
287,12.773333333333333,8
288,11.6,8
289,11.413333333333334,8
290,11.546666666666667,8
291,11.76,8
292,11.973333333333333,8
293,11.626666666666667,8
294,11.066666666666666,8
295,11.44,8
296,11.36,8
297,10.826666666666666,8
298,10.88,8
299,11.893333333333333,8
300,12.16,8
301,11.386666666666667,8
302,11.733333333333333,8
303,12.106666666666667,8
304,11.92,8
305,11.413333333333334,8
306,11.28,8
307,10.72,8
308,10.506666666666666,8
309,11.12,8
310,11.2,8
311,11.84,8
312,12.426666666666666,8
313,13.04,8
314,12.533333333333333,8
315,10.933333333333334,8
316,10.32,8
317,11.786666666666667,8
318,12.266666666666667,8
319,10.72,8
320,11.093333333333334,8
321,11.493333333333334,8
322,12.693333333333333,8
323,13.066666666666666,8
324,11.68,8
325,11.653333333333334,8
326,11.733333333333333,8
327,12.32,8
328,11.52,8
329,11.413333333333334,8
330,11.813333333333333,8
331,12.4,8
332,12.613333333333333,8
333,12.346666666666666,8
334,12.64,8
335,12.08,8
336,11.786666666666667,8
337,12.293333333333333,8
338,11.786666666666667,8
339,11.68,8
340,11.973333333333333,8
341,11.093333333333334,8
342,11.04,8
343,11.36,8
344,11.733333333333333,8
345,11.093333333333334,8
346,11.786666666666667,8
347,11.493333333333334,8
348,10.533333333333333,8
349,11.013333333333334,8
350,11.973333333333333,8
351,11.68,8
352,11.546666666666667,8
353,12.453333333333333,8
354,11.493333333333334,8
355,10.933333333333334,8
356,10.853333333333333,8
357,10.693333333333333,8
358,12.106666666666667,8
359,11.44,8
360,10.96,8
361,12.106666666666667,8
362,12.0,8
363,12.266666666666667,8
364,12.64,8
365,12.0,8
366,11.066666666666666,8
367,11.333333333333334,8
368,10.613333333333333,8
369,10.453333333333333,8
370,11.653333333333334,8
371,12.773333333333333,8
372,12.48,8
373,12.533333333333333,8
374,12.16,8
375,11.786666666666667,8
376,11.066666666666666,8
377,10.986666666666666,8
378,10.933333333333334,8
379,11.493333333333334,8
380,12.533333333333333,8
381,11.92,8
382,12.0,8
383,10.88,8
384,11.653333333333334,8
385,10.933333333333334,8
386,10.666666666666666,8
387,11.813333333333333,8
388,11.813333333333333,8
389,13.04,8
390,12.16,8
391,12.346666666666666,8
392,13.066666666666666,8
393,12.453333333333333,8
394,11.733333333333333,8
395,11.226666666666667,8
396,11.36,8
397,11.333333333333334,8
398,11.76,8
399,12.186666666666667,8
400,11.626666666666667,8
401,11.173333333333334,8
402,11.786666666666667,8
403,10.72,8
404,11.413333333333334,8
405,11.013333333333334,8
406,11.013333333333334,8
407,10.96,8
408,11.226666666666667,8
409,11.573333333333334,8
410,11.6,8
411,11.733333333333333,8
412,12.133333333333333,8
413,11.813333333333333,8
414,10.96,8
415,11.546666666666667,8
416,11.12,8
417,11.173333333333334,8
418,11.173333333333334,8
419,11.386666666666667,8
420,10.88,8
421,11.36,8
422,11.466666666666667,8
423,11.893333333333333,8
424,11.173333333333334,8
425,11.226666666666667,8
426,11.52,8
427,11.36,8
428,10.773333333333333,8
429,11.706666666666667,8
430,11.333333333333334,8
431,10.693333333333333,8
432,10.773333333333333,8
433,11.413333333333334,8
434,11.253333333333334,8
435,10.96,8
436,10.586666666666666,8
437,11.173333333333334,8
438,12.186666666666667,8
439,10.373333333333333,8
440,11.493333333333334,8
441,11.626666666666667,8
442,10.933333333333334,8
443,11.76,8
444,11.386666666666667,8
445,11.466666666666667,8
446,11.6,8
447,11.706666666666667,8
448,11.306666666666667,8
449,11.36,8
450,11.786666666666667,8
451,12.213333333333333,8
452,11.573333333333334,8
453,12.746666666666666,8
454,11.866666666666667,8
455,12.32,8
456,12.853333333333333,8
457,12.453333333333333,8
458,12.72,8
459,12.96,8
460,11.28,8
461,10.88,8
462,12.08,8
463,11.493333333333334,8
464,11.066666666666666,8
465,10.773333333333333,8
466,11.573333333333334,8
467,10.746666666666666,8
468,10.773333333333333,8
469,11.333333333333334,8
470,11.813333333333333,8
471,12.053333333333333,8
472,11.493333333333334,8
473,11.146666666666667,8
474,11.466666666666667,8
475,11.12,8
476,11.28,8
477,11.093333333333334,8
478,12.4,8
479,12.053333333333333,8
480,11.68,8
481,11.6,8
482,11.466666666666667,8
483,10.853333333333333,8
484,10.48,8
485,10.586666666666666,8
486,11.466666666666667,8
487,11.6,8
488,11.52,8
489,11.44,8
490,10.96,8
491,11.84,8
492,11.146666666666667,8
493,12.613333333333333,8
494,12.613333333333333,8
495,12.88,8
496,12.24,8
497,11.653333333333334,8
498,12.213333333333333,8
499,11.2,8
500,11.306666666666667,8
501,11.36,8
502,11.973333333333333,8
503,11.626666666666667,8
504,11.786666666666667,8
505,11.413333333333334,8
506,11.333333333333334,8
507,11.013333333333334,8
508,11.173333333333334,8
509,11.093333333333334,8
510,11.653333333333334,8
511,11.12,8
512,12.186666666666667,8
513,11.866666666666667,8
514,11.493333333333334,8
515,11.146666666666667,8
516,11.253333333333334,8
517,11.093333333333334,8
518,11.733333333333333,8
519,12.053333333333333,8
520,11.226666666666667,8
521,10.853333333333333,8
522,11.386666666666667,8
523,11.706666666666667,8
524,11.813333333333333,8
525,11.786666666666667,8
526,11.68,8
527,11.546666666666667,8
528,12.106666666666667,8
529,12.613333333333333,8
530,12.533333333333333,8
531,11.706666666666667,8
532,11.36,8
533,12.0,8
534,11.386666666666667,8
535,11.626666666666667,8
536,11.84,8
537,10.986666666666666,8
538,11.706666666666667,8
539,11.2,8
540,11.04,8
541,10.853333333333333,8
542,11.12,8
543,10.986666666666666,8
544,11.68,8
545,11.813333333333333,8
546,11.6,8
547,12.32,8
548,13.253333333333334,8
549,12.826666666666666,8
550,12.08,8
551,12.533333333333333,8
552,11.973333333333333,8
553,11.68,8
554,11.706666666666667,8
555,10.88,8
556,11.653333333333334,8
557,12.346666666666666,8
558,11.813333333333333,8
559,13.36,8
560,12.24,8
561,11.866666666666667,8
562,12.88,8
563,12.08,8
564,12.506666666666666,8
565,11.76,8
566,11.786666666666667,8
567,12.08,8
568,12.426666666666666,8
569,11.813333333333333,8
570,11.52,8
571,12.373333333333333,8
572,12.08,8
573,11.173333333333334,8
574,11.706666666666667,8
575,12.24,8
576,12.053333333333333,8
577,11.253333333333334,8
578,11.6,8
579,10.64,8
580,11.093333333333334,8
581,12.026666666666667,8
582,12.053333333333333,8
583,12.026666666666667,8
584,11.84,8
585,12.32,8
586,12.506666666666666,8
587,12.106666666666667,8
588,11.306666666666667,8
589,11.36,8
590,10.986666666666666,8
591,11.013333333333334,8
592,11.36,8
593,11.2,8
594,12.32,8
595,12.24,8
596,12.026666666666667,8
597,11.76,8
598,11.866666666666667,8
599,11.28,8
600,11.333333333333334,8
601,11.36,8
602,11.44,8
603,11.493333333333334,8
604,12.16,8
605,11.28,8
606,11.36,8
607,10.986666666666666,8
608,11.813333333333333,8
609,11.866666666666667,8
610,11.653333333333334,8
611,10.826666666666666,8
612,11.226666666666667,8
613,11.28,8
614,11.6,8
615,12.506666666666666,8
616,11.546666666666667,8
617,12.293333333333333,8
618,11.76,8
619,12.213333333333333,8
620,11.973333333333333,8
621,12.133333333333333,8
622,10.96,8
623,11.466666666666667,8
624,11.786666666666667,8
625,12.24,8
626,11.146666666666667,8
627,11.44,8
628,11.28,8
629,12.16,8
630,11.946666666666667,8
631,12.026666666666667,8
632,10.88,8
633,11.786666666666667,8
634,10.986666666666666,8
635,11.146666666666667,8
636,11.973333333333333,8
637,12.186666666666667,8
638,12.24,8
639,11.573333333333334,8
640,11.2,8
641,12.24,8
642,12.293333333333333,8
643,11.466666666666667,8
644,11.52,8
645,10.986666666666666,8
646,12.0,8
647,11.413333333333334,8
648,11.626666666666667,8
649,11.386666666666667,8
650,11.6,8
651,12.106666666666667,8
652,12.373333333333333,8
653,11.706666666666667,8
654,11.68,8
655,11.226666666666667,8
656,11.573333333333334,8
657,10.693333333333333,8
658,11.013333333333334,8
659,11.28,8
660,12.0,8
661,11.6,8
662,12.506666666666666,8
663,12.64,8
664,12.133333333333333,8
665,12.0,8
666,12.266666666666667,8
667,12.186666666666667,8
668,12.8,8
669,12.266666666666667,8
670,12.053333333333333,8
671,12.373333333333333,8
672,12.72,8
673,12.106666666666667,8
674,11.786666666666667,8
675,10.773333333333333,8
676,10.96,8
677,11.36,8
678,11.946666666666667,8
679,10.933333333333334,8
680,11.44,8
681,10.96,8
682,11.226666666666667,8
683,10.56,8
684,10.853333333333333,8
685,11.066666666666666,8
686,11.333333333333334,8
687,11.946666666666667,8
688,11.786666666666667,8
689,10.506666666666666,8
690,11.493333333333334,8
691,12.053333333333333,8
692,11.76,8
693,11.44,8
694,12.293333333333333,8
695,11.786666666666667,8
696,11.813333333333333,8
697,12.0,8
698,12.32,8
699,12.32,8
700,12.986666666666666,8
701,12.213333333333333,8
702,11.653333333333334,8
703,11.013333333333334,8
704,12.106666666666667,8
705,12.133333333333333,8
706,11.733333333333333,8
707,11.866666666666667,8
708,10.213333333333333,8
709,11.386666666666667,8
710,11.226666666666667,8
711,11.76,8
712,11.573333333333334,8
713,11.466666666666667,8
714,11.386666666666667,8
715,11.92,8
716,11.12,8
717,11.04,8
718,11.386666666666667,8
719,11.706666666666667,8
720,11.306666666666667,8
721,11.306666666666667,8
722,12.266666666666667,8
723,11.386666666666667,8
724,12.026666666666667,8
725,11.36,8
726,12.266666666666667,8
727,12.586666666666666,8
728,11.893333333333333,8
729,11.786666666666667,8
730,11.04,8
731,10.533333333333333,8
732,11.013333333333334,8
733,11.52,8
734,12.026666666666667,8
735,11.333333333333334,8
736,11.653333333333334,8
737,11.68,8
738,11.573333333333334,8
739,11.813333333333333,8
740,11.44,8
741,11.706666666666667,8
742,12.08,8
743,12.8,8
744,12.026666666666667,8
745,11.893333333333333,8
746,11.76,8
747,11.893333333333333,8
748,13.146666666666667,8
749,11.413333333333334,8
750,11.253333333333334,8
751,11.2,8
752,11.04,8
753,11.466666666666667,8
754,13.173333333333334,8
755,11.866666666666667,8
756,12.026666666666667,8
757,11.893333333333333,8
758,11.786666666666667,8
759,11.786666666666667,8
760,11.786666666666667,8
761,11.226666666666667,8
762,10.88,8
763,11.44,8
764,11.573333333333334,8
765,11.6,8
766,11.68,8
767,11.626666666666667,8
768,11.466666666666667,8
769,11.306666666666667,8
770,10.613333333333333,8
771,11.173333333333334,8
772,11.093333333333334,8
773,10.933333333333334,8
774,11.146666666666667,8
775,11.493333333333334,8
776,11.28,8
777,11.173333333333334,8
778,11.6,8
779,11.76,8
780,11.866666666666667,8
781,11.44,8
782,11.413333333333334,8
783,11.36,8
784,11.786666666666667,8
785,11.813333333333333,8
786,11.6,8
787,11.706666666666667,8
788,12.986666666666666,8
789,12.906666666666666,8
790,12.853333333333333,8
791,12.266666666666667,8
792,13.04,8
793,11.626666666666667,8
794,11.28,8
795,11.44,8
796,12.186666666666667,8
797,11.946666666666667,8
798,12.053333333333333,8
799,11.573333333333334,8
800,11.146666666666667,8
801,12.293333333333333,8
802,12.266666666666667,8
803,11.84,8
804,11.866666666666667,8
805,12.16,8
806,11.786666666666667,8
807,12.346666666666666,8
808,11.68,8
809,12.586666666666666,8
810,12.933333333333334,8
811,11.626666666666667,8
812,11.84,8
813,11.573333333333334,8
814,11.92,8
815,11.893333333333333,8
816,11.36,8
817,11.173333333333334,8
818,11.173333333333334,8
819,11.2,8
820,10.986666666666666,8
821,11.253333333333334,8
822,12.32,8
823,12.32,8
824,11.973333333333333,8
825,10.986666666666666,8
826,10.426666666666666,8
827,11.573333333333334,8
828,12.186666666666667,8
829,11.6,8
830,11.893333333333333,8
831,11.653333333333334,8
832,12.026666666666667,8
833,12.373333333333333,8
834,12.186666666666667,8
835,11.786666666666667,8
836,11.92,8
837,12.64,8
838,12.8,8
839,12.986666666666666,8
840,12.266666666666667,8
841,11.786666666666667,8
842,11.253333333333334,8
843,11.813333333333333,8
844,12.053333333333333,8
845,12.826666666666666,8
846,11.546666666666667,8
847,11.2,8
848,11.173333333333334,8
849,12.0,8
850,11.44,8
851,11.786666666666667,8
852,12.133333333333333,8
853,11.573333333333334,8
854,12.053333333333333,8
855,11.68,8
856,12.746666666666666,8
857,11.946666666666667,8
858,11.44,8
859,12.0,8
860,11.173333333333334,8
861,11.413333333333334,8
862,11.12,8
863,11.04,8
864,11.2,8
865,11.253333333333334,8
866,11.84,8
867,12.0,8
868,11.706666666666667,8
869,12.533333333333333,8
870,12.053333333333333,8
871,10.373333333333333,8
872,10.826666666666666,8
873,11.306666666666667,8
874,11.866666666666667,8
875,11.706666666666667,8
876,11.146666666666667,8
877,11.493333333333334,8
878,11.52,8
879,10.88,8
880,11.626666666666667,8
881,11.386666666666667,8
882,11.066666666666666,8
883,11.466666666666667,8
884,11.466666666666667,8
885,12.293333333333333,8
886,11.893333333333333,8
887,11.813333333333333,8
888,12.373333333333333,8
889,11.866666666666667,8
890,11.013333333333334,8
891,10.826666666666666,8
892,11.626666666666667,8
893,10.8,8
894,11.333333333333334,8
895,11.893333333333333,8
896,13.306666666666667,8
897,12.053333333333333,8
898,11.12,8
899,11.013333333333334,8
900,10.506666666666666,8
901,11.573333333333334,8
902,11.626666666666667,8
903,11.813333333333333,8
904,11.92,8
905,12.293333333333333,8
906,11.546666666666667,8
907,11.786666666666667,8
908,11.493333333333334,8
909,11.546666666666667,8
910,11.36,8
911,11.84,8
912,12.32,8
913,11.973333333333333,8
914,11.146666666666667,8
915,12.346666666666666,8
916,11.68,8
917,10.933333333333334,8
918,11.573333333333334,8
919,11.92,8
920,11.04,8
921,11.306666666666667,8
922,12.346666666666666,8
923,12.053333333333333,8
924,11.84,8
925,11.28,8
926,10.586666666666666,8
927,11.866666666666667,8
928,11.626666666666667,8
929,10.906666666666666,8
930,12.08,8
931,12.346666666666666,8
932,12.266666666666667,8
933,11.92,8
934,11.52,8
935,11.413333333333334,8
936,11.413333333333334,8
937,11.973333333333333,8
938,11.6,8
939,12.0,8
940,12.026666666666667,8
941,11.493333333333334,8
942,12.96,8
943,11.893333333333333,8
944,11.653333333333334,8
945,12.266666666666667,8
946,11.12,8
947,12.213333333333333,8
948,11.866666666666667,8
949,12.426666666666666,8
950,12.133333333333333,8
951,11.626666666666667,8
952,12.24,8
953,12.613333333333333,8
954,12.56,8
955,11.466666666666667,8
956,11.92,8
957,11.68,8
958,11.28,8
959,11.866666666666667,8
960,12.16,8
961,12.133333333333333,8
962,10.88,8
963,11.066666666666666,8
964,10.853333333333333,8
965,11.466666666666667,8
966,11.626666666666667,8
967,11.28,8
968,12.586666666666666,8
969,11.786666666666667,8
970,11.36,8
971,10.986666666666666,8
972,11.786666666666667,8
973,11.573333333333334,8
974,11.706666666666667,8
975,11.813333333333333,8
976,10.96,8
977,11.493333333333334,8
978,11.733333333333333,8
979,12.24,8
980,12.32,8
981,11.706666666666667,8
982,11.92,8
983,11.6,8
984,12.186666666666667,8
985,12.08,8
986,11.92,8
987,10.533333333333333,8
988,10.56,8
989,11.253333333333334,8
990,11.12,8
991,10.72,8
992,11.013333333333334,8
993,12.346666666666666,8
994,11.013333333333334,8
995,10.72,8
996,11.413333333333334,8
997,11.12,8
998,11.493333333333334,8
999,11.066666666666666,8
1000,10.506666666666666,8
1001,11.626666666666667,8
1002,11.2,8
1003,10.96,8
1004,11.28,8
1005,10.666666666666666,8
1006,11.573333333333334,8
1007,11.333333333333334,8
1008,11.6,8
1009,11.386666666666667,8
1010,11.6,8
1011,11.013333333333334,8
1012,11.546666666666667,8
1013,11.573333333333334,8
1014,11.653333333333334,8
1015,11.653333333333334,8
1016,11.76,8
1017,11.76,8
1018,10.853333333333333,8
1019,11.12,8
1020,11.013333333333334,8
1021,10.853333333333333,8
1022,10.986666666666666,8
1023,10.426666666666666,8
1024,11.973333333333333,8
1025,12.026666666666667,8
1026,11.973333333333333,8
1027,13.066666666666666,8
1028,12.213333333333333,8
1029,11.386666666666667,8
1030,11.52,8
1031,12.16,8
1032,13.04,8
1033,11.893333333333333,8
1034,12.026666666666667,8
1035,12.506666666666666,8
1036,11.733333333333333,8
1037,12.293333333333333,8
1038,11.893333333333333,8
1039,11.92,8
1040,11.386666666666667,8
1041,12.133333333333333,8
1042,11.946666666666667,8
1043,11.306666666666667,8
1044,11.6,8
1045,11.733333333333333,8
1046,10.746666666666666,8
1047,11.093333333333334,8
1048,11.413333333333334,8
1049,12.0,8
1050,12.48,8
1051,11.84,8
1052,11.946666666666667,8
1053,12.186666666666667,8
1054,11.6,8
1055,12.106666666666667,8
1056,11.866666666666667,8
1057,12.08,8
1058,11.893333333333333,8
1059,11.173333333333334,8
1060,12.293333333333333,8
1061,12.506666666666666,8
1062,12.346666666666666,8
1063,12.346666666666666,8
1064,12.266666666666667,8
1065,11.146666666666667,8
1066,10.613333333333333,8
1067,11.6,8
1068,11.413333333333334,8
1069,11.76,8
1070,11.306666666666667,8
1071,11.946666666666667,8
1072,12.266666666666667,8
1073,12.64,8
1074,12.853333333333333,8
1075,12.346666666666666,8
1076,11.52,8
1077,11.653333333333334,8
1078,11.92,8
1079,12.373333333333333,8
1080,11.68,8
1081,10.96,8
1082,10.826666666666666,8
1083,11.44,8
1084,12.186666666666667,8
1085,12.0,8
1086,12.453333333333333,8
1087,11.52,8
1088,11.68,8
1089,11.493333333333334,8
1090,10.8,8
1091,12.08,8
1092,11.893333333333333,8
1093,13.253333333333334,8
1094,11.84,8
1095,11.893333333333333,8
1096,11.6,8
1097,11.546666666666667,8
1098,11.2,8
1099,11.12,8
1100,10.826666666666666,8
1101,10.72,8
1102,10.96,8
1103,11.706666666666667,8
1104,11.493333333333334,8
1105,11.866666666666667,8
1106,12.853333333333333,8
1107,11.76,8
1108,11.28,8
1109,11.813333333333333,8
1110,11.92,8
1111,11.733333333333333,8
1112,12.266666666666667,8
1113,11.706666666666667,8
1114,11.653333333333334,8
1115,10.933333333333334,8
1116,12.16,8
1117,11.946666666666667,8
1118,12.4,8
1119,12.373333333333333,8
1120,12.8,8
1121,12.613333333333333,8
1122,11.653333333333334,8
1123,12.053333333333333,8
1124,11.173333333333334,8
1125,11.253333333333334,8
1126,10.8,8
1127,11.146666666666667,8
1128,11.146666666666667,8
1129,11.493333333333334,8
1130,10.96,8
1131,10.826666666666666,8
1132,11.893333333333333,8
1133,12.24,8
1134,11.68,8
1135,11.893333333333333,8
1136,11.84,8
1137,10.853333333333333,8
1138,10.24,8
1139,10.666666666666666,8
1140,11.04,8
1141,10.96,8
1142,11.333333333333334,8
1143,10.426666666666666,8
1144,11.146666666666667,8
1145,11.866666666666667,8
1146,11.28,8
1147,11.146666666666667,8
1148,11.253333333333334,8
1149,11.44,8
1150,11.386666666666667,8
1151,10.906666666666666,8
1152,11.013333333333334,8
1153,11.333333333333334,8
1154,11.866666666666667,8
1155,11.386666666666667,8
1156,12.506666666666666,8
1157,12.453333333333333,8
1158,12.106666666666667,8
1159,11.573333333333334,8
1160,11.6,8
1161,12.48,8
1162,12.506666666666666,8
1163,11.866666666666667,8
1164,12.693333333333333,8
1165,11.6,8
1166,10.853333333333333,8
1167,11.946666666666667,8
1168,11.226666666666667,8
1169,11.786666666666667,8
1170,11.786666666666667,8
1171,11.68,8
1172,11.466666666666667,8
1173,11.413333333333334,8
1174,10.96,8
1175,12.453333333333333,8
1176,12.186666666666667,8
1177,10.4,8
1178,11.36,8
1179,11.066666666666666,8
1180,12.586666666666666,8
1181,12.693333333333333,8
1182,11.946666666666667,8
1183,11.786666666666667,8
1184,11.76,8
1185,11.333333333333334,8
1186,11.973333333333333,8
1187,11.28,8
1188,11.333333333333334,8
1189,11.546666666666667,8
1190,11.333333333333334,8
1191,11.12,8
1192,11.76,8
1193,12.533333333333333,8
1194,12.106666666666667,8
1195,12.213333333333333,8
1196,11.573333333333334,8
1197,12.64,8
1198,12.773333333333333,8
1199,12.666666666666666,8
1200,12.16,8
1201,11.44,8
1202,11.84,8
1203,11.84,8
1204,10.373333333333333,8
1205,11.066666666666666,8
1206,11.813333333333333,8
1207,10.986666666666666,8
1208,11.306666666666667,8
1209,11.6,8
1210,11.493333333333334,8
1211,11.2,8
1212,11.733333333333333,8
1213,11.893333333333333,8
1214,12.026666666666667,8
1215,12.8,8
1216,12.346666666666666,8
1217,12.0,8
1218,12.373333333333333,8
1219,11.306666666666667,8
1220,11.6,8
1221,11.04,8
1222,11.306666666666667,8
1223,11.386666666666667,8
1224,11.52,8
1225,11.44,8
1226,12.0,8
1227,12.8,8
1228,12.72,8
1229,12.4,8
1230,12.213333333333333,8
1231,12.133333333333333,8
1232,11.733333333333333,8
1233,11.386666666666667,8
1234,11.173333333333334,8
1235,10.986666666666666,8
1236,11.866666666666667,8
1237,11.68,8
1238,11.253333333333334,8
1239,11.04,8
1240,12.106666666666667,8
1241,12.64,8
1242,11.306666666666667,8
1243,11.946666666666667,8
1244,12.133333333333333,8
1245,12.213333333333333,8
1246,12.56,8
1247,11.973333333333333,8
1248,11.04,8
1249,11.76,8
1250,12.293333333333333,8
1251,12.533333333333333,8
1252,11.653333333333334,8
1253,12.106666666666667,8
1254,11.093333333333334,8
1255,12.133333333333333,8
1256,12.4,8
1257,11.92,8
1258,10.693333333333333,8
1259,11.306666666666667,8
1260,12.266666666666667,8
1261,12.0,8
1262,11.813333333333333,8
1263,11.68,8
1264,11.973333333333333,8
1265,12.133333333333333,8
1266,12.186666666666667,8
1267,12.133333333333333,8
1268,12.293333333333333,8
1269,12.106666666666667,8
1270,11.173333333333334,8
1271,11.013333333333334,8
1272,11.466666666666667,8
1273,11.893333333333333,8
1274,12.24,8
1275,12.24,8
1276,11.946666666666667,8
1277,11.653333333333334,8
1278,11.306666666666667,8
1279,11.706666666666667,8
1280,12.373333333333333,8
1281,11.786666666666667,8
1282,11.946666666666667,8
1283,12.16,8
1284,11.653333333333334,8
1285,11.52,8
1286,11.546666666666667,8
1287,11.786666666666667,8
1288,11.733333333333333,8
1289,11.893333333333333,8
1290,11.413333333333334,8
1291,12.373333333333333,8
1292,10.906666666666666,8
1293,11.6,8
1294,10.986666666666666,8
1295,11.786666666666667,8
1296,12.106666666666667,8
1297,11.04,8
1298,10.613333333333333,8
1299,10.48,8
1300,11.2,8
1301,10.826666666666666,8
1302,11.786666666666667,8
1303,12.32,8
1304,13.04,8
1305,12.506666666666666,8
1306,12.186666666666667,8
1307,11.306666666666667,8
1308,11.066666666666666,8
1309,11.546666666666667,8
1310,11.52,8
1311,11.013333333333334,8
1312,11.2,8
1313,11.973333333333333,8
1314,11.84,8
1315,11.413333333333334,8
1316,12.773333333333333,8
1317,12.8,8
1318,11.466666666666667,8
1319,10.693333333333333,8
1320,11.013333333333334,8
1321,11.6,8
1322,11.626666666666667,8
1323,11.626666666666667,8
1324,12.48,8
1325,11.84,8
1326,12.133333333333333,8
1327,11.626666666666667,8
1328,12.4,8
1329,12.186666666666667,8
1330,12.293333333333333,8
1331,11.573333333333334,8
1332,11.52,8
1333,11.893333333333333,8
1334,11.493333333333334,8
1335,11.12,8
1336,10.826666666666666,8
1337,10.64,8
1338,10.746666666666666,8
1339,11.253333333333334,8
1340,11.173333333333334,8
1341,11.066666666666666,8
1342,11.6,8
1343,11.626666666666667,8
1344,11.92,8
1345,11.226666666666667,8
1346,10.4,8
1347,12.08,8
1348,12.453333333333333,8
1349,11.92,8
1350,12.266666666666667,8
1351,13.2,8
1352,11.946666666666667,8
1353,11.493333333333334,8
1354,11.813333333333333,8
1355,11.146666666666667,8
1356,11.44,8
1357,12.053333333333333,8
1358,11.6,8
1359,12.106666666666667,8
1360,12.0,8
1361,11.386666666666667,8
1362,10.96,8
1363,11.36,8
1364,12.213333333333333,8
1365,11.733333333333333,8
1366,11.093333333333334,8
1367,11.68,8
1368,11.946666666666667,8
1369,11.546666666666667,8
1370,10.853333333333333,8
1371,11.893333333333333,8
1372,12.426666666666666,8
1373,12.266666666666667,8
1374,11.333333333333334,8
1375,12.426666666666666,8
1376,11.6,8
1377,11.093333333333334,8
1378,11.493333333333334,8
1379,12.16,8
1380,12.16,8
1381,12.053333333333333,8
1382,11.706666666666667,8
1383,11.893333333333333,8
1384,11.68,8
1385,12.16,8
1386,11.946666666666667,8
1387,11.786666666666667,8
1388,11.813333333333333,8
1389,13.013333333333334,8
1390,11.68,8
1391,11.066666666666666,8
1392,11.44,8
1393,11.573333333333334,8
1394,10.906666666666666,8
1395,11.013333333333334,8
1396,11.653333333333334,8
1397,12.64,8
1398,11.493333333333334,8
1399,10.986666666666666,8
1400,11.493333333333334,8
1401,11.28,8
1402,11.84,8
1403,12.213333333333333,8
1404,11.733333333333333,8
1405,11.653333333333334,8
1406,11.92,8
1407,11.546666666666667,8
1408,12.026666666666667,8
1409,11.706666666666667,8
1410,11.733333333333333,8
1411,12.266666666666667,8
1412,11.493333333333334,8
1413,11.093333333333334,8
1414,11.573333333333334,8
1415,12.586666666666666,8
1416,12.613333333333333,8
1417,11.413333333333334,8
1418,11.066666666666666,8
1419,11.146666666666667,8
1420,10.746666666666666,8
1421,10.746666666666666,8
1422,11.44,8
1423,12.106666666666667,8
1424,11.093333333333334,8
1425,10.453333333333333,8
1426,11.306666666666667,8
1427,10.56,8
1428,11.226666666666667,8
1429,11.04,8
1430,11.173333333333334,8
1431,11.52,8
1432,11.973333333333333,8
1433,12.4,8
1434,12.026666666666667,8
1435,12.32,8
1436,12.746666666666666,8
1437,12.133333333333333,8
1438,12.586666666666666,8
1439,12.053333333333333,8
1440,11.626666666666667,8
1441,11.546666666666667,8
1442,11.893333333333333,8
1443,12.08,8
1444,12.186666666666667,8
1445,11.706666666666667,8
1446,11.973333333333333,8
1447,11.786666666666667,8
1448,11.386666666666667,8
1449,12.026666666666667,8
1450,11.573333333333334,8
1451,11.52,8
1452,11.2,8
1453,11.866666666666667,8
1454,11.12,8
1455,11.653333333333334,8
1456,11.76,8
1457,11.786666666666667,8
1458,11.786666666666667,8
1459,10.72,8
1460,11.146666666666667,8
1461,10.96,8
1462,11.706666666666667,8
1463,11.12,8
1464,11.066666666666666,8
1465,11.173333333333334,8
1466,11.706666666666667,8
1467,12.16,8
1468,11.306666666666667,8
1469,11.706666666666667,8
1470,11.92,8
1471,12.24,8
1472,12.346666666666666,8
1473,12.533333333333333,8
1474,12.64,8
1475,11.786666666666667,8
1476,12.026666666666667,8
1477,11.973333333333333,8
1478,12.32,8
1479,11.626666666666667,8
1480,11.493333333333334,8
1481,11.706666666666667,8
1482,11.626666666666667,8
1483,11.386666666666667,8
1484,11.333333333333334,8
1485,11.786666666666667,8
1486,11.706666666666667,8
1487,10.586666666666666,8
1488,10.506666666666666,8
1489,10.186666666666667,8
1490,10.586666666666666,8
1491,10.8,8
1492,11.066666666666666,8
1493,11.173333333333334,8
1494,11.226666666666667,8
1495,10.88,8
1496,11.573333333333334,8
1497,11.386666666666667,8
1498,11.04,8
1499,10.773333333333333,8
1500,12.16,8
1501,11.44,8
1502,12.266666666666667,8
1503,11.386666666666667,8
1504,11.52,8
1505,11.52,8
1506,12.08,8
1507,11.12,8
1508,11.253333333333334,8
1509,11.413333333333334,8
1510,12.08,8
1511,12.586666666666666,8
1512,12.933333333333334,8
1513,11.333333333333334,8
1514,12.88,8
1515,12.106666666666667,8
1516,12.48,8
1517,11.44,8
1518,11.653333333333334,8
1519,11.386666666666667,8
1520,12.426666666666666,8
1521,12.186666666666667,8
1522,11.84,8
1523,10.24,8
1524,11.413333333333334,8
1525,11.866666666666667,8
1526,11.6,8
1527,12.266666666666667,8
1528,11.733333333333333,8
1529,11.76,8
1530,11.493333333333334,8
1531,11.093333333333334,8
1532,10.986666666666666,8
1533,11.12,8
1534,12.373333333333333,8
1535,11.28,8
1536,12.0,8
1537,11.546666666666667,8
1538,11.893333333333333,8
1539,12.906666666666666,8
1540,11.68,8
1541,11.306666666666667,8
1542,12.8,8
1543,12.053333333333333,8
1544,11.946666666666667,8
1545,11.386666666666667,8
1546,11.68,8
1547,11.6,8
1548,11.76,8
1549,12.293333333333333,8
1550,12.026666666666667,8
1551,11.68,8
1552,11.6,8
1553,11.226666666666667,8
1554,11.36,8
1555,11.44,8
1556,11.946666666666667,8
1557,12.186666666666667,8
1558,11.92,8
1559,12.08,8
1560,11.76,8
1561,11.893333333333333,8
1562,12.053333333333333,8
1563,11.573333333333334,8
1564,10.986666666666666,8
1565,11.2,8
1566,11.6,8
1567,12.613333333333333,8
1568,12.266666666666667,8
1569,11.653333333333334,8
1570,11.706666666666667,8
1571,11.6,8
1572,11.84,8
1573,10.853333333333333,8
1574,11.36,8
1575,11.68,8
1576,11.466666666666667,8
1577,11.2,8
1578,11.973333333333333,8
1579,11.653333333333334,8
1580,11.706666666666667,8
1581,11.68,8
1582,11.84,8
1583,11.68,8
1584,11.093333333333334,8
1585,12.053333333333333,8
1586,11.813333333333333,8
1587,11.733333333333333,8
1588,11.466666666666667,8
1589,12.56,8
1590,11.813333333333333,8
1591,11.52,8
1592,10.613333333333333,8
1593,12.026666666666667,8
1594,11.12,8
1595,10.88,8
1596,10.693333333333333,8
1597,11.866666666666667,8
1598,11.44,8
1599,11.36,8
1600,12.4,8
1601,11.813333333333333,8
1602,11.973333333333333,8
1603,11.973333333333333,8
1604,12.08,8
1605,11.173333333333334,8
1606,11.52,8
1607,12.0,8
1608,11.68,8
1609,12.08,8
1610,11.173333333333334,8
1611,11.76,8
1612,12.773333333333333,8
1613,11.946666666666667,8
1614,11.786666666666667,8
1615,11.786666666666667,8
1616,11.786666666666667,8
1617,12.32,8
1618,11.92,8
1619,12.533333333333333,8
1620,11.36,8
1621,11.786666666666667,8
1622,11.28,8
1623,11.333333333333334,8
1624,11.626666666666667,8
1625,11.626666666666667,8
1626,11.92,8
1627,13.226666666666667,8
1628,12.24,8
1629,11.466666666666667,8
1630,11.76,8
1631,12.16,8
1632,11.413333333333334,8
1633,11.866666666666667,8
1634,12.16,8
1635,11.626666666666667,8
1636,12.266666666666667,8
1637,11.626666666666667,8
1638,11.36,8
1639,11.866666666666667,8
1640,13.333333333333334,8
1641,11.84,8
1642,11.52,8
1643,11.573333333333334,8
1644,12.186666666666667,8
1645,12.293333333333333,8
1646,12.106666666666667,8
1647,12.213333333333333,8
1648,11.013333333333334,8
1649,12.16,8
1650,11.226666666666667,8
1651,11.253333333333334,8
1652,11.386666666666667,8
1653,11.173333333333334,8
1654,11.6,8
1655,12.053333333333333,8
1656,11.52,8
1657,11.146666666666667,8
1658,11.253333333333334,8
1659,11.466666666666667,8
1660,11.36,8
1661,11.813333333333333,8
1662,11.386666666666667,8
1663,10.96,8
1664,11.306666666666667,8
1665,11.333333333333334,8
1666,11.066666666666666,8
1667,11.653333333333334,8
1668,11.626666666666667,8
1669,11.92,8
1670,11.306666666666667,8
1671,11.386666666666667,8
1672,11.226666666666667,8
1673,11.04,8
1674,11.44,8
1675,12.106666666666667,8
1676,11.546666666666667,8
1677,11.413333333333334,8
1678,11.226666666666667,8
1679,11.706666666666667,8
1680,11.493333333333334,8
1681,10.746666666666666,8
1682,11.653333333333334,8
1683,10.8,8
1684,11.306666666666667,8
1685,11.066666666666666,8
1686,11.68,8
1687,12.133333333333333,8
1688,11.653333333333334,8
1689,11.386666666666667,8
1690,11.12,8
1691,11.813333333333333,8
1692,11.76,8
1693,12.586666666666666,8
1694,11.626666666666667,8
1695,11.44,8
1696,11.68,8
1697,11.36,8
1698,10.906666666666666,8
1699,12.453333333333333,8
1700,12.32,8
1701,12.133333333333333,8
1702,11.893333333333333,8
1703,11.893333333333333,8
1704,11.333333333333334,8
1705,12.026666666666667,8
1706,11.52,8
1707,12.746666666666666,8
1708,12.586666666666666,8
1709,12.72,8
1710,11.813333333333333,8
1711,13.28,8
1712,13.28,8
1713,13.093333333333334,8
1714,12.186666666666667,8
1715,12.16,8
1716,12.346666666666666,8
1717,11.733333333333333,8
1718,11.786666666666667,8
1719,11.866666666666667,8
1720,11.253333333333334,8
1721,10.986666666666666,8
1722,10.64,8
1723,11.493333333333334,8
1724,11.706666666666667,8
1725,11.493333333333334,8
1726,11.386666666666667,8
1727,11.173333333333334,8
1728,10.64,8
1729,11.653333333333334,8
1730,11.866666666666667,8
1731,11.84,8
1732,11.653333333333334,8
1733,11.413333333333334,8
1734,12.026666666666667,8
1735,12.133333333333333,8
1736,11.973333333333333,8
1737,11.546666666666667,8
1738,11.6,8
1739,12.026666666666667,8
1740,11.946666666666667,8
1741,11.573333333333334,8
1742,12.373333333333333,8
1743,12.16,8
1744,12.106666666666667,8
1745,11.706666666666667,8
1746,11.813333333333333,8
1747,11.44,8
1748,10.666666666666666,8
1749,11.946666666666667,8
1750,12.24,8
1751,11.04,8
1752,10.853333333333333,8
1753,11.866666666666667,8
1754,11.546666666666667,8
1755,11.44,8
1756,11.093333333333334,8
1757,10.56,8
1758,10.88,8
1759,11.28,8
1760,10.88,8
1761,11.12,8
1762,11.893333333333333,8
1763,11.84,8
1764,11.733333333333333,8
1765,11.28,8
1766,10.666666666666666,8
1767,10.906666666666666,8
1768,10.373333333333333,8
1769,10.48,8
1770,11.786666666666667,8
1771,12.0,8
1772,12.906666666666666,8
1773,12.213333333333333,8
1774,11.92,8
1775,12.16,8
1776,12.373333333333333,8
1777,10.72,8
1778,10.8,8
1779,11.68,8
1780,11.546666666666667,8
1781,11.146666666666667,8
1782,11.706666666666667,8
1783,11.6,8
1784,12.186666666666667,8
1785,11.866666666666667,8
1786,11.76,8
1787,11.626666666666667,8
1788,10.986666666666666,8
1789,11.36,8
1790,11.253333333333334,8
1791,11.786666666666667,8
1792,12.773333333333333,8
1793,12.133333333333333,8
1794,11.52,8
1795,12.0,8
1796,12.0,8
1797,11.546666666666667,8
1798,11.2,8
1799,11.36,8
1800,11.253333333333334,8
1801,11.573333333333334,8
1802,12.48,8
1803,11.146666666666667,8
1804,12.133333333333333,8
1805,11.28,8
1806,11.013333333333334,8
1807,11.066666666666666,8
1808,10.853333333333333,8
1809,11.6,8
1810,11.226666666666667,8
1811,12.026666666666667,8
1812,12.053333333333333,8
1813,11.68,8
1814,11.546666666666667,8
1815,11.946666666666667,8
1816,11.786666666666667,8
1817,11.253333333333334,8
1818,11.573333333333334,8
1819,11.2,8
1820,11.546666666666667,8
1821,10.533333333333333,8
1822,10.48,8
1823,10.64,8
1824,10.666666666666666,8
1825,11.226666666666667,8
1826,11.493333333333334,8
1827,10.826666666666666,8
1828,11.36,8
1829,11.706666666666667,8
1830,11.333333333333334,8
1831,12.506666666666666,8
1832,12.186666666666667,8
1833,12.0,8
1834,12.266666666666667,8
1835,10.933333333333334,8
1836,12.48,8
1837,11.12,8
1838,11.173333333333334,8
1839,11.2,8
1840,11.493333333333334,8
1841,10.853333333333333,8
1842,11.813333333333333,8
1843,10.746666666666666,8
1844,10.773333333333333,8
1845,11.226666666666667,8
1846,11.093333333333334,8
1847,10.773333333333333,8
1848,10.746666666666666,8
1849,11.573333333333334,8
1850,11.12,8
1851,10.88,8
1852,11.493333333333334,8
1853,11.36,8
1854,11.386666666666667,8
1855,12.026666666666667,8
1856,11.706666666666667,8
1857,11.546666666666667,8
1858,12.186666666666667,8
1859,12.293333333333333,8
1860,11.973333333333333,8
1861,11.84,8
1862,11.253333333333334,8
1863,11.306666666666667,8
1864,11.386666666666667,8
1865,12.106666666666667,8
1866,11.36,8
1867,11.253333333333334,8
1868,11.546666666666667,8
1869,11.36,8
1870,11.893333333333333,8
1871,10.933333333333334,8
1872,11.52,8
1873,11.2,8
1874,12.48,8
1875,12.266666666666667,8
1876,11.946666666666667,8
1877,11.946666666666667,8
1878,11.386666666666667,8
1879,11.573333333333334,8
1880,11.28,8
1881,11.706666666666667,8
1882,11.306666666666667,8
1883,11.253333333333334,8
1884,11.52,8
1885,11.253333333333334,8
1886,10.826666666666666,8
1887,12.32,8
1888,12.053333333333333,8
1889,12.746666666666666,8
1890,12.16,8
1891,11.306666666666667,8
1892,11.626666666666667,8
1893,11.093333333333334,8
1894,12.053333333333333,8
1895,11.653333333333334,8
1896,11.493333333333334,8
1897,11.306666666666667,8
1898,12.346666666666666,8
1899,11.973333333333333,8
1900,11.733333333333333,8
1901,10.8,8
1902,10.88,8
1903,11.76,8
1904,11.146666666666667,8
1905,11.6,8
1906,11.546666666666667,8
1907,11.68,8
1908,11.653333333333334,8
1909,12.293333333333333,8
1910,11.546666666666667,8
1911,11.28,8
1912,12.373333333333333,8
1913,12.426666666666666,8
1914,11.706666666666667,8
1915,12.053333333333333,8
1916,11.573333333333334,8
1917,11.146666666666667,8
1918,11.733333333333333,8
1919,11.226666666666667,8
1920,11.68,8
1921,11.466666666666667,8
1922,11.066666666666666,8
1923,11.173333333333334,8
1924,10.96,8
1925,11.68,8
1926,12.533333333333333,8
1927,12.053333333333333,8
1928,11.306666666666667,8
1929,11.413333333333334,8
1930,10.933333333333334,8
1931,11.973333333333333,8
1932,11.626666666666667,8
1933,11.786666666666667,8
1934,11.28,8
1935,11.653333333333334,8
1936,11.68,8
1937,10.746666666666666,8
1938,11.28,8
1939,10.986666666666666,8
1940,11.04,8
1941,10.666666666666666,8
1942,11.786666666666667,8
1943,11.226666666666667,8
1944,11.226666666666667,8
1945,11.626666666666667,8
1946,11.013333333333334,8
1947,10.72,8
1948,11.52,8
1949,11.946666666666667,8
1950,11.92,8
1951,12.266666666666667,8
1952,11.12,8
1953,11.6,8
1954,12.08,8
1955,11.173333333333334,8
1956,11.466666666666667,8
1957,11.173333333333334,8
1958,11.146666666666667,8
1959,11.84,8
1960,11.653333333333334,8
1961,12.986666666666666,8
1962,12.32,8
1963,11.52,8
1964,10.746666666666666,8
1965,11.76,8
1966,11.226666666666667,8
1967,11.626666666666667,8
1968,11.173333333333334,8
1969,11.066666666666666,8
1970,11.44,8
1971,10.986666666666666,8
1972,11.493333333333334,8
1973,11.52,8
1974,11.706666666666667,8
1975,11.653333333333334,8
1976,12.053333333333333,8
1977,11.413333333333334,8
1978,11.546666666666667,8
1979,11.6,8
1980,12.533333333333333,8
1981,12.72,8
1982,12.506666666666666,8
1983,11.386666666666667,8
1984,11.973333333333333,8
1985,11.466666666666667,8
1986,11.973333333333333,8
1987,12.106666666666667,8
1988,12.08,8
1989,12.053333333333333,8
1990,11.92,8
1991,11.546666666666667,8
1992,12.133333333333333,8
1993,11.92,8
1994,12.186666666666667,8
1995,11.946666666666667,8
1996,12.106666666666667,8
1997,12.32,8
1998,12.186666666666667,8
1999,11.706666666666667,8
