Figure: small_5
File Number: 8
Nodes: 36
Edges: 580
Max Generations: 2000
Population Size: 150
Mutation Rate: 0.01
Colors Used: 8
Runtime: 4.92

Generation,Average Fitness,Best Fitness
0,145.46666666666667,96
1,136.21333333333334,96
2,132.13333333333333,92
3,128.88,80
4,124.42666666666666,80
5,116.48,80
6,112.98666666666666,68
7,111.84,68
8,109.46666666666667,68
9,109.46666666666667,64
10,106.02666666666667,56
11,109.09333333333333,56
12,105.97333333333333,56
13,102.66666666666667,56
14,97.81333333333333,56
15,95.25333333333333,48
16,92.50666666666666,48
17,89.25333333333333,48
18,82.93333333333334,48
19,79.33333333333333,48
20,76.50666666666666,40
21,71.04,40
22,66.29333333333334,40
23,61.92,36
24,58.77333333333333,36
25,55.28,36
26,52.24,28
27,50.13333333333333,28
28,47.06666666666667,28
29,43.68,28
30,41.626666666666665,28
31,40.64,28
32,38.16,28
33,36.93333333333333,24
34,36.21333333333333,24
35,36.45333333333333,24
36,34.21333333333333,20
37,32.96,20
38,33.093333333333334,20
39,31.253333333333334,20
40,30.85333333333333,20
41,28.746666666666666,20
42,29.093333333333334,20
43,29.093333333333334,20
44,28.506666666666668,20
45,27.066666666666666,20
46,26.4,20
47,26.426666666666666,20
48,26.346666666666668,20
49,25.706666666666667,16
50,25.386666666666667,16
51,24.666666666666668,16
52,24.08,16
53,23.68,16
54,22.69333333333333,16
55,22.32,16
56,22.106666666666666,16
57,21.28,12
58,21.253333333333334,12
59,20.69333333333333,12
60,20.72,12
61,20.32,12
62,20.773333333333333,12
63,21.36,12
64,20.8,12
65,19.546666666666667,12
66,19.12,12
67,18.213333333333335,8
68,18.346666666666668,8
69,18.266666666666666,8
70,16.64,8
71,16.4,8
72,17.013333333333332,8
73,16.16,8
74,16.666666666666668,4
75,17.12,4
76,16.08,4
77,16.266666666666666,4
78,14.96,4
79,15.253333333333334,4
80,15.093333333333334,4
81,13.546666666666667,4
82,13.333333333333334,4
83,12.88,4
84,12.506666666666666,4
85,11.573333333333334,4
86,10.906666666666666,4
87,9.92,4
88,8.48,4
89,8.026666666666667,4
90,7.386666666666667,4
91,7.866666666666666,4
92,8.24,4
93,8.106666666666667,4
94,7.013333333333334,4
95,8.026666666666667,4
96,8.053333333333333,4
97,7.413333333333333,4
98,7.306666666666667,4
99,7.306666666666667,4
100,7.493333333333333,4
101,8.0,4
102,8.026666666666667,4
103,8.213333333333333,4
104,7.333333333333333,4
105,8.426666666666666,4
106,7.413333333333333,4
107,7.653333333333333,4
108,7.8133333333333335,4
109,7.386666666666667,4
110,6.96,4
111,8.24,4
112,8.266666666666667,4
113,8.32,4
114,8.32,4
115,7.92,4
116,7.253333333333333,4
117,7.84,4
118,8.08,4
119,7.173333333333333,4
120,8.0,4
121,7.8933333333333335,4
122,8.16,4
123,8.533333333333333,4
124,8.106666666666667,4
125,7.626666666666667,4
126,7.52,4
127,7.626666666666667,4
128,8.986666666666666,4
129,8.0,4
130,7.333333333333333,4
131,7.653333333333333,4
132,8.24,4
133,8.453333333333333,4
134,7.946666666666666,4
135,8.106666666666667,4
136,7.786666666666667,4
137,8.106666666666667,4
138,7.36,4
139,8.853333333333333,4
140,7.706666666666667,4
141,8.853333333333333,4
142,7.92,4
143,7.28,4
144,8.48,4
145,7.36,4
146,7.573333333333333,4
147,7.52,4
148,7.093333333333334,4
149,7.466666666666667,4
150,7.493333333333333,4
151,7.84,4
152,8.16,4
153,7.333333333333333,4
154,8.24,4
155,8.08,4
156,8.72,4
157,8.0,4
158,7.2,4
159,7.786666666666667,4
160,7.92,4
161,8.346666666666666,4
162,8.48,4
163,8.373333333333333,4
164,8.933333333333334,4
165,8.986666666666666,4
166,8.56,4
167,8.826666666666666,4
168,8.506666666666666,4
169,7.92,4
170,7.946666666666666,4
171,8.32,4
172,8.346666666666666,4
173,7.973333333333334,4
174,7.733333333333333,4
175,7.306666666666667,4
176,7.786666666666667,4
177,7.68,4
178,8.053333333333333,4
179,8.906666666666666,4
180,9.44,4
181,8.586666666666666,4
182,7.1466666666666665,4
183,7.653333333333333,4
184,7.066666666666666,4
185,7.253333333333333,4
186,7.466666666666667,4
187,7.546666666666667,4
188,7.6,4
189,7.1466666666666665,4
190,7.92,4
191,8.346666666666666,4
192,7.52,4
193,7.466666666666667,4
194,8.346666666666666,4
195,7.946666666666666,4
196,7.786666666666667,4
197,7.8933333333333335,4
198,7.546666666666667,4
199,7.76,4
200,7.413333333333333,4
201,7.8933333333333335,4
202,7.8133333333333335,4
203,8.373333333333333,4
204,8.133333333333333,4
205,8.32,4
206,8.186666666666667,4
207,7.6,4
208,7.1466666666666665,4
209,6.1866666666666665,4
210,6.906666666666666,4
211,6.96,4
212,7.493333333333333,4
213,7.493333333333333,4
214,7.8133333333333335,4
215,8.266666666666667,4
216,8.0,4
217,7.76,4
218,7.706666666666667,4
219,8.56,4
220,7.546666666666667,4
221,7.84,4
222,7.973333333333334,4
223,7.093333333333334,4
224,6.506666666666667,4
225,7.1466666666666665,4
226,6.693333333333333,4
227,6.96,4
228,8.16,4
229,7.8133333333333335,4
230,6.96,4
231,7.466666666666667,4
232,6.1866666666666665,4
233,7.68,4
234,7.253333333333333,4
235,7.333333333333333,4
236,7.6,4
237,8.186666666666667,4
238,7.76,4
239,7.546666666666667,4
240,7.706666666666667,4
241,7.466666666666667,4
242,8.0,4
243,8.24,4
244,8.426666666666666,4
245,7.786666666666667,4
246,8.24,4
247,8.506666666666666,4
248,9.093333333333334,4
249,7.733333333333333,4
250,6.693333333333333,4
251,7.093333333333334,4
252,8.72,4
253,8.32,4
254,7.44,4
255,7.76,4
256,6.88,4
257,8.213333333333333,4
258,7.92,4
259,8.133333333333333,4
260,7.786666666666667,4
261,7.52,4
262,8.613333333333333,4
263,7.173333333333333,4
264,7.253333333333333,4
265,7.2,4
266,7.44,4
267,7.84,4
268,7.786666666666667,4
269,7.626666666666667,4
270,8.0,4
271,7.52,4
272,8.026666666666667,4
273,7.84,4
274,7.6,4
275,8.32,4
276,7.706666666666667,4
277,7.8933333333333335,4
278,7.093333333333334,4
279,7.8933333333333335,4
280,7.973333333333334,4
281,7.44,4
282,7.04,4
283,6.96,4
284,7.466666666666667,4
285,7.786666666666667,4
286,7.653333333333333,4
287,7.8133333333333335,4
288,7.84,4
289,7.626666666666667,4
290,7.733333333333333,4
291,7.786666666666667,4
292,8.213333333333333,4
293,7.493333333333333,4
294,7.306666666666667,4
295,7.093333333333334,4
296,6.746666666666667,4
297,6.72,4
298,7.386666666666667,4
299,7.8933333333333335,4
300,7.28,4
301,7.8933333333333335,4
302,7.706666666666667,4
303,8.106666666666667,4
304,7.786666666666667,4
305,7.706666666666667,4
306,7.8133333333333335,4
307,7.626666666666667,4
308,7.8933333333333335,4
309,8.026666666666667,4
310,7.573333333333333,4
311,8.346666666666666,4
312,7.68,4
313,7.68,4
314,8.4,4
315,7.946666666666666,4
316,7.8933333333333335,4
317,8.56,4
318,7.626666666666667,4
319,6.72,4
320,8.186666666666667,4
321,6.453333333333333,4
322,6.88,4
323,8.133333333333333,4
324,8.026666666666667,4
325,7.653333333333333,4
326,7.76,4
327,8.56,4
328,9.066666666666666,4
329,9.173333333333334,4
330,8.773333333333333,4
331,7.6,4
332,7.84,4
333,8.026666666666667,4
334,8.026666666666667,4
335,8.293333333333333,4
336,7.733333333333333,4
337,7.8933333333333335,4
338,7.493333333333333,4
339,8.426666666666666,4
340,8.426666666666666,4
341,8.56,4
342,8.346666666666666,4
343,8.026666666666667,4
344,8.293333333333333,4
345,8.32,4
346,7.946666666666666,4
347,7.6,4
348,7.706666666666667,4
349,7.12,4
350,7.226666666666667,4
351,7.92,4
352,8.266666666666667,4
353,8.426666666666666,4
354,8.693333333333333,4
355,8.72,4
356,7.866666666666666,4
357,7.733333333333333,4
358,7.36,4
359,7.386666666666667,4
360,7.76,4
361,7.786666666666667,4
362,7.653333333333333,4
363,7.44,4
364,7.52,4
365,6.933333333333334,4
366,7.493333333333333,4
367,8.186666666666667,4
368,8.106666666666667,4
369,8.0,4
370,7.546666666666667,4
371,7.44,4
372,7.413333333333333,4
373,6.48,4
374,7.466666666666667,4
375,7.733333333333333,4
376,8.16,4
377,7.466666666666667,4
378,6.0,4
379,7.466666666666667,4
380,6.88,4
381,6.933333333333334,4
382,7.573333333333333,4
383,8.24,4
384,6.933333333333334,4
385,7.493333333333333,4
386,7.44,4
387,6.906666666666666,4
388,7.8133333333333335,4
389,7.946666666666666,4
390,8.106666666666667,4
391,7.36,4
392,8.186666666666667,4
393,7.493333333333333,4
394,8.026666666666667,4
395,8.4,4
396,8.8,4
397,7.573333333333333,4
398,7.066666666666666,4
399,7.28,4
400,7.413333333333333,4
401,7.36,4
402,7.333333333333333,4
403,7.333333333333333,4
404,8.053333333333333,4
405,7.093333333333334,4
406,7.6,4
407,7.173333333333333,4
408,7.1466666666666665,4
409,6.906666666666666,4
410,7.866666666666666,4
411,7.52,4
412,8.0,4
413,9.066666666666666,4
414,8.213333333333333,4
415,7.706666666666667,4
416,8.88,4
417,7.466666666666667,4
418,7.6,4
419,7.653333333333333,4
420,7.44,4
421,7.573333333333333,4
422,7.8133333333333335,4
423,7.786666666666667,4
424,7.68,4
425,6.933333333333334,4
426,7.866666666666666,4
427,7.6,4
428,7.653333333333333,4
429,8.08,4
430,7.8933333333333335,4
431,8.346666666666666,4
432,8.48,4
433,8.16,4
434,7.733333333333333,4
435,8.026666666666667,4
436,7.6,4
437,7.546666666666667,4
438,7.306666666666667,4
439,7.093333333333334,4
440,7.653333333333333,4
441,7.413333333333333,4
442,7.413333333333333,4
443,7.786666666666667,4
444,7.76,4
445,7.84,4
446,7.44,4
447,7.413333333333333,4
448,7.013333333333334,4
449,6.613333333333333,4
450,7.413333333333333,4
451,7.973333333333334,4
452,7.653333333333333,4
453,6.88,4
454,7.8133333333333335,4
455,7.226666666666667,4
456,6.906666666666666,4
457,7.466666666666667,4
458,8.053333333333333,4
459,7.6,4
460,7.093333333333334,4
461,7.493333333333333,4
462,6.693333333333333,4
463,7.1466666666666665,4
464,7.68,4
465,7.626666666666667,4
466,7.706666666666667,4
467,8.133333333333333,4
468,6.666666666666667,4
469,7.626666666666667,4
470,7.626666666666667,4
471,8.08,4
472,7.546666666666667,4
473,7.466666666666667,4
474,8.48,4
475,7.92,4
476,8.08,4
477,7.28,4
478,7.1466666666666665,4
479,7.706666666666667,4
480,7.413333333333333,4
481,7.413333333333333,4
482,7.44,4
483,7.6,4
484,6.88,4
485,6.72,4
486,7.173333333333333,4
487,7.973333333333334,4
488,7.6,4
489,7.493333333333333,4
490,7.6,4
491,7.706666666666667,4
492,6.986666666666666,4
493,7.946666666666666,4
494,7.76,4
495,6.826666666666667,4
496,7.786666666666667,4
497,6.773333333333333,4
498,7.76,4
499,7.44,4
500,7.12,4
501,7.493333333333333,4
502,7.52,4
503,7.493333333333333,4
504,7.6,4
505,6.453333333333333,4
506,7.6,4
507,7.866666666666666,4
508,7.226666666666667,4
509,7.306666666666667,4
510,7.866666666666666,4
511,7.6,4
512,7.413333333333333,4
513,7.6,4
514,7.093333333333334,4
515,7.68,4
516,8.08,4
517,7.546666666666667,4
518,7.8933333333333335,4
519,8.08,4
520,7.8933333333333335,4
521,7.973333333333334,4
522,7.8933333333333335,4
523,7.866666666666666,4
524,7.84,4
525,7.973333333333334,4
526,7.76,4
527,9.226666666666667,4
528,8.853333333333333,4
529,7.733333333333333,4
530,6.586666666666667,4
531,8.053333333333333,4
532,8.533333333333333,4
533,8.746666666666666,4
534,9.013333333333334,4
535,8.48,4
536,8.64,4
537,8.32,4
538,8.32,4
539,8.346666666666666,4
540,7.973333333333334,4
541,6.72,4
542,7.226666666666667,4
543,8.133333333333333,4
544,7.653333333333333,4
545,7.52,4
546,6.96,4
547,7.573333333333333,4
548,7.28,4
549,7.52,4
550,7.653333333333333,4
551,8.693333333333333,4
552,9.013333333333334,4
553,9.2,4
554,8.933333333333334,4
555,8.533333333333333,4
556,7.84,4
557,8.906666666666666,4
558,7.786666666666667,4
559,7.946666666666666,4
560,7.866666666666666,4
561,8.026666666666667,4
562,8.293333333333333,4
563,8.506666666666666,4
564,7.52,4
565,7.92,4
566,7.626666666666667,4
567,7.973333333333334,4
568,7.28,4
569,7.333333333333333,4
570,7.76,4
571,7.733333333333333,4
572,7.946666666666666,4
573,7.333333333333333,4
574,7.973333333333334,4
575,7.626666666666667,4
576,8.24,4
577,7.466666666666667,4
578,7.573333333333333,4
579,8.106666666666667,4
580,8.026666666666667,4
581,7.6,4
582,7.386666666666667,4
583,7.546666666666667,4
584,8.373333333333333,4
585,8.026666666666667,4
586,8.346666666666666,4
587,8.32,4
588,6.933333333333334,4
589,7.306666666666667,4
590,7.306666666666667,4
591,7.973333333333334,4
592,7.493333333333333,4
593,7.413333333333333,4
594,7.306666666666667,4
595,7.333333333333333,4
596,7.253333333333333,4
597,7.8133333333333335,4
598,8.053333333333333,4
599,7.706666666666667,4
600,8.266666666666667,4
601,7.8133333333333335,4
602,7.466666666666667,4
603,8.08,4
604,8.88,4
605,8.24,4
606,8.506666666666666,4
607,7.1466666666666665,4
608,7.573333333333333,4
609,8.133333333333333,4
610,8.586666666666666,4
611,8.853333333333333,4
612,8.453333333333333,4
613,7.84,4
614,7.333333333333333,4
615,7.76,4
616,8.56,4
617,7.946666666666666,4
618,8.506666666666666,4
619,8.56,4
620,7.653333333333333,4
621,7.8933333333333335,4
622,8.266666666666667,4
623,7.866666666666666,4
624,7.173333333333333,4
625,7.84,4
626,7.84,4
627,7.84,4
628,7.653333333333333,4
629,7.8933333333333335,4
630,7.066666666666666,4
631,8.453333333333333,4
632,8.053333333333333,4
633,8.4,4
634,8.0,4
635,7.12,4
636,6.933333333333334,4
637,7.8133333333333335,4
638,7.8133333333333335,4
639,9.253333333333334,4
640,8.426666666666666,4
641,7.573333333333333,4
642,7.44,4
643,8.586666666666666,4
644,7.413333333333333,4
645,7.226666666666667,4
646,7.013333333333334,4
647,7.44,4
648,7.226666666666667,4
649,7.52,4
650,6.826666666666667,4
651,6.933333333333334,4
652,6.88,4
653,7.786666666666667,4
654,8.24,4
655,7.653333333333333,4
656,7.413333333333333,4
657,7.653333333333333,4
658,7.573333333333333,4
659,6.8533333333333335,4
660,8.613333333333333,4
661,7.946666666666666,4
662,7.786666666666667,4
663,7.573333333333333,4
664,7.946666666666666,4
665,8.293333333333333,4
666,7.8133333333333335,4
667,7.8933333333333335,4
668,7.066666666666666,4
669,7.173333333333333,4
670,6.266666666666667,4
671,6.986666666666666,4
672,7.546666666666667,4
673,7.6,4
674,7.493333333333333,4
675,7.413333333333333,4
676,7.786666666666667,4
677,6.746666666666667,4
678,7.76,4
679,7.226666666666667,4
680,7.333333333333333,4
681,7.546666666666667,4
682,7.52,4
683,8.48,4
684,7.466666666666667,4
685,8.666666666666666,4
686,8.053333333333333,4
687,8.4,4
688,8.506666666666666,4
689,8.133333333333333,4
690,7.093333333333334,4
691,8.08,4
692,7.546666666666667,4
693,6.96,4
694,7.413333333333333,4
695,7.8933333333333335,4
696,7.173333333333333,4
697,8.106666666666667,4
698,7.546666666666667,4
699,8.213333333333333,4
700,6.8,4
701,7.173333333333333,4
702,8.266666666666667,4
703,8.88,4
704,8.506666666666666,4
705,8.56,4
706,7.84,4
707,8.426666666666666,4
708,8.426666666666666,4
709,9.04,4
710,8.08,4
711,8.026666666666667,4
712,7.626666666666667,4
713,7.8133333333333335,4
714,7.786666666666667,4
715,7.36,4
716,7.973333333333334,4
717,7.12,4
718,7.8933333333333335,4
719,7.226666666666667,4
720,8.08,4
721,7.546666666666667,4
722,8.053333333333333,4
723,7.52,4
724,7.68,4
725,7.413333333333333,4
726,7.76,4
727,8.4,4
728,7.626666666666667,4
729,8.133333333333333,4
730,8.106666666666667,4
731,7.44,4
732,8.426666666666666,4
733,8.186666666666667,4
734,7.386666666666667,4
735,8.026666666666667,4
736,7.946666666666666,4
737,8.0,4
738,8.053333333333333,4
739,7.253333333333333,4
740,8.16,4
741,8.266666666666667,4
742,7.493333333333333,4
743,6.8533333333333335,4
744,6.8533333333333335,4
745,6.693333333333333,4
746,7.12,4
747,6.666666666666667,4
748,6.88,4
749,7.226666666666667,4
750,8.053333333333333,4
751,8.346666666666666,4
752,6.533333333333333,4
753,6.933333333333334,4
754,7.04,4
755,7.413333333333333,4
756,7.44,4
757,7.92,4
758,7.493333333333333,4
759,7.8933333333333335,4
760,7.306666666666667,4
761,7.28,4
762,7.493333333333333,4
763,7.653333333333333,4
764,7.973333333333334,4
765,7.173333333333333,4
766,7.68,4
767,7.946666666666666,4
768,7.8933333333333335,4
769,7.573333333333333,4
770,7.226666666666667,4
771,7.8933333333333335,4
772,8.746666666666666,4
773,8.4,4
774,8.186666666666667,4
775,8.0,4
776,8.026666666666667,4
777,8.053333333333333,4
778,8.186666666666667,4
779,7.866666666666666,4
780,8.426666666666666,4
781,7.68,4
782,8.506666666666666,4
783,8.08,4
784,7.52,4
785,8.106666666666667,4
786,7.8933333333333335,4
787,8.746666666666666,4
788,8.213333333333333,4
789,7.706666666666667,4
790,7.573333333333333,4
791,7.52,4
792,8.373333333333333,4
793,8.346666666666666,4
794,8.24,4
795,8.56,4
796,8.24,4
797,8.453333333333333,4
798,7.68,4
799,7.573333333333333,4
800,7.626666666666667,4
801,7.92,4
802,7.306666666666667,4
803,7.626666666666667,4
804,7.76,4
805,7.8933333333333335,4
806,8.0,4
807,6.506666666666667,4
808,7.44,4
809,7.466666666666667,4
810,7.04,4
811,7.546666666666667,4
812,7.52,4
813,7.28,4
814,7.52,4
815,7.253333333333333,4
816,7.2,4
817,6.48,4
818,6.8,4
819,6.773333333333333,4
820,6.8,4
821,7.8133333333333335,4
822,7.653333333333333,4
823,6.693333333333333,4
824,7.546666666666667,4
825,8.053333333333333,4
826,8.0,4
827,7.653333333333333,4
828,6.88,4
829,8.213333333333333,4
830,8.24,4
831,8.4,4
832,7.653333333333333,4
833,6.746666666666667,4
834,7.253333333333333,4
835,7.626666666666667,4
836,7.306666666666667,4
837,7.786666666666667,4
838,6.533333333333333,4
839,7.493333333333333,4
840,8.48,4
841,7.1466666666666665,4
842,7.6,4
843,8.133333333333333,4
844,8.4,4
845,8.106666666666667,4
846,7.52,4
847,7.706666666666667,4
848,7.76,4
849,7.946666666666666,4
850,7.333333333333333,4
851,7.306666666666667,4
852,6.986666666666666,4
853,8.453333333333333,4
854,7.333333333333333,4
855,7.653333333333333,4
856,7.68,4
857,7.333333333333333,4
858,7.253333333333333,4
859,7.546666666666667,4
860,8.24,4
861,7.466666666666667,4
862,7.973333333333334,4
863,8.053333333333333,4
864,7.733333333333333,4
865,7.92,4
866,7.8133333333333335,4
867,7.2,4
868,6.986666666666666,4
869,7.306666666666667,4
870,7.466666666666667,4
871,7.6,4
872,7.066666666666666,4
873,7.84,4
874,7.8933333333333335,4
875,8.08,4
876,8.106666666666667,4
877,6.986666666666666,4
878,7.626666666666667,4
879,6.773333333333333,4
880,7.093333333333334,4
881,7.8933333333333335,4
882,6.933333333333334,4
883,7.706666666666667,4
884,6.64,4
885,7.013333333333334,4
886,7.866666666666666,4
887,8.133333333333333,4
888,7.386666666666667,4
889,6.826666666666667,4
890,7.92,4
891,7.52,4
892,7.68,4
893,7.84,4
894,7.866666666666666,4
895,7.493333333333333,4
896,7.653333333333333,4
897,8.746666666666666,4
898,8.293333333333333,4
899,8.08,4
900,7.573333333333333,4
901,7.786666666666667,4
902,7.12,4
903,7.226666666666667,4
904,6.8533333333333335,4
905,7.04,4
906,7.1466666666666665,4
907,7.306666666666667,4
908,7.386666666666667,4
909,7.386666666666667,4
910,7.8133333333333335,4
911,6.72,4
912,8.053333333333333,4
913,8.666666666666666,4
914,8.213333333333333,4
915,7.92,4
916,7.306666666666667,4
917,8.133333333333333,4
918,7.1466666666666665,4
919,7.04,4
920,7.706666666666667,4
921,8.453333333333333,4
922,8.266666666666667,4
923,7.653333333333333,4
924,7.04,4
925,6.746666666666667,4
926,7.28,4
927,8.48,4
928,8.826666666666666,4
929,6.96,4
930,7.386666666666667,4
931,7.92,4
932,7.28,4
933,7.573333333333333,4
934,6.826666666666667,4
935,7.253333333333333,4
936,6.88,4
937,8.266666666666667,4
938,8.186666666666667,4
939,7.92,4
940,7.386666666666667,4
941,7.413333333333333,4
942,8.026666666666667,4
943,7.973333333333334,4
944,7.546666666666667,4
945,8.32,4
946,7.68,4
947,7.6,4
948,7.733333333333333,4
949,7.12,4
950,7.013333333333334,4
951,6.693333333333333,4
952,6.453333333333333,4
953,6.666666666666667,4
954,8.16,4
955,6.8,4
956,7.253333333333333,4
957,7.866666666666666,4
958,8.213333333333333,4
959,7.28,4
960,7.8933333333333335,4
961,8.533333333333333,4
962,7.6,4
963,7.573333333333333,4
964,6.88,4
965,7.066666666666666,4
966,7.306666666666667,4
967,8.08,4
968,8.026666666666667,4
969,8.453333333333333,4
970,7.28,4
971,7.786666666666667,4
972,7.2,4
973,8.506666666666666,4
974,8.293333333333333,4
975,8.506666666666666,4
976,7.466666666666667,4
977,7.12,4
978,6.666666666666667,4
979,7.6,4
980,7.8933333333333335,4
981,7.786666666666667,4
982,7.466666666666667,4
983,6.8533333333333335,4
984,7.093333333333334,4
985,7.306666666666667,4
986,8.186666666666667,4
987,8.026666666666667,4
988,7.093333333333334,4
989,7.52,4
990,7.973333333333334,4
991,7.1466666666666665,4
992,7.413333333333333,4
993,7.8933333333333335,4
994,7.306666666666667,4
995,8.266666666666667,4
996,7.626666666666667,4
997,7.573333333333333,4
998,7.493333333333333,4
999,7.306666666666667,4
1000,7.626666666666667,4
1001,7.253333333333333,4
1002,6.933333333333334,4
1003,7.626666666666667,4
1004,7.786666666666667,4
1005,8.08,4
1006,7.36,4
1007,7.36,4
1008,7.573333333333333,4
1009,8.0,4
1010,9.146666666666667,4
1011,8.08,4
1012,7.013333333333334,4
1013,7.04,4
1014,7.493333333333333,4
1015,7.36,4
1016,7.8133333333333335,4
1017,8.106666666666667,4
1018,8.48,4
1019,8.026666666666667,4
1020,7.946666666666666,4
1021,7.413333333333333,4
1022,6.96,4
1023,7.28,4
1024,6.666666666666667,4
1025,7.44,4
1026,8.373333333333333,4
1027,8.16,4
1028,8.08,4
1029,7.413333333333333,4
1030,7.573333333333333,4
1031,6.72,4
1032,7.04,4
1033,8.346666666666666,4
1034,7.6,4
1035,8.213333333333333,4
1036,8.133333333333333,4
1037,8.053333333333333,4
1038,7.76,4
1039,6.88,4
1040,6.96,4
1041,6.826666666666667,4
1042,6.773333333333333,4
1043,7.12,4
1044,8.08,4
1045,7.786666666666667,4
1046,8.186666666666667,4
1047,8.213333333333333,4
1048,8.906666666666666,4
1049,7.92,4
1050,8.186666666666667,4
1051,7.546666666666667,4
1052,8.0,4
1053,7.68,4
1054,8.08,4
1055,7.413333333333333,4
1056,7.706666666666667,4
1057,7.8933333333333335,4
1058,8.16,4
1059,7.6,4
1060,7.253333333333333,4
1061,7.52,4
1062,7.173333333333333,4
1063,8.346666666666666,4
1064,7.733333333333333,4
1065,7.36,4
1066,7.866666666666666,4
1067,7.306666666666667,4
1068,7.84,4
1069,6.666666666666667,4
1070,7.626666666666667,4
1071,7.866666666666666,4
1072,7.68,4
1073,8.746666666666666,4
1074,8.986666666666666,4
1075,8.32,4
1076,8.293333333333333,4
1077,8.533333333333333,4
1078,7.946666666666666,4
1079,8.106666666666667,4
1080,7.173333333333333,4
1081,7.493333333333333,4
1082,7.76,4
1083,7.8933333333333335,4
1084,7.36,4
1085,7.733333333333333,4
1086,7.52,4
1087,8.0,4
1088,7.946666666666666,4
1089,8.32,4
1090,8.026666666666667,4
1091,6.933333333333334,4
1092,7.066666666666666,4
1093,6.533333333333333,4
1094,7.946666666666666,4
1095,7.92,4
1096,7.573333333333333,4
1097,7.68,4
1098,7.76,4
1099,8.293333333333333,4
1100,7.12,4
1101,7.466666666666667,4
1102,8.32,4
1103,7.546666666666667,4
1104,8.0,4
1105,7.226666666666667,4
1106,7.786666666666667,4
1107,7.386666666666667,4
1108,8.133333333333333,4
1109,7.44,4
1110,7.226666666666667,4
1111,7.1466666666666665,4
1112,7.28,4
1113,8.08,4
1114,8.773333333333333,4
1115,8.24,4
1116,8.186666666666667,4
1117,7.466666666666667,4
1118,7.173333333333333,4
1119,7.28,4
1120,7.52,4
1121,6.32,4
1122,7.226666666666667,4
1123,6.826666666666667,4
1124,7.1466666666666665,4
1125,8.053333333333333,4
1126,8.053333333333333,4
1127,7.733333333333333,4
1128,8.0,4
1129,7.253333333333333,4
1130,7.226666666666667,4
1131,7.306666666666667,4
1132,8.106666666666667,4
1133,8.746666666666666,4
1134,8.213333333333333,4
1135,8.453333333333333,4
1136,7.866666666666666,4
1137,6.8533333333333335,4
1138,7.1466666666666665,4
1139,7.386666666666667,4
1140,7.36,4
1141,7.066666666666666,4
1142,7.36,4
1143,6.746666666666667,4
1144,7.6,4
1145,7.626666666666667,4
1146,7.76,4
1147,8.373333333333333,4
1148,8.32,4
1149,8.773333333333333,4
1150,7.973333333333334,4
1151,8.96,4
1152,8.586666666666666,4
1153,7.28,4
1154,7.04,4
1155,8.266666666666667,4
1156,8.133333333333333,4
1157,8.293333333333333,4
1158,7.2,4
1159,7.413333333333333,4
1160,8.426666666666666,4
1161,7.173333333333333,4
1162,7.8133333333333335,4
1163,8.826666666666666,4
1164,7.28,4
1165,7.466666666666667,4
1166,7.413333333333333,4
1167,7.253333333333333,4
1168,7.306666666666667,4
1169,7.493333333333333,4
1170,8.373333333333333,4
1171,7.333333333333333,4
1172,8.24,4
1173,8.986666666666666,4
1174,8.0,4
1175,7.653333333333333,4
1176,6.506666666666667,4
1177,7.493333333333333,4
1178,7.333333333333333,4
1179,7.733333333333333,4
1180,7.866666666666666,4
1181,7.92,4
1182,7.786666666666667,4
1183,7.866666666666666,4
1184,8.08,4
1185,7.52,4
1186,6.72,4
1187,7.306666666666667,4
1188,7.786666666666667,4
1189,7.973333333333334,4
1190,7.226666666666667,4
1191,7.226666666666667,4
1192,7.1466666666666665,4
1193,7.493333333333333,4
1194,7.973333333333334,4
1195,7.653333333333333,4
1196,7.52,4
1197,7.413333333333333,4
1198,6.96,4
1199,7.386666666666667,4
1200,8.053333333333333,4
1201,7.44,4
1202,7.253333333333333,4
1203,8.186666666666667,4
1204,7.6,4
1205,7.2,4
1206,7.573333333333333,4
1207,8.026666666666667,4
1208,8.186666666666667,4
1209,8.88,4
1210,8.4,4
1211,8.053333333333333,4
1212,8.4,4
1213,9.84,4
1214,8.826666666666666,4
1215,7.626666666666667,4
1216,8.48,4
1217,9.066666666666666,4
1218,7.973333333333334,4
1219,7.92,4
1220,7.386666666666667,4
1221,7.653333333333333,4
1222,7.573333333333333,4
1223,8.133333333333333,4
1224,8.24,4
1225,8.906666666666666,4
1226,8.64,4
1227,8.346666666666666,4
1228,7.76,4
1229,7.333333333333333,4
1230,8.24,4
1231,7.973333333333334,4
1232,7.8933333333333335,4
1233,7.44,4
1234,8.506666666666666,4
1235,8.586666666666666,4
1236,9.013333333333334,4
1237,7.946666666666666,4
1238,7.786666666666667,4
1239,7.626666666666667,4
1240,7.653333333333333,4
1241,8.16,4
1242,8.16,4
1243,7.8933333333333335,4
1244,8.186666666666667,4
1245,8.08,4
1246,7.8133333333333335,4
1247,8.773333333333333,4
1248,8.8,4
1249,8.56,4
1250,7.786666666666667,4
1251,7.946666666666666,4
1252,7.04,4
1253,6.88,4
1254,7.12,4
1255,7.52,4
1256,7.6,4
1257,7.093333333333334,4
1258,7.546666666666667,4
1259,7.92,4
1260,8.026666666666667,4
1261,7.173333333333333,4
1262,7.546666666666667,4
1263,8.506666666666666,4
1264,8.453333333333333,4
1265,7.546666666666667,4
1266,7.84,4
1267,7.626666666666667,4
1268,7.92,4
1269,7.28,4
1270,6.426666666666667,4
1271,7.626666666666667,4
1272,7.413333333333333,4
1273,7.6,4
1274,7.546666666666667,4
1275,7.173333333333333,4
1276,7.546666666666667,4
1277,7.066666666666666,4
1278,7.466666666666667,4
1279,7.573333333333333,4
1280,7.066666666666666,4
1281,7.493333333333333,4
1282,8.106666666666667,4
1283,8.373333333333333,4
1284,7.36,4
1285,7.333333333333333,4
1286,7.1466666666666665,4
1287,7.333333333333333,4
1288,7.52,4
1289,6.56,4
1290,7.1466666666666665,4
1291,7.253333333333333,4
1292,7.706666666666667,4
1293,8.266666666666667,4
1294,7.76,4
1295,7.946666666666666,4
1296,7.493333333333333,4
1297,7.386666666666667,4
1298,7.253333333333333,4
1299,7.333333333333333,4
1300,6.906666666666666,4
1301,7.12,4
1302,7.76,4
1303,8.746666666666666,4
1304,8.373333333333333,4
1305,8.0,4
1306,6.96,4
1307,7.653333333333333,4
1308,8.746666666666666,4
1309,8.96,4
1310,8.24,4
1311,8.426666666666666,4
1312,7.8933333333333335,4
1313,7.84,4
1314,8.533333333333333,4
1315,8.24,4
1316,8.053333333333333,4
1317,7.2,4
1318,8.373333333333333,4
1319,8.533333333333333,4
1320,8.0,4
1321,7.92,4
1322,7.8933333333333335,4
1323,7.786666666666667,4
1324,7.84,4
1325,7.1466666666666665,4
1326,7.36,4
1327,7.306666666666667,4
1328,8.08,4
1329,7.44,4
1330,7.333333333333333,4
1331,6.8533333333333335,4
1332,7.013333333333334,4
1333,7.36,4
1334,6.933333333333334,4
1335,7.013333333333334,4
1336,7.786666666666667,4
1337,7.68,4
1338,8.64,4
1339,8.213333333333333,4
1340,7.6,4
1341,7.8133333333333335,4
1342,8.293333333333333,4
1343,7.84,4
1344,7.333333333333333,4
1345,7.52,4
1346,8.32,4
1347,8.053333333333333,4
1348,8.133333333333333,4
1349,8.906666666666666,4
1350,8.72,4
1351,8.24,4
1352,8.133333333333333,4
1353,8.293333333333333,4
1354,7.573333333333333,4
1355,7.493333333333333,4
1356,7.226666666666667,4
1357,7.653333333333333,4
1358,7.333333333333333,4
1359,8.16,4
1360,8.08,4
1361,8.8,4
1362,7.493333333333333,4
1363,7.946666666666666,4
1364,7.36,4
1365,8.026666666666667,4
1366,7.52,4
1367,7.2,4
1368,7.8133333333333335,4
1369,7.253333333333333,4
1370,7.84,4
1371,7.92,4
1372,7.04,4
1373,7.706666666666667,4
1374,7.8133333333333335,4
1375,7.466666666666667,4
1376,7.8133333333333335,4
1377,7.413333333333333,4
1378,7.28,4
1379,7.413333333333333,4
1380,7.36,4
1381,8.16,4
1382,7.04,4
1383,7.466666666666667,4
1384,8.213333333333333,4
1385,8.453333333333333,4
1386,8.373333333333333,4
1387,7.04,4
1388,6.88,4
1389,6.933333333333334,4
1390,7.973333333333334,4
1391,7.8933333333333335,4
1392,7.52,4
1393,8.613333333333333,4
1394,8.293333333333333,4
1395,7.466666666666667,4
1396,6.8,4
1397,8.213333333333333,4
1398,7.946666666666666,4
1399,8.16,4
1400,7.84,4
1401,8.4,4
1402,7.8933333333333335,4
1403,8.106666666666667,4
1404,8.0,4
1405,6.96,4
1406,7.493333333333333,4
1407,6.693333333333333,4
1408,6.8533333333333335,4
1409,7.84,4
1410,7.973333333333334,4
1411,7.52,4
1412,8.24,4
1413,8.133333333333333,4
1414,8.0,4
1415,8.08,4
1416,7.706666666666667,4
1417,7.68,4
1418,7.866666666666666,4
1419,7.013333333333334,4
1420,7.306666666666667,4
1421,7.306666666666667,4
1422,7.52,4
1423,8.586666666666666,4
1424,8.613333333333333,4
1425,8.4,4
1426,7.76,4
1427,7.76,4
1428,9.12,4
1429,8.666666666666666,4
1430,8.133333333333333,4
1431,6.88,4
1432,7.36,4
1433,7.226666666666667,4
1434,6.906666666666666,4
1435,6.48,4
1436,7.413333333333333,4
1437,7.973333333333334,4
1438,7.733333333333333,4
1439,7.84,4
1440,8.24,4
1441,6.906666666666666,4
1442,8.24,4
1443,9.12,4
1444,8.693333333333333,4
1445,8.746666666666666,4
1446,8.613333333333333,4
1447,8.906666666666666,4
1448,7.386666666666667,4
1449,7.306666666666667,4
1450,7.626666666666667,4
1451,7.786666666666667,4
1452,7.68,4
1453,8.213333333333333,4
1454,7.8933333333333335,4
1455,7.6,4
1456,7.733333333333333,4
1457,7.413333333333333,4
1458,7.52,4
1459,8.773333333333333,4
1460,8.266666666666667,4
1461,8.666666666666666,4
1462,8.453333333333333,4
1463,8.346666666666666,4
1464,8.586666666666666,4
1465,7.653333333333333,4
1466,8.4,4
1467,7.68,4
1468,7.466666666666667,4
1469,7.786666666666667,4
1470,8.16,4
1471,8.266666666666667,4
1472,7.6,4
1473,8.426666666666666,4
1474,8.64,4
1475,8.56,4
1476,8.48,4
1477,7.68,4
1478,7.093333333333334,4
1479,7.626666666666667,4
1480,7.013333333333334,4
1481,7.653333333333333,4
1482,7.493333333333333,4
1483,7.466666666666667,4
1484,6.826666666666667,4
1485,7.52,4
1486,7.226666666666667,4
1487,7.786666666666667,4
1488,7.493333333333333,4
1489,7.226666666666667,4
1490,8.266666666666667,4
1491,8.64,4
1492,7.946666666666666,4
1493,7.36,4
1494,8.0,4
1495,7.52,4
1496,8.0,4
1497,7.52,4
1498,7.92,4
1499,7.68,4
1500,7.466666666666667,4
1501,7.8133333333333335,4
1502,8.213333333333333,4
1503,6.906666666666666,4
1504,8.64,4
1505,9.306666666666667,4
1506,9.306666666666667,4
1507,8.933333333333334,4
1508,8.56,4
1509,7.493333333333333,4
1510,7.733333333333333,4
1511,8.533333333333333,4
1512,8.72,4
1513,7.786666666666667,4
1514,7.066666666666666,4
1515,7.52,4
1516,7.466666666666667,4
1517,7.76,4
1518,7.52,4
1519,8.373333333333333,4
1520,7.76,4
1521,8.56,4
1522,9.28,4
1523,7.733333333333333,4
1524,8.533333333333333,4
1525,8.106666666666667,4
1526,8.506666666666666,4
1527,7.04,4
1528,7.226666666666667,4
1529,7.12,4
1530,8.293333333333333,4
1531,7.573333333333333,4
1532,8.0,4
1533,7.68,4
1534,7.226666666666667,4
1535,7.28,4
1536,7.173333333333333,4
1537,7.84,4
1538,7.12,4
1539,6.56,4
1540,7.1466666666666665,4
1541,7.066666666666666,4
1542,8.0,4
1543,7.013333333333334,4
1544,7.12,4
1545,6.826666666666667,4
1546,7.2,4
1547,7.946666666666666,4
1548,7.786666666666667,4
1549,7.626666666666667,4
1550,7.12,4
1551,7.84,4
1552,6.64,4
1553,6.48,4
1554,7.386666666666667,4
1555,8.88,4
1556,8.56,4
1557,8.32,4
1558,8.16,4
1559,7.066666666666666,4
1560,7.466666666666667,4
1561,7.52,4
1562,8.053333333333333,4
1563,7.28,4
1564,8.586666666666666,4
1565,8.293333333333333,4
1566,8.48,4
1567,8.106666666666667,4
1568,8.72,4
1569,8.613333333333333,4
1570,8.933333333333334,4
1571,7.8933333333333335,4
1572,7.546666666666667,4
1573,7.573333333333333,4
1574,6.96,4
1575,6.826666666666667,4
1576,7.12,4
1577,7.44,4
1578,8.213333333333333,4
1579,7.946666666666666,4
1580,7.8133333333333335,4
1581,7.6,4
1582,7.8133333333333335,4
1583,8.0,4
1584,7.573333333333333,4
1585,6.986666666666666,4
1586,8.026666666666667,4
1587,8.293333333333333,4
1588,8.613333333333333,4
1589,8.106666666666667,4
1590,9.226666666666667,4
1591,8.08,4
1592,9.04,4
1593,8.346666666666666,4
1594,7.44,4
1595,7.493333333333333,4
1596,7.76,4
1597,6.8533333333333335,4
1598,8.16,4
1599,7.8933333333333335,4
1600,8.586666666666666,4
1601,7.066666666666666,4
1602,8.32,4
1603,7.44,4
1604,7.253333333333333,4
1605,6.8533333333333335,4
1606,7.8933333333333335,4
1607,7.466666666666667,4
1608,7.573333333333333,4
1609,7.44,4
1610,8.08,4
1611,8.24,4
1612,7.52,4
1613,7.653333333333333,4
1614,7.786666666666667,4
1615,7.413333333333333,4
1616,7.866666666666666,4
1617,8.266666666666667,4
1618,8.533333333333333,4
1619,7.84,4
1620,7.786666666666667,4
1621,7.493333333333333,4
1622,8.266666666666667,4
1623,8.213333333333333,4
1624,7.92,4
1625,7.866666666666666,4
1626,7.573333333333333,4
1627,7.12,4
1628,7.706666666666667,4
1629,7.76,4
1630,7.68,4
1631,7.76,4
1632,8.186666666666667,4
1633,7.413333333333333,4
1634,7.36,4
1635,7.68,4
1636,7.573333333333333,4
1637,8.133333333333333,4
1638,8.826666666666666,4
1639,7.466666666666667,4
1640,7.6,4
1641,8.16,4
1642,8.186666666666667,4
1643,9.146666666666667,4
1644,8.88,4
1645,8.213333333333333,4
1646,7.76,4
1647,7.226666666666667,4
1648,8.08,4
1649,7.733333333333333,4
1650,7.84,4
1651,7.946666666666666,4
1652,7.44,4
1653,7.52,4
1654,7.44,4
1655,7.44,4
1656,7.2,4
1657,7.28,4
1658,8.133333333333333,4
1659,7.733333333333333,4
1660,7.8133333333333335,4
1661,7.226666666666667,4
1662,7.28,4
1663,7.466666666666667,4
1664,7.226666666666667,4
1665,7.6,4
1666,7.573333333333333,4
1667,7.8933333333333335,4
1668,7.173333333333333,4
1669,7.866666666666666,4
1670,7.8933333333333335,4
1671,8.773333333333333,4
1672,8.186666666666667,4
1673,8.08,4
1674,7.253333333333333,4
1675,7.706666666666667,4
1676,9.253333333333334,4
1677,8.56,4
1678,8.213333333333333,4
1679,8.746666666666666,4
1680,7.866666666666666,4
1681,7.653333333333333,4
1682,7.253333333333333,4
1683,7.173333333333333,4
1684,7.44,4
1685,7.546666666666667,4
1686,7.653333333333333,4
1687,7.093333333333334,4
1688,8.08,4
1689,7.493333333333333,4
1690,7.626666666666667,4
1691,7.1466666666666665,4
1692,7.52,4
1693,8.186666666666667,4
1694,7.786666666666667,4
1695,6.826666666666667,4
1696,8.346666666666666,4
1697,7.68,4
1698,7.653333333333333,4
1699,7.12,4
1700,6.906666666666666,4
1701,7.733333333333333,4
1702,7.653333333333333,4
1703,7.013333333333334,4
1704,7.466666666666667,4
1705,8.0,4
1706,8.053333333333333,4
1707,7.466666666666667,4
1708,7.84,4
1709,7.333333333333333,4
1710,7.306666666666667,4
1711,7.413333333333333,4
1712,7.2,4
1713,7.093333333333334,4
1714,6.906666666666666,4
1715,7.786666666666667,4
1716,7.653333333333333,4
1717,8.48,4
1718,8.666666666666666,4
1719,9.04,4
1720,8.693333333333333,4
1721,8.32,4
1722,8.666666666666666,4
1723,8.853333333333333,4
1724,8.186666666666667,4
1725,8.533333333333333,4
1726,8.8,4
1727,8.08,4
1728,7.92,4
1729,8.613333333333333,4
1730,7.52,4
1731,7.84,4
1732,7.493333333333333,4
1733,7.8933333333333335,4
1734,6.48,4
1735,7.04,4
1736,7.28,4
1737,7.653333333333333,4
1738,7.173333333333333,4
1739,8.4,4
1740,7.866666666666666,4
1741,7.386666666666667,4
1742,6.693333333333333,4
1743,7.626666666666667,4
1744,8.08,4
1745,7.093333333333334,4
1746,6.96,4
1747,7.8133333333333335,4
1748,8.986666666666666,4
1749,9.893333333333333,4
1750,9.946666666666667,4
1751,9.893333333333333,4
1752,8.986666666666666,4
1753,8.666666666666666,4
1754,9.066666666666666,4
1755,8.16,4
1756,7.68,4
1757,7.786666666666667,4
1758,7.733333333333333,4
1759,7.546666666666667,4
1760,7.786666666666667,4
1761,7.333333333333333,4
1762,7.44,4
1763,7.12,4
1764,8.906666666666666,4
1765,8.293333333333333,4
1766,7.573333333333333,4
1767,6.693333333333333,4
1768,7.226666666666667,4
1769,7.6,4
1770,9.013333333333334,4
1771,7.253333333333333,4
1772,8.133333333333333,4
1773,7.386666666666667,4
1774,7.466666666666667,4
1775,7.866666666666666,4
1776,7.92,4
1777,8.026666666666667,4
1778,8.053333333333333,4
1779,7.306666666666667,4
1780,7.226666666666667,4
1781,8.0,4
1782,7.093333333333334,4
1783,7.013333333333334,4
1784,7.653333333333333,4
1785,7.866666666666666,4
1786,8.586666666666666,4
1787,8.533333333333333,4
1788,9.2,4
1789,8.453333333333333,4
1790,8.72,4
1791,7.733333333333333,4
1792,8.026666666666667,4
1793,7.253333333333333,4
1794,8.426666666666666,4
1795,8.453333333333333,4
1796,7.52,4
1797,8.053333333333333,4
1798,7.386666666666667,4
1799,6.986666666666666,4
1800,7.493333333333333,4
1801,8.426666666666666,4
1802,9.12,4
1803,8.693333333333333,4
1804,7.333333333333333,4
1805,7.52,4
1806,7.44,4
1807,8.426666666666666,4
1808,8.426666666666666,4
1809,8.933333333333334,4
1810,8.426666666666666,4
1811,7.8133333333333335,4
1812,7.973333333333334,4
1813,7.04,4
1814,7.76,4
1815,6.88,4
1816,7.1466666666666665,4
1817,8.24,4
1818,8.346666666666666,4
1819,8.106666666666667,4
1820,7.84,4
1821,7.466666666666667,4
1822,7.493333333333333,4
1823,7.546666666666667,4
1824,8.666666666666666,4
1825,8.293333333333333,4
1826,8.48,4
1827,7.946666666666666,4
1828,7.386666666666667,4
1829,8.56,4
1830,8.933333333333334,4
1831,8.426666666666666,4
1832,7.786666666666667,4
1833,7.306666666666667,4
1834,7.706666666666667,4
1835,6.56,4
1836,7.413333333333333,4
1837,7.973333333333334,4
1838,8.053333333333333,4
1839,8.72,4
1840,9.386666666666667,4
1841,8.72,4
1842,7.92,4
1843,7.8133333333333335,4
1844,7.226666666666667,4
1845,7.493333333333333,4
1846,7.413333333333333,4
1847,7.546666666666667,4
1848,7.706666666666667,4
1849,8.213333333333333,4
1850,8.373333333333333,4
1851,8.106666666666667,4
1852,8.693333333333333,4
1853,7.84,4
1854,8.613333333333333,4
1855,8.56,4
1856,8.133333333333333,4
1857,7.84,4
1858,7.706666666666667,4
1859,7.066666666666666,4
1860,7.013333333333334,4
1861,7.84,4
1862,7.493333333333333,4
1863,6.826666666666667,4
1864,7.52,4
1865,6.906666666666666,4
1866,6.4,4
1867,6.24,4
1868,6.986666666666666,4
1869,6.613333333333333,4
1870,7.1466666666666665,4
1871,6.88,4
1872,7.8133333333333335,4
1873,8.213333333333333,4
1874,7.253333333333333,4
1875,7.12,4
1876,7.333333333333333,4
1877,7.653333333333333,4
1878,7.546666666666667,4
1879,8.32,4
1880,7.546666666666667,4
1881,6.1866666666666665,4
1882,7.093333333333334,4
1883,7.6,4
1884,7.2,4
1885,7.333333333333333,4
1886,7.2,4
1887,7.28,4
1888,7.6,4
1889,7.493333333333333,4
1890,6.8533333333333335,4
1891,7.6,4
1892,7.44,4
1893,7.866666666666666,4
1894,7.8133333333333335,4
1895,7.546666666666667,4
1896,7.84,4
1897,7.493333333333333,4
1898,8.613333333333333,4
1899,7.493333333333333,4
1900,7.44,4
1901,6.906666666666666,4
1902,6.8,4
1903,6.8,4
1904,7.466666666666667,4
1905,8.106666666666667,4
1906,7.946666666666666,4
1907,7.546666666666667,4
1908,8.053333333333333,4
1909,8.48,4
1910,7.76,4
1911,6.693333333333333,4
1912,7.173333333333333,4
1913,8.053333333333333,4
1914,8.053333333333333,4
1915,8.08,4
1916,8.026666666666667,4
1917,8.506666666666666,4
1918,7.84,4
1919,7.973333333333334,4
1920,7.173333333333333,4
1921,8.853333333333333,4
1922,8.08,4
1923,7.626666666666667,4
1924,7.786666666666667,4
1925,7.786666666666667,4
1926,8.106666666666667,4
1927,9.04,4
1928,7.573333333333333,4
1929,8.053333333333333,4
1930,7.28,4
1931,7.173333333333333,4
1932,7.04,4
1933,7.76,4
1934,6.586666666666667,4
1935,7.173333333333333,4
1936,7.44,4
1937,7.733333333333333,4
1938,7.626666666666667,4
1939,7.36,4
1940,7.653333333333333,4
1941,7.386666666666667,4
1942,7.733333333333333,4
1943,8.0,4
1944,7.866666666666666,4
1945,7.6,4
1946,6.533333333333333,4
1947,8.24,4
1948,8.56,4
1949,8.346666666666666,4
1950,8.48,4
1951,8.64,4
1952,7.946666666666666,4
1953,8.0,4
1954,7.36,4
1955,7.733333333333333,4
1956,7.76,4
1957,8.186666666666667,4
1958,7.8133333333333335,4
1959,8.08,4
1960,8.533333333333333,4
1961,7.626666666666667,4
1962,6.826666666666667,4
1963,7.013333333333334,4
1964,8.186666666666667,4
1965,8.453333333333333,4
1966,7.68,4
1967,8.32,4
1968,8.453333333333333,4
1969,8.0,4
1970,7.226666666666667,4
1971,8.613333333333333,4
1972,7.92,4
1973,8.266666666666667,4
1974,8.533333333333333,4
1975,7.466666666666667,4
1976,7.68,4
1977,7.12,4
1978,7.706666666666667,4
1979,8.106666666666667,4
1980,7.706666666666667,4
1981,7.6,4
1982,6.613333333333333,4
1983,7.1466666666666665,4
1984,7.866666666666666,4
1985,7.12,4
1986,6.906666666666666,4
1987,7.386666666666667,4
1988,7.466666666666667,4
1989,7.44,4
1990,7.226666666666667,4
1991,6.666666666666667,4
1992,6.8,4
1993,7.066666666666666,4
1994,7.253333333333333,4
1995,7.493333333333333,4
1996,7.946666666666666,4
1997,7.493333333333333,4
1998,7.493333333333333,4
1999,8.373333333333333,4
