Figure: small_5
File Number: 92
Nodes: 36
Edges: 580
Max Generations: 2000
Population Size: 150
Mutation Rate: 0.01
Colors Used: 8
Runtime: 7.76

Generation,Average Fitness,Best Fitness
0,142.93333333333334,100
1,134.98666666666668,92
2,126.02666666666667,84
3,119.94666666666667,80
4,119.25333333333333,80
5,116.45333333333333,80
6,114.45333333333333,80
7,112.96,72
8,109.52,72
9,109.28,72
10,105.46666666666667,68
11,104.88,68
12,101.97333333333333,64
13,101.57333333333334,64
14,97.76,60
15,95.86666666666666,48
16,93.52,48
17,88.02666666666667,48
18,83.04,48
19,78.10666666666667,48
20,74.34666666666666,48
21,67.49333333333334,48
22,63.946666666666665,44
23,59.52,36
24,58.74666666666667,36
25,56.18666666666667,36
26,55.92,36
27,54.32,36
28,53.36,36
29,51.70666666666666,36
30,49.14666666666667,36
31,48.48,36
32,46.77333333333333,36
33,45.76,32
34,43.14666666666667,32
35,43.013333333333335,32
36,42.29333333333334,32
37,41.17333333333333,28
38,40.32,28
39,40.16,28
40,40.373333333333335,28
41,38.93333333333333,28
42,39.36,28
43,38.50666666666667,28
44,37.413333333333334,28
45,36.666666666666664,28
46,35.413333333333334,28
47,33.36,28
48,32.56,28
49,31.573333333333334,24
50,30.746666666666666,24
51,31.44,24
52,30.773333333333333,24
53,30.96,24
54,31.066666666666666,24
55,30.48,24
56,29.12,24
57,28.906666666666666,24
58,27.84,24
59,27.413333333333334,24
60,27.626666666666665,20
61,27.173333333333332,20
62,27.093333333333334,20
63,27.52,20
64,26.453333333333333,20
65,26.826666666666668,20
66,26.986666666666668,20
67,26.213333333333335,20
68,26.106666666666666,20
69,26.106666666666666,20
70,26.32,20
71,26.213333333333335,20
72,26.053333333333335,20
73,24.69333333333333,20
74,24.08,16
75,23.52,16
76,23.333333333333332,16
77,22.613333333333333,16
78,22.373333333333335,16
79,22.213333333333335,16
80,22.186666666666667,16
81,21.066666666666666,16
82,19.706666666666667,16
83,20.0,16
84,20.453333333333333,16
85,19.493333333333332,16
86,20.026666666666667,16
87,19.04,16
88,18.96,16
89,20.24,16
90,19.493333333333332,16
91,20.32,16
92,19.04,16
93,18.85333333333333,16
94,18.96,16
95,18.186666666666667,16
96,19.30666666666667,16
97,19.893333333333334,16
98,19.973333333333333,16
99,19.173333333333332,12
100,19.226666666666667,12
101,19.093333333333334,12
102,19.893333333333334,12
103,19.333333333333332,12
104,19.04,12
105,18.186666666666667,12
106,17.786666666666665,12
107,17.706666666666667,12
108,18.213333333333335,12
109,18.453333333333333,12
110,17.866666666666667,12
111,16.826666666666668,12
112,15.84,12
113,15.226666666666667,12
114,15.52,12
115,15.386666666666667,12
116,15.306666666666667,12
117,14.48,12
118,15.6,12
119,15.68,12
120,14.986666666666666,12
121,14.586666666666666,12
122,15.306666666666667,12
123,14.826666666666666,12
124,15.76,12
125,15.84,12
126,15.2,12
127,15.253333333333334,12
128,15.466666666666667,12
129,15.44,12
130,15.44,12
131,15.466666666666667,12
132,16.64,12
133,15.76,12
134,15.6,8
135,15.36,8
136,15.546666666666667,8
137,15.546666666666667,8
138,14.64,8
139,14.453333333333333,8
140,14.88,8
141,15.066666666666666,8
142,15.333333333333334,8
143,14.72,8
144,15.253333333333334,8
145,15.493333333333334,8
146,14.506666666666666,8
147,14.32,8
148,14.24,4
149,14.053333333333333,4
150,13.12,4
151,13.92,4
152,13.466666666666667,4
153,12.08,4
154,12.08,4
155,11.04,4
156,9.946666666666667,4
157,9.893333333333333,4
158,9.786666666666667,4
159,9.653333333333334,4
160,9.226666666666667,4
161,8.826666666666666,4
162,8.746666666666666,4
163,7.706666666666667,4
164,7.68,4
165,7.626666666666667,4
166,8.453333333333333,4
167,7.973333333333334,4
168,8.346666666666666,4
169,7.8933333333333335,4
170,8.053333333333333,4
171,8.08,4
172,7.626666666666667,4
173,7.226666666666667,4
174,7.546666666666667,4
175,7.04,4
176,7.173333333333333,4
177,7.306666666666667,4
178,7.2,4
179,8.4,4
180,9.306666666666667,4
181,8.053333333333333,4
182,7.6,4
183,8.666666666666666,4
184,8.0,4
185,7.786666666666667,4
186,7.84,4
187,7.52,4
188,6.72,4
189,6.24,4
190,7.04,4
191,7.946666666666666,4
192,8.32,4
193,8.773333333333333,4
194,8.24,4
195,7.92,4
196,8.666666666666666,4
197,8.72,4
198,8.16,4
199,7.653333333333333,4
200,8.24,4
201,8.88,4
202,8.0,4
203,7.466666666666667,4
204,7.626666666666667,4
205,7.12,4
206,7.093333333333334,4
207,7.066666666666666,4
208,8.586666666666666,4
209,8.666666666666666,4
210,8.0,4
211,7.946666666666666,4
212,7.946666666666666,4
213,8.506666666666666,4
214,7.44,4
215,7.786666666666667,4
216,7.946666666666666,4
217,6.666666666666667,4
218,6.88,4
219,7.626666666666667,4
220,8.48,4
221,8.426666666666666,4
222,7.84,4
223,7.573333333333333,4
224,7.28,4
225,7.28,4
226,7.1466666666666665,4
227,8.053333333333333,4
228,8.56,4
229,8.826666666666666,4
230,8.293333333333333,4
231,8.026666666666667,4
232,8.88,4
233,8.16,4
234,8.053333333333333,4
235,7.28,4
236,7.226666666666667,4
237,6.96,4
238,7.52,4
239,7.946666666666666,4
240,8.213333333333333,4
241,7.8133333333333335,4
242,7.12,4
243,6.88,4
244,7.6,4
245,8.213333333333333,4
246,7.8933333333333335,4
247,8.533333333333333,4
248,8.373333333333333,4
249,7.1466666666666665,4
250,7.76,4
251,7.093333333333334,4
252,6.906666666666666,4
253,8.4,4
254,7.8933333333333335,4
255,7.573333333333333,4
256,7.8933333333333335,4
257,8.426666666666666,4
258,7.413333333333333,4
259,6.746666666666667,4
260,7.653333333333333,4
261,6.666666666666667,4
262,6.986666666666666,4
263,7.546666666666667,4
264,7.413333333333333,4
265,8.0,4
266,7.36,4
267,6.826666666666667,4
268,7.066666666666666,4
269,7.653333333333333,4
270,6.613333333333333,4
271,7.093333333333334,4
272,7.226666666666667,4
273,7.866666666666666,4
274,8.373333333333333,4
275,8.133333333333333,4
276,7.76,4
277,7.413333333333333,4
278,7.04,4
279,7.04,4
280,7.973333333333334,4
281,7.306666666666667,4
282,7.573333333333333,4
283,8.293333333333333,4
284,7.92,4
285,7.1466666666666665,4
286,7.226666666666667,4
287,7.786666666666667,4
288,7.626666666666667,4
289,7.653333333333333,4
290,8.08,4
291,6.906666666666666,4
292,7.653333333333333,4
293,7.44,4
294,8.346666666666666,4
295,8.453333333333333,4
296,7.786666666666667,4
297,8.48,4
298,7.8933333333333335,4
299,7.946666666666666,4
300,8.08,4
301,7.92,4
302,7.786666666666667,4
303,7.466666666666667,4
304,8.293333333333333,4
305,8.746666666666666,4
306,7.8133333333333335,4
307,8.24,4
308,8.373333333333333,4
309,7.973333333333334,4
310,8.506666666666666,4
311,6.506666666666667,4
312,7.04,4
313,7.786666666666667,4
314,7.8133333333333335,4
315,8.16,4
316,7.573333333333333,4
317,7.013333333333334,4
318,8.0,4
319,7.76,4
320,7.786666666666667,4
321,8.426666666666666,4
322,8.026666666666667,4
323,7.706666666666667,4
324,7.786666666666667,4
325,7.36,4
326,7.626666666666667,4
327,7.466666666666667,4
328,6.88,4
329,7.626666666666667,4
330,8.133333333333333,4
331,7.733333333333333,4
332,7.786666666666667,4
333,7.2,4
334,7.466666666666667,4
335,6.8533333333333335,4
336,8.32,4
337,7.6,4
338,6.533333333333333,4
339,7.786666666666667,4
340,7.84,4
341,8.053333333333333,4
342,6.72,4
343,9.04,4
344,7.76,4
345,8.053333333333333,4
346,8.16,4
347,8.053333333333333,4
348,8.026666666666667,4
349,7.44,4
350,7.226666666666667,4
351,7.733333333333333,4
352,8.0,4
353,7.44,4
354,7.28,4
355,8.266666666666667,4
356,8.4,4
357,8.213333333333333,4
358,7.52,4
359,7.333333333333333,4
360,7.1466666666666665,4
361,6.72,4
362,7.333333333333333,4
363,7.68,4
364,6.72,4
365,6.826666666666667,4
366,7.333333333333333,4
367,7.386666666666667,4
368,7.706666666666667,4
369,7.386666666666667,4
370,7.173333333333333,4
371,7.573333333333333,4
372,7.36,4
373,7.8933333333333335,4
374,7.466666666666667,4
375,7.546666666666667,4
376,7.626666666666667,4
377,8.026666666666667,4
378,7.36,4
379,8.08,4
380,8.24,4
381,8.453333333333333,4
382,7.626666666666667,4
383,7.253333333333333,4
384,8.24,4
385,8.0,4
386,7.466666666666667,4
387,7.493333333333333,4
388,7.653333333333333,4
389,7.28,4
390,8.053333333333333,4
391,7.306666666666667,4
392,8.48,4
393,7.706666666666667,4
394,7.173333333333333,4
395,7.626666666666667,4
396,8.693333333333333,4
397,7.68,4
398,7.2,4
399,7.8933333333333335,4
400,9.2,4
401,8.933333333333334,4
402,8.906666666666666,4
403,8.826666666666666,4
404,7.68,4
405,6.72,4
406,6.88,4
407,6.4,4
408,8.026666666666667,4
409,8.373333333333333,4
410,8.586666666666666,4
411,8.266666666666667,4
412,7.653333333333333,4
413,7.706666666666667,4
414,7.946666666666666,4
415,7.386666666666667,4
416,7.36,4
417,6.906666666666666,4
418,6.586666666666667,4
419,7.04,4
420,7.68,4
421,8.32,4
422,8.64,4
423,8.32,4
424,7.6,4
425,7.44,4
426,7.973333333333334,4
427,7.52,4
428,7.8933333333333335,4
429,8.586666666666666,4
430,9.04,4
431,7.386666666666667,4
432,6.986666666666666,4
433,7.413333333333333,4
434,8.186666666666667,4
435,8.453333333333333,4
436,8.16,4
437,9.093333333333334,4
438,8.72,4
439,7.653333333333333,4
440,7.8133333333333335,4
441,6.96,4
442,7.226666666666667,4
443,7.04,4
444,7.68,4
445,7.306666666666667,4
446,8.346666666666666,4
447,8.133333333333333,4
448,7.68,4
449,7.52,4
450,7.546666666666667,4
451,7.253333333333333,4
452,7.76,4
453,7.706666666666667,4
454,7.573333333333333,4
455,7.413333333333333,4
456,7.44,4
457,7.706666666666667,4
458,7.28,4
459,6.586666666666667,4
460,7.546666666666667,4
461,7.253333333333333,4
462,7.413333333333333,4
463,8.186666666666667,4
464,8.32,4
465,7.1466666666666665,4
466,6.746666666666667,4
467,7.226666666666667,4
468,8.64,4
469,8.266666666666667,4
470,7.68,4
471,7.413333333333333,4
472,7.626666666666667,4
473,7.573333333333333,4
474,7.173333333333333,4
475,7.386666666666667,4
476,8.08,4
477,8.533333333333333,4
478,8.533333333333333,4
479,8.72,4
480,7.466666666666667,4
481,7.786666666666667,4
482,8.72,4
483,7.413333333333333,4
484,6.8,4
485,7.653333333333333,4
486,6.693333333333333,4
487,7.12,4
488,7.92,4
489,8.533333333333333,4
490,7.973333333333334,4
491,8.48,4
492,8.213333333333333,4
493,7.68,4
494,7.2,4
495,6.96,4
496,7.2,4
497,7.04,4
498,7.6,4
499,7.68,4
500,8.08,4
501,7.6,4
502,6.48,4
503,7.1466666666666665,4
504,6.373333333333333,4
505,6.613333333333333,4
506,7.733333333333333,4
507,8.053333333333333,4
508,7.786666666666667,4
509,8.106666666666667,4
510,8.24,4
511,8.56,4
512,8.293333333333333,4
513,9.013333333333334,4
514,7.92,4
515,7.946666666666666,4
516,7.866666666666666,4
517,7.306666666666667,4
518,7.733333333333333,4
519,7.84,4
520,7.8933333333333335,4
521,7.92,4
522,7.8133333333333335,4
523,7.333333333333333,4
524,8.586666666666666,4
525,9.093333333333334,4
526,8.48,4
527,7.68,4
528,7.36,4
529,7.546666666666667,4
530,7.493333333333333,4
531,7.253333333333333,4
532,7.92,4
533,7.84,4
534,8.053333333333333,4
535,7.573333333333333,4
536,7.8133333333333335,4
537,7.76,4
538,8.693333333333333,4
539,9.12,4
540,8.693333333333333,4
541,8.16,4
542,7.626666666666667,4
543,7.2,4
544,7.8133333333333335,4
545,7.866666666666666,4
546,7.866666666666666,4
547,8.48,4
548,8.373333333333333,4
549,6.986666666666666,4
550,7.52,4
551,8.133333333333333,4
552,8.08,4
553,7.973333333333334,4
554,6.986666666666666,4
555,7.306666666666667,4
556,7.28,4
557,7.546666666666667,4
558,8.56,4
559,7.92,4
560,7.12,4
561,7.786666666666667,4
562,7.6,4
563,6.8,4
564,7.333333333333333,4
565,7.653333333333333,4
566,7.52,4
567,8.053333333333333,4
568,7.333333333333333,4
569,7.386666666666667,4
570,7.866666666666666,4
571,8.026666666666667,4
572,8.026666666666667,4
573,9.013333333333334,4
574,8.56,4
575,7.386666666666667,4
576,7.1466666666666665,4
577,6.693333333333333,4
578,7.12,4
579,6.906666666666666,4
580,7.76,4
581,7.946666666666666,4
582,8.16,4
583,7.92,4
584,8.133333333333333,4
585,7.546666666666667,4
586,8.4,4
587,8.453333333333333,4
588,8.56,4
589,7.76,4
590,7.333333333333333,4
591,6.693333333333333,4
592,6.72,4
593,6.533333333333333,4
594,6.613333333333333,4
595,7.173333333333333,4
596,7.44,4
597,7.8933333333333335,4
598,7.546666666666667,4
599,7.626666666666667,4
600,7.76,4
601,7.28,4
602,6.933333333333334,4
603,7.173333333333333,4
604,7.653333333333333,4
605,7.226666666666667,4
606,6.773333333333333,4
607,6.266666666666667,4
608,7.093333333333334,4
609,8.56,4
610,8.133333333333333,4
611,7.093333333333334,4
612,8.16,4
613,7.573333333333333,4
614,7.466666666666667,4
615,8.026666666666667,4
616,8.8,4
617,7.973333333333334,4
618,7.626666666666667,4
619,7.093333333333334,4
620,7.226666666666667,4
621,7.52,4
622,7.413333333333333,4
623,6.746666666666667,4
624,6.8533333333333335,4
625,7.493333333333333,4
626,7.1466666666666665,4
627,8.106666666666667,4
628,6.933333333333334,4
629,7.573333333333333,4
630,8.0,4
631,7.573333333333333,4
632,7.44,4
633,7.36,4
634,8.08,4
635,8.053333333333333,4
636,7.1466666666666665,4
637,7.2,4
638,8.053333333333333,4
639,7.2,4
640,7.84,4
641,7.866666666666666,4
642,8.64,4
643,6.48,4
644,8.08,4
645,7.8133333333333335,4
646,7.2,4
647,7.92,4
648,7.546666666666667,4
649,8.986666666666666,4
650,8.026666666666667,4
651,8.026666666666667,4
652,8.186666666666667,4
653,8.16,4
654,8.826666666666666,4
655,8.16,4
656,8.186666666666667,4
657,8.24,4
658,7.786666666666667,4
659,8.133333333333333,4
660,7.973333333333334,4
661,8.453333333333333,4
662,7.066666666666666,4
663,7.333333333333333,4
664,7.12,4
665,6.8533333333333335,4
666,7.333333333333333,4
667,7.706666666666667,4
668,7.44,4
669,7.973333333333334,4
670,6.72,4
671,7.013333333333334,4
672,7.76,4
673,7.52,4
674,7.413333333333333,4
675,7.706666666666667,4
676,7.386666666666667,4
677,7.2,4
678,7.066666666666666,4
679,8.346666666666666,4
680,7.973333333333334,4
681,7.386666666666667,4
682,8.586666666666666,4
683,8.346666666666666,4
684,8.24,4
685,7.786666666666667,4
686,7.52,4
687,7.573333333333333,4
688,7.253333333333333,4
689,7.866666666666666,4
690,7.973333333333334,4
691,7.68,4
692,7.573333333333333,4
693,8.64,4
694,7.866666666666666,4
695,8.266666666666667,4
696,7.8133333333333335,4
697,7.733333333333333,4
698,8.453333333333333,4
699,7.52,4
700,8.8,4
701,8.053333333333333,4
702,7.093333333333334,4
703,7.52,4
704,7.626666666666667,4
705,7.706666666666667,4
706,6.666666666666667,4
707,6.88,4
708,7.626666666666667,4
709,6.72,4
710,6.48,4
711,6.346666666666667,4
712,6.1866666666666665,4
713,7.386666666666667,4
714,8.026666666666667,4
715,7.92,4
716,8.0,4
717,7.36,4
718,7.973333333333334,4
719,7.653333333333333,4
720,7.573333333333333,4
721,7.2,4
722,6.986666666666666,4
723,7.12,4
724,6.96,4
725,7.6,4
726,7.386666666666667,4
727,6.506666666666667,4
728,7.573333333333333,4
729,6.72,4
730,6.666666666666667,4
731,7.973333333333334,4
732,8.106666666666667,4
733,8.4,4
734,8.0,4
735,7.84,4
736,7.653333333333333,4
737,8.133333333333333,4
738,8.32,4
739,8.026666666666667,4
740,7.84,4
741,8.453333333333333,4
742,7.653333333333333,4
743,7.573333333333333,4
744,7.973333333333334,4
745,6.986666666666666,4
746,7.333333333333333,4
747,7.6,4
748,8.373333333333333,4
749,8.64,4
750,7.706666666666667,4
751,7.653333333333333,4
752,7.546666666666667,4
753,6.986666666666666,4
754,7.706666666666667,4
755,7.093333333333334,4
756,7.253333333333333,4
757,8.533333333333333,4
758,8.026666666666667,4
759,8.64,4
760,7.84,4
761,7.573333333333333,4
762,8.586666666666666,4
763,8.48,4
764,7.92,4
765,7.866666666666666,4
766,6.933333333333334,4
767,7.786666666666667,4
768,8.053333333333333,4
769,7.573333333333333,4
770,7.92,4
771,7.066666666666666,4
772,7.706666666666667,4
773,7.306666666666667,4
774,8.373333333333333,4
775,7.8133333333333335,4
776,7.973333333333334,4
777,7.093333333333334,4
778,7.6,4
779,7.2,4
780,7.786666666666667,4
781,8.186666666666667,4
782,8.213333333333333,4
783,7.76,4
784,8.64,4
785,7.84,4
786,8.24,4
787,7.653333333333333,4
788,7.626666666666667,4
789,7.6,4
790,7.706666666666667,4
791,7.786666666666667,4
792,7.84,4
793,8.346666666666666,4
794,7.466666666666667,4
795,7.706666666666667,4
796,7.466666666666667,4
797,8.32,4
798,8.266666666666667,4
799,8.0,4
800,8.24,4
801,8.0,4
802,8.16,4
803,9.306666666666667,4
804,8.586666666666666,4
805,8.8,4
806,8.853333333333333,4
807,7.36,4
808,7.653333333333333,4
809,8.4,4
810,7.8933333333333335,4
811,7.36,4
812,7.093333333333334,4
813,7.12,4
814,6.693333333333333,4
815,6.64,4
816,8.08,4
817,7.573333333333333,4
818,7.573333333333333,4
819,7.44,4
820,8.106666666666667,4
821,7.12,4
822,6.56,4
823,6.986666666666666,4
824,7.066666666666666,4
825,7.733333333333333,4
826,7.013333333333334,4
827,7.466666666666667,4
828,6.426666666666667,4
829,7.626666666666667,4
830,7.546666666666667,4
831,7.333333333333333,4
832,7.226666666666667,4
833,7.28,4
834,7.093333333333334,4
835,7.2,4
836,7.946666666666666,4
837,9.36,4
838,8.533333333333333,4
839,7.786666666666667,4
840,7.2,4
841,7.493333333333333,4
842,8.186666666666667,4
843,7.413333333333333,4
844,6.213333333333333,4
845,6.8533333333333335,4
846,8.026666666666667,4
847,8.0,4
848,8.026666666666667,4
849,8.0,4
850,8.16,4
851,7.76,4
852,7.626666666666667,4
853,7.706666666666667,4
854,7.2,4
855,7.866666666666666,4
856,7.8933333333333335,4
857,7.92,4
858,7.92,4
859,8.48,4
860,8.24,4
861,7.253333333333333,4
862,7.1466666666666665,4
863,7.573333333333333,4
864,7.84,4
865,8.293333333333333,4
866,8.293333333333333,4
867,7.2,4
868,7.493333333333333,4
869,8.026666666666667,4
870,8.373333333333333,4
871,8.56,4
872,7.76,4
873,7.786666666666667,4
874,8.4,4
875,7.706666666666667,4
876,7.546666666666667,4
877,7.76,4
878,7.466666666666667,4
879,7.626666666666667,4
880,6.773333333333333,4
881,7.546666666666667,4
882,7.386666666666667,4
883,7.493333333333333,4
884,7.573333333333333,4
885,7.36,4
886,7.226666666666667,4
887,8.266666666666667,4
888,7.973333333333334,4
889,7.466666666666667,4
890,7.786666666666667,4
891,7.866666666666666,4
892,7.466666666666667,4
893,7.76,4
894,8.48,4
895,7.866666666666666,4
896,8.0,4
897,8.32,4
898,7.6,4
899,7.466666666666667,4
900,8.32,4
901,8.48,4
902,8.133333333333333,4
903,8.08,4
904,7.413333333333333,4
905,7.706666666666667,4
906,8.346666666666666,4
907,9.04,4
908,7.626666666666667,4
909,7.946666666666666,4
910,7.333333333333333,4
911,7.093333333333334,4
912,7.093333333333334,4
913,7.093333333333334,4
914,7.573333333333333,4
915,6.826666666666667,4
916,6.986666666666666,4
917,7.866666666666666,4
918,8.773333333333333,4
919,9.36,4
920,8.48,4
921,8.08,4
922,7.92,4
923,8.4,4
924,8.133333333333333,4
925,7.733333333333333,4
926,7.706666666666667,4
927,7.386666666666667,4
928,8.64,4
929,8.0,4
930,7.386666666666667,4
931,7.68,4
932,7.12,4
933,7.973333333333334,4
934,8.4,4
935,8.026666666666667,4
936,8.213333333333333,4
937,7.6,4
938,8.346666666666666,4
939,6.96,4
940,7.333333333333333,4
941,7.12,4
942,6.666666666666667,4
943,8.293333333333333,4
944,8.026666666666667,4
945,7.226666666666667,4
946,7.786666666666667,4
947,6.693333333333333,4
948,7.466666666666667,4
949,8.08,4
950,8.16,4
951,8.426666666666666,4
952,8.026666666666667,4
953,8.426666666666666,4
954,8.693333333333333,4
955,8.373333333333333,4
956,8.506666666666666,4
957,8.346666666666666,4
958,7.84,4
959,8.32,4
960,7.866666666666666,4
961,7.28,4
962,6.986666666666666,4
963,7.546666666666667,4
964,7.786666666666667,4
965,7.84,4
966,7.6,4
967,7.706666666666667,4
968,9.146666666666667,4
969,8.48,4
970,8.4,4
971,7.706666666666667,4
972,7.653333333333333,4
973,7.386666666666667,4
974,7.493333333333333,4
975,7.04,4
976,6.693333333333333,4
977,7.733333333333333,4
978,7.253333333333333,4
979,7.493333333333333,4
980,8.213333333333333,4
981,7.973333333333334,4
982,7.173333333333333,4
983,7.306666666666667,4
984,7.8133333333333335,4
985,7.333333333333333,4
986,7.306666666666667,4
987,7.093333333333334,4
988,8.293333333333333,4
989,6.96,4
990,7.1466666666666665,4
991,8.32,4
992,8.053333333333333,4
993,7.706666666666667,4
994,7.706666666666667,4
995,7.52,4
996,6.32,4
997,7.253333333333333,4
998,7.226666666666667,4
999,7.333333333333333,4
1000,7.653333333333333,4
1001,7.68,4
1002,8.266666666666667,4
1003,7.253333333333333,4
1004,8.613333333333333,4
1005,7.306666666666667,4
1006,8.48,4
1007,7.973333333333334,4
1008,7.013333333333334,4
1009,6.933333333333334,4
1010,7.253333333333333,4
1011,7.1466666666666665,4
1012,6.346666666666667,4
1013,7.76,4
1014,8.506666666666666,4
1015,8.053333333333333,4
1016,8.133333333333333,4
1017,7.2,4
1018,7.493333333333333,4
1019,7.173333333333333,4
1020,7.706666666666667,4
1021,8.826666666666666,4
1022,8.56,4
1023,9.28,4
1024,8.666666666666666,4
1025,8.053333333333333,4
1026,7.866666666666666,4
1027,7.44,4
1028,7.28,4
1029,7.546666666666667,4
1030,7.84,4
1031,8.266666666666667,4
1032,7.68,4
1033,7.8133333333333335,4
1034,7.68,4
1035,7.333333333333333,4
1036,7.306666666666667,4
1037,6.746666666666667,4
1038,7.626666666666667,4
1039,7.253333333333333,4
1040,8.24,4
1041,6.48,4
1042,6.746666666666667,4
1043,7.066666666666666,4
1044,6.933333333333334,4
1045,7.306666666666667,4
1046,7.546666666666667,4
1047,6.96,4
1048,7.546666666666667,4
1049,6.72,4
1050,8.0,4
1051,6.613333333333333,4
1052,7.386666666666667,4
1053,7.52,4
1054,7.2,4
1055,8.373333333333333,4
1056,8.533333333333333,4
1057,9.173333333333334,4
1058,8.96,4
1059,7.733333333333333,4
1060,7.44,4
1061,7.946666666666666,4
1062,8.053333333333333,4
1063,7.066666666666666,4
1064,7.733333333333333,4
1065,7.52,4
1066,8.026666666666667,4
1067,7.866666666666666,4
1068,8.666666666666666,4
1069,7.84,4
1070,7.733333333333333,4
1071,7.946666666666666,4
1072,7.386666666666667,4
1073,7.386666666666667,4
1074,8.053333333333333,4
1075,7.84,4
1076,8.053333333333333,4
1077,8.906666666666666,4
1078,8.026666666666667,4
1079,7.84,4
1080,8.213333333333333,4
1081,7.6,4
1082,7.733333333333333,4
1083,7.36,4
1084,7.626666666666667,4
1085,8.026666666666667,4
1086,7.653333333333333,4
1087,7.8133333333333335,4
1088,7.386666666666667,4
1089,7.973333333333334,4
1090,7.786666666666667,4
1091,7.306666666666667,4
1092,7.76,4
1093,7.04,4
1094,7.386666666666667,4
1095,7.466666666666667,4
1096,7.8133333333333335,4
1097,7.84,4
1098,7.386666666666667,4
1099,7.253333333333333,4
1100,6.506666666666667,4
1101,6.986666666666666,4
1102,8.213333333333333,4
1103,8.186666666666667,4
1104,8.213333333333333,4
1105,8.026666666666667,4
1106,8.186666666666667,4
1107,7.786666666666667,4
1108,7.733333333333333,4
1109,9.226666666666667,4
1110,8.106666666666667,4
1111,7.706666666666667,4
1112,6.8533333333333335,4
1113,8.133333333333333,4
1114,8.693333333333333,4
1115,8.48,4
1116,8.293333333333333,4
1117,6.96,4
1118,7.36,4
1119,7.52,4
1120,7.093333333333334,4
1121,8.133333333333333,4
1122,7.1466666666666665,4
1123,7.173333333333333,4
1124,7.04,4
1125,7.706666666666667,4
1126,7.333333333333333,4
1127,8.48,4
1128,8.586666666666666,4
1129,7.573333333333333,4
1130,7.866666666666666,4
1131,8.16,4
1132,8.48,4
1133,7.333333333333333,4
1134,7.1466666666666665,4
1135,7.68,4
1136,6.8,4
1137,6.586666666666667,4
1138,8.64,4
1139,8.8,4
1140,8.053333333333333,4
1141,8.026666666666667,4
1142,7.6,4
1143,7.066666666666666,4
1144,7.013333333333334,4
1145,6.933333333333334,4
1146,8.133333333333333,4
1147,7.6,4
1148,7.333333333333333,4
1149,7.866666666666666,4
1150,7.386666666666667,4
1151,6.56,4
1152,7.36,4
1153,7.76,4
1154,7.84,4
1155,8.053333333333333,4
1156,9.12,4
1157,8.933333333333334,4
1158,7.8133333333333335,4
1159,8.48,4
1160,8.64,4
1161,8.426666666666666,4
1162,7.28,4
1163,7.973333333333334,4
1164,8.346666666666666,4
1165,7.76,4
1166,7.52,4
1167,7.973333333333334,4
1168,7.653333333333333,4
1169,7.493333333333333,4
1170,7.573333333333333,4
1171,7.866666666666666,4
1172,7.226666666666667,4
1173,7.466666666666667,4
1174,8.346666666666666,4
1175,7.573333333333333,4
1176,7.44,4
1177,6.986666666666666,4
1178,7.8933333333333335,4
1179,8.0,4
1180,7.733333333333333,4
1181,7.92,4
1182,7.28,4
1183,6.24,4
1184,6.8,4
1185,6.906666666666666,4
1186,6.933333333333334,4
1187,7.493333333333333,4
1188,7.36,4
1189,6.96,4
1190,7.333333333333333,4
1191,7.066666666666666,4
1192,6.826666666666667,4
1193,6.693333333333333,4
1194,8.426666666666666,4
1195,7.68,4
1196,8.026666666666667,4
1197,7.76,4
1198,7.466666666666667,4
1199,7.973333333333334,4
1200,7.386666666666667,4
1201,6.826666666666667,4
1202,7.28,4
1203,8.186666666666667,4
1204,7.786666666666667,4
1205,7.866666666666666,4
1206,7.013333333333334,4
1207,7.84,4
1208,6.8533333333333335,4
1209,7.36,4
1210,7.12,4
1211,6.826666666666667,4
1212,7.466666666666667,4
1213,8.32,4
1214,7.733333333333333,4
1215,6.693333333333333,4
1216,7.706666666666667,4
1217,7.8133333333333335,4
1218,8.0,4
1219,7.493333333333333,4
1220,7.653333333333333,4
1221,7.653333333333333,4
1222,7.28,4
1223,7.36,4
1224,8.0,4
1225,7.76,4
1226,6.773333333333333,4
1227,7.173333333333333,4
1228,8.24,4
1229,8.506666666666666,4
1230,8.586666666666666,4
1231,8.266666666666667,4
1232,8.8,4
1233,8.026666666666667,4
1234,7.8933333333333335,4
1235,7.52,4
1236,7.653333333333333,4
1237,7.706666666666667,4
1238,7.653333333333333,4
1239,7.386666666666667,4
1240,6.8533333333333335,4
1241,6.96,4
1242,8.16,4
1243,7.706666666666667,4
1244,7.493333333333333,4
1245,7.92,4
1246,7.413333333333333,4
1247,7.786666666666667,4
1248,7.093333333333334,4
1249,7.493333333333333,4
1250,7.92,4
1251,8.533333333333333,4
1252,8.72,4
1253,8.506666666666666,4
1254,8.026666666666667,4
1255,7.306666666666667,4
1256,6.8,4
1257,7.626666666666667,4
1258,7.386666666666667,4
1259,7.36,4
1260,7.866666666666666,4
1261,7.52,4
1262,8.56,4
1263,8.746666666666666,4
1264,7.946666666666666,4
1265,8.453333333333333,4
1266,8.133333333333333,4
1267,7.8133333333333335,4
1268,8.426666666666666,4
1269,7.626666666666667,4
1270,7.92,4
1271,7.786666666666667,4
1272,7.28,4
1273,6.8,4
1274,7.04,4
1275,8.32,4
1276,7.306666666666667,4
1277,6.826666666666667,4
1278,6.533333333333333,4
1279,7.12,4
1280,7.6,4
1281,7.013333333333334,4
1282,8.0,4
1283,7.626666666666667,4
1284,7.626666666666667,4
1285,8.693333333333333,4
1286,8.48,4
1287,7.546666666666667,4
1288,7.066666666666666,4
1289,6.986666666666666,4
1290,7.36,4
1291,8.133333333333333,4
1292,8.053333333333333,4
1293,8.72,4
1294,7.573333333333333,4
1295,8.08,4
1296,7.786666666666667,4
1297,8.0,4
1298,7.733333333333333,4
1299,7.973333333333334,4
1300,8.133333333333333,4
1301,9.2,4
1302,8.24,4
1303,8.64,4
1304,8.453333333333333,4
1305,9.226666666666667,4
1306,8.24,4
1307,8.0,4
1308,7.12,4
1309,7.386666666666667,4
1310,7.066666666666666,4
1311,8.48,4
1312,9.306666666666667,4
1313,7.866666666666666,4
1314,7.653333333333333,4
1315,7.946666666666666,4
1316,8.106666666666667,4
1317,8.053333333333333,4
1318,8.293333333333333,4
1319,7.653333333333333,4
1320,7.173333333333333,4
1321,7.226666666666667,4
1322,7.68,4
1323,7.786666666666667,4
1324,9.173333333333334,4
1325,8.64,4
1326,7.44,4
1327,7.226666666666667,4
1328,6.64,4
1329,7.6,4
1330,7.12,4
1331,7.013333333333334,4
1332,7.066666666666666,4
1333,6.933333333333334,4
1334,6.746666666666667,4
1335,7.333333333333333,4
1336,7.546666666666667,4
1337,8.613333333333333,4
1338,7.973333333333334,4
1339,7.493333333333333,4
1340,7.1466666666666665,4
1341,7.8933333333333335,4
1342,8.72,4
1343,9.52,4
1344,8.56,4
1345,8.106666666666667,4
1346,8.053333333333333,4
1347,8.533333333333333,4
1348,9.2,4
1349,8.24,4
1350,7.84,4
1351,7.92,4
1352,7.84,4
1353,7.12,4
1354,7.1466666666666665,4
1355,6.773333333333333,4
1356,7.68,4
1357,8.346666666666666,4
1358,8.106666666666667,4
1359,7.333333333333333,4
1360,7.013333333333334,4
1361,6.826666666666667,4
1362,7.6,4
1363,7.2,4
1364,7.573333333333333,4
1365,7.413333333333333,4
1366,7.653333333333333,4
1367,7.386666666666667,4
1368,7.36,4
1369,6.773333333333333,4
1370,6.666666666666667,4
1371,8.56,4
1372,7.8133333333333335,4
1373,7.8933333333333335,4
1374,8.186666666666667,4
1375,7.8933333333333335,4
1376,7.413333333333333,4
1377,7.36,4
1378,7.333333333333333,4
1379,7.973333333333334,4
1380,7.866666666666666,4
1381,8.0,4
1382,7.706666666666667,4
1383,7.12,4
1384,7.04,4
1385,6.613333333333333,4
1386,7.093333333333334,4
1387,8.266666666666667,4
1388,8.213333333333333,4
1389,7.52,4
1390,7.973333333333334,4
1391,8.506666666666666,4
1392,7.946666666666666,4
1393,7.866666666666666,4
1394,7.8933333333333335,4
1395,7.36,4
1396,7.44,4
1397,7.386666666666667,4
1398,6.4,4
1399,6.933333333333334,4
1400,7.1466666666666665,4
1401,7.653333333333333,4
1402,7.8933333333333335,4
1403,8.213333333333333,4
1404,8.56,4
1405,7.226666666666667,4
1406,7.306666666666667,4
1407,7.626666666666667,4
1408,8.106666666666667,4
1409,7.306666666666667,4
1410,7.573333333333333,4
1411,8.053333333333333,4
1412,8.16,4
1413,8.026666666666667,4
1414,7.12,4
1415,7.573333333333333,4
1416,7.68,4
1417,7.68,4
1418,8.053333333333333,4
1419,7.653333333333333,4
1420,8.96,4
1421,8.906666666666666,4
1422,8.746666666666666,4
1423,6.96,4
1424,7.733333333333333,4
1425,7.973333333333334,4
1426,8.106666666666667,4
1427,6.933333333333334,4
1428,7.706666666666667,4
1429,7.653333333333333,4
1430,8.106666666666667,4
1431,7.653333333333333,4
1432,7.8933333333333335,4
1433,7.84,4
1434,8.0,4
1435,7.493333333333333,4
1436,7.386666666666667,4
1437,7.36,4
1438,8.053333333333333,4
1439,7.466666666666667,4
1440,8.08,4
1441,7.84,4
1442,8.506666666666666,4
1443,7.653333333333333,4
1444,7.573333333333333,4
1445,7.253333333333333,4
1446,7.226666666666667,4
1447,7.28,4
1448,8.16,4
1449,7.36,4
1450,7.8133333333333335,4
1451,8.746666666666666,4
1452,7.786666666666667,4
1453,8.746666666666666,4
1454,7.946666666666666,4
1455,7.76,4
1456,7.786666666666667,4
1457,7.68,4
1458,7.493333333333333,4
1459,7.333333333333333,4
1460,7.28,4
1461,8.186666666666667,4
1462,7.92,4
1463,6.96,4
1464,7.92,4
1465,8.0,4
1466,8.906666666666666,4
1467,8.32,4
1468,7.573333333333333,4
1469,7.093333333333334,4
1470,7.253333333333333,4
1471,7.973333333333334,4
1472,7.653333333333333,4
1473,7.12,4
1474,7.04,4
1475,7.013333333333334,4
1476,7.466666666666667,4
1477,7.52,4
1478,8.106666666666667,4
1479,8.053333333333333,4
1480,8.0,4
1481,7.6,4
1482,7.44,4
1483,7.8933333333333335,4
1484,8.0,4
1485,7.226666666666667,4
1486,8.24,4
1487,7.8933333333333335,4
1488,7.52,4
1489,7.8133333333333335,4
1490,8.24,4
1491,8.106666666666667,4
1492,7.866666666666666,4
1493,7.44,4
1494,7.52,4
1495,7.066666666666666,4
1496,7.1466666666666665,4
1497,7.973333333333334,4
1498,8.533333333333333,4
1499,7.546666666666667,4
1500,7.333333333333333,4
1501,7.653333333333333,4
1502,8.613333333333333,4
1503,7.8133333333333335,4
1504,8.32,4
1505,8.16,4
1506,8.4,4
1507,7.946666666666666,4
1508,8.4,4
1509,7.573333333333333,4
1510,7.546666666666667,4
1511,8.0,4
1512,7.28,4
1513,7.28,4
1514,7.76,4
1515,8.48,4
1516,6.906666666666666,4
1517,7.68,4
1518,8.106666666666667,4
1519,9.386666666666667,4
1520,8.186666666666667,4
1521,7.973333333333334,4
1522,8.0,4
1523,7.306666666666667,4
1524,7.733333333333333,4
1525,7.093333333333334,4
1526,7.226666666666667,4
1527,7.1466666666666665,4
1528,8.08,4
1529,8.24,4
1530,7.52,4
1531,6.96,4
1532,6.933333333333334,4
1533,6.826666666666667,4
1534,6.72,4
1535,6.8533333333333335,4
1536,7.546666666666667,4
1537,8.533333333333333,4
1538,8.32,4
1539,7.8133333333333335,4
1540,8.106666666666667,4
1541,6.826666666666667,4
1542,6.773333333333333,4
1543,7.493333333333333,4
1544,8.133333333333333,4
1545,7.6,4
1546,7.333333333333333,4
1547,7.173333333333333,4
1548,7.04,4
1549,7.066666666666666,4
1550,7.6,4
1551,8.213333333333333,4
1552,7.92,4
1553,7.573333333333333,4
1554,8.426666666666666,4
1555,7.253333333333333,4
1556,8.186666666666667,4
1557,7.786666666666667,4
1558,8.186666666666667,4
1559,8.293333333333333,4
1560,7.973333333333334,4
1561,7.706666666666667,4
1562,8.133333333333333,4
1563,8.64,4
1564,8.293333333333333,4
1565,7.733333333333333,4
1566,7.706666666666667,4
1567,7.386666666666667,4
1568,7.12,4
1569,7.386666666666667,4
1570,7.12,4
1571,7.866666666666666,4
1572,7.413333333333333,4
1573,8.08,4
1574,7.653333333333333,4
1575,6.906666666666666,4
1576,7.04,4
1577,6.906666666666666,4
1578,7.04,4
1579,8.426666666666666,4
1580,8.0,4
1581,7.786666666666667,4
1582,7.44,4
1583,7.04,4
1584,8.0,4
1585,7.28,4
1586,7.12,4
1587,8.693333333333333,4
1588,7.973333333333334,4
1589,7.066666666666666,4
1590,7.866666666666666,4
1591,7.546666666666667,4
1592,6.906666666666666,4
1593,7.066666666666666,4
1594,7.68,4
1595,8.0,4
1596,7.653333333333333,4
1597,8.24,4
1598,8.08,4
1599,8.08,4
1600,7.76,4
1601,7.44,4
1602,7.226666666666667,4
1603,6.986666666666666,4
1604,7.2,4
1605,7.706666666666667,4
1606,7.093333333333334,4
1607,7.413333333333333,4
1608,7.013333333333334,4
1609,7.413333333333333,4
1610,6.56,4
1611,7.226666666666667,4
1612,7.066666666666666,4
1613,6.506666666666667,4
1614,6.72,4
1615,7.093333333333334,4
1616,6.933333333333334,4
1617,7.04,4
1618,7.52,4
1619,8.293333333333333,4
1620,7.066666666666666,4
1621,6.88,4
1622,7.04,4
1623,7.306666666666667,4
1624,8.133333333333333,4
1625,7.92,4
1626,7.44,4
1627,7.226666666666667,4
1628,7.733333333333333,4
1629,7.413333333333333,4
1630,7.306666666666667,4
1631,8.666666666666666,4
1632,8.746666666666666,4
1633,9.226666666666667,4
1634,8.693333333333333,4
1635,8.533333333333333,4
1636,7.92,4
1637,6.933333333333334,4
1638,7.493333333333333,4
1639,8.026666666666667,4
1640,8.213333333333333,4
1641,8.586666666666666,4
1642,7.92,4
1643,7.04,4
1644,6.213333333333333,4
1645,7.093333333333334,4
1646,7.093333333333334,4
1647,6.88,4
1648,8.48,4
1649,8.053333333333333,4
1650,8.613333333333333,4
1651,8.32,4
1652,7.866666666666666,4
1653,7.786666666666667,4
1654,7.786666666666667,4
1655,7.946666666666666,4
1656,7.226666666666667,4
1657,7.866666666666666,4
1658,7.706666666666667,4
1659,7.36,4
1660,6.986666666666666,4
1661,7.8133333333333335,4
1662,8.96,4
1663,9.04,4
1664,8.24,4
1665,8.8,4
1666,8.133333333333333,4
1667,7.92,4
1668,8.186666666666667,4
1669,7.573333333333333,4
1670,7.733333333333333,4
1671,7.573333333333333,4
1672,7.1466666666666665,4
1673,7.466666666666667,4
1674,6.8533333333333335,4
1675,7.92,4
1676,8.426666666666666,4
1677,7.6,4
1678,7.733333333333333,4
1679,7.6,4
1680,7.92,4
1681,7.44,4
1682,7.786666666666667,4
1683,7.04,4
1684,7.546666666666667,4
1685,8.053333333333333,4
1686,7.626666666666667,4
1687,7.306666666666667,4
1688,7.733333333333333,4
1689,7.04,4
1690,6.613333333333333,4
1691,7.306666666666667,4
1692,8.0,4
1693,7.573333333333333,4
1694,7.573333333333333,4
1695,7.573333333333333,4
1696,7.866666666666666,4
1697,8.053333333333333,4
1698,8.106666666666667,4
1699,7.786666666666667,4
1700,8.32,4
1701,6.906666666666666,4
1702,6.693333333333333,4
1703,7.1466666666666665,4
1704,7.626666666666667,4
1705,7.76,4
1706,6.96,4
1707,7.226666666666667,4
1708,6.906666666666666,4
1709,7.733333333333333,4
1710,8.24,4
1711,7.8933333333333335,4
1712,6.986666666666666,4
1713,7.733333333333333,4
1714,7.093333333333334,4
1715,6.906666666666666,4
1716,7.52,4
1717,7.253333333333333,4
1718,7.12,4
1719,7.68,4
1720,7.413333333333333,4
1721,7.28,4
1722,7.173333333333333,4
1723,7.306666666666667,4
1724,7.066666666666666,4
1725,7.413333333333333,4
1726,8.4,4
1727,7.546666666666667,4
1728,7.466666666666667,4
1729,7.066666666666666,4
1730,7.68,4
1731,7.786666666666667,4
1732,7.653333333333333,4
1733,7.573333333333333,4
1734,6.693333333333333,4
1735,7.36,4
1736,7.653333333333333,4
1737,6.666666666666667,4
1738,6.773333333333333,4
1739,6.933333333333334,4
1740,7.973333333333334,4
1741,8.933333333333334,4
1742,8.106666666666667,4
1743,7.466666666666667,4
1744,7.12,4
1745,7.573333333333333,4
1746,7.733333333333333,4
1747,6.666666666666667,4
1748,7.76,4
1749,7.386666666666667,4
1750,7.013333333333334,4
1751,8.213333333333333,4
1752,7.493333333333333,4
1753,7.733333333333333,4
1754,7.946666666666666,4
1755,7.226666666666667,4
1756,7.626666666666667,4
1757,7.413333333333333,4
1758,6.88,4
1759,6.346666666666667,4
1760,6.933333333333334,4
1761,7.226666666666667,4
1762,7.786666666666667,4
1763,7.12,4
1764,7.973333333333334,4
1765,7.466666666666667,4
1766,8.0,4
1767,7.173333333333333,4
1768,7.466666666666667,4
1769,7.253333333333333,4
1770,8.48,4
1771,7.333333333333333,4
1772,7.8133333333333335,4
1773,7.173333333333333,4
1774,6.826666666666667,4
1775,6.96,4
1776,7.093333333333334,4
1777,7.36,4
1778,6.96,4
1779,8.16,4
1780,8.213333333333333,4
1781,7.626666666666667,4
1782,7.306666666666667,4
1783,7.973333333333334,4
1784,7.84,4
1785,7.84,4
1786,8.133333333333333,4
1787,7.6,4
1788,6.933333333333334,4
1789,8.08,4
1790,7.92,4
1791,7.76,4
1792,8.373333333333333,4
1793,8.8,4
1794,8.0,4
1795,7.946666666666666,4
1796,7.786666666666667,4
1797,7.333333333333333,4
1798,7.6,4
1799,7.653333333333333,4
1800,7.866666666666666,4
1801,7.973333333333334,4
1802,7.84,4
1803,7.493333333333333,4
1804,7.76,4
1805,8.373333333333333,4
1806,7.84,4
1807,7.333333333333333,4
1808,7.84,4
1809,7.413333333333333,4
1810,7.573333333333333,4
1811,6.826666666666667,4
1812,7.706666666666667,4
1813,6.746666666666667,4
1814,7.306666666666667,4
1815,8.32,4
1816,8.053333333333333,4
1817,8.533333333333333,4
1818,7.28,4
1819,7.786666666666667,4
1820,8.293333333333333,4
1821,8.213333333333333,4
1822,8.16,4
1823,7.546666666666667,4
1824,7.68,4
1825,8.24,4
1826,8.213333333333333,4
1827,7.973333333333334,4
1828,7.76,4
1829,8.16,4
1830,7.733333333333333,4
1831,7.866666666666666,4
1832,8.053333333333333,4
1833,7.68,4
1834,7.413333333333333,4
1835,7.733333333333333,4
1836,8.026666666666667,4
1837,8.133333333333333,4
1838,8.0,4
1839,7.786666666666667,4
1840,7.386666666666667,4
1841,7.04,4
1842,6.933333333333334,4
1843,7.386666666666667,4
1844,7.68,4
1845,8.16,4
1846,8.293333333333333,4
1847,6.906666666666666,4
1848,7.68,4
1849,6.586666666666667,4
1850,7.013333333333334,4
1851,7.52,4
1852,7.386666666666667,4
1853,7.066666666666666,4
1854,6.826666666666667,4
1855,7.493333333333333,4
1856,7.04,4
1857,8.24,4
1858,8.88,4
1859,8.613333333333333,4
1860,8.186666666666667,4
1861,8.0,4
1862,7.68,4
1863,8.186666666666667,4
1864,7.92,4
1865,9.466666666666667,4
1866,8.826666666666666,4
1867,8.32,4
1868,8.373333333333333,4
1869,7.733333333333333,4
1870,7.52,4
1871,7.173333333333333,4
1872,8.026666666666667,4
1873,7.92,4
1874,7.573333333333333,4
1875,8.24,4
1876,8.026666666666667,4
1877,7.68,4
1878,7.013333333333334,4
1879,7.733333333333333,4
1880,7.466666666666667,4
1881,6.933333333333334,4
1882,7.6,4
1883,7.653333333333333,4
1884,7.413333333333333,4
1885,7.626666666666667,4
1886,8.026666666666667,4
1887,8.32,4
1888,8.373333333333333,4
1889,7.626666666666667,4
1890,7.8133333333333335,4
1891,8.24,4
1892,7.1466666666666665,4
1893,7.84,4
1894,8.293333333333333,4
1895,8.453333333333333,4
1896,7.76,4
1897,7.706666666666667,4
1898,8.506666666666666,4
1899,8.826666666666666,4
1900,9.493333333333334,4
1901,8.133333333333333,4
1902,7.8933333333333335,4
1903,8.346666666666666,4
1904,7.6,4
1905,7.013333333333334,4
1906,7.2,4
1907,8.373333333333333,4
1908,8.293333333333333,4
1909,8.053333333333333,4
1910,7.733333333333333,4
1911,7.8133333333333335,4
1912,7.68,4
1913,8.0,4
1914,7.52,4
1915,8.053333333333333,4
1916,7.2,4
1917,7.653333333333333,4
1918,7.84,4
1919,8.053333333333333,4
1920,8.026666666666667,4
1921,8.133333333333333,4
1922,7.573333333333333,4
1923,6.56,4
1924,7.066666666666666,4
1925,7.493333333333333,4
1926,7.2,4
1927,7.626666666666667,4
1928,7.1466666666666665,4
1929,7.333333333333333,4
1930,7.973333333333334,4
1931,7.2,4
1932,8.16,4
1933,9.813333333333333,4
1934,9.44,4
1935,8.08,4
1936,8.106666666666667,4
1937,7.76,4
1938,8.453333333333333,4
1939,7.52,4
1940,7.493333333333333,4
1941,7.52,4
1942,7.413333333333333,4
1943,7.76,4
1944,8.426666666666666,4
1945,8.16,4
1946,8.16,4
1947,7.68,4
1948,7.04,4
1949,7.493333333333333,4
1950,8.32,4
1951,7.8933333333333335,4
1952,8.08,4
1953,8.053333333333333,4
1954,7.44,4
1955,6.64,4
1956,6.8533333333333335,4
1957,7.706666666666667,4
1958,7.386666666666667,4
1959,7.386666666666667,4
1960,7.706666666666667,4
1961,7.653333333333333,4
1962,7.8933333333333335,4
1963,7.36,4
1964,7.546666666666667,4
1965,7.52,4
1966,8.773333333333333,4
1967,9.12,4
1968,9.386666666666667,4
1969,7.786666666666667,4
1970,8.053333333333333,4
1971,7.973333333333334,4
1972,7.626666666666667,4
1973,7.733333333333333,4
1974,7.653333333333333,4
1975,7.546666666666667,4
1976,7.68,4
1977,7.946666666666666,4
1978,7.76,4
1979,7.173333333333333,4
1980,7.946666666666666,4
1981,7.68,4
1982,7.36,4
1983,8.186666666666667,4
1984,8.506666666666666,4
1985,7.306666666666667,4
1986,7.68,4
1987,8.373333333333333,4
1988,8.266666666666667,4
1989,7.706666666666667,4
1990,7.253333333333333,4
1991,7.333333333333333,4
1992,8.133333333333333,4
1993,6.96,4
1994,7.386666666666667,4
1995,7.1466666666666665,4
1996,7.84,4
1997,8.533333333333333,4
1998,8.24,4
1999,7.226666666666667,4
