Figure: small_5
File Number: 94
Nodes: 36
Edges: 580
Max Generations: 2000
Population Size: 150
Mutation Rate: 0.01
Colors Used: 8
Runtime: 2.08

Generation,Average Fitness,Best Fitness
0,143.41333333333333,96
1,133.2,92
2,125.89333333333333,76
3,122.50666666666666,76
4,120.61333333333333,76
5,116.50666666666666,72
6,117.65333333333334,72
7,114.16,68
8,111.46666666666667,68
9,110.4,68
10,105.68,68
11,101.44,64
12,100.82666666666667,64
13,97.38666666666667,60
14,92.50666666666666,60
15,87.01333333333334,60
16,83.2,60
17,79.65333333333334,56
18,78.88,56
19,76.29333333333334,52
20,73.30666666666667,52
21,72.93333333333334,52
22,71.25333333333333,52
23,69.49333333333334,48
24,68.26666666666667,40
25,66.58666666666667,40
26,64.66666666666667,40
27,63.013333333333335,40
28,60.88,40
29,59.81333333333333,36
30,58.61333333333334,36
31,56.56,36
32,54.08,36
33,51.653333333333336,36
34,48.85333333333333,36
35,46.08,32
36,43.6,32
37,42.266666666666666,28
38,41.44,28
39,40.74666666666667,28
40,39.25333333333333,28
41,38.32,28
42,37.6,28
43,37.413333333333334,28
44,36.50666666666667,24
45,35.78666666666667,24
46,35.46666666666667,24
47,35.44,24
48,34.61333333333334,24
49,33.333333333333336,24
50,32.32,24
51,31.76,24
52,31.493333333333332,24
53,29.546666666666667,24
54,27.946666666666665,20
55,27.44,20
56,26.426666666666666,20
57,25.52,20
58,25.68,20
59,26.08,20
60,24.69333333333333,20
61,24.026666666666667,20
62,24.506666666666668,20
63,25.333333333333332,20
64,24.293333333333333,20
65,23.706666666666667,20
66,24.56,20
67,24.32,20
68,23.973333333333333,20
69,24.16,20
70,23.413333333333334,20
71,23.093333333333334,20
72,23.2,20
73,23.6,20
74,24.026666666666667,20
75,24.186666666666667,20
76,23.493333333333332,16
77,24.133333333333333,16
78,23.92,16
79,23.573333333333334,16
80,23.573333333333334,16
81,24.266666666666666,16
82,22.613333333333333,16
83,23.226666666666667,16
84,23.14666666666667,16
85,22.48,16
86,22.213333333333335,16
87,21.226666666666667,16
88,22.426666666666666,16
89,21.12,16
90,20.773333333333333,16
91,19.946666666666665,16
92,19.2,16
93,19.226666666666667,16
94,20.106666666666666,16
95,19.413333333333334,16
96,19.92,16
97,20.266666666666666,16
98,18.986666666666668,16
99,18.773333333333333,16
100,18.64,16
101,18.64,16
102,19.36,16
103,18.346666666666668,16
104,19.813333333333333,16
105,19.52,12
106,18.933333333333334,12
107,18.986666666666668,12
108,19.546666666666667,12
109,19.386666666666667,12
110,18.906666666666666,12
111,18.69333333333333,12
112,18.96,12
113,18.533333333333335,12
114,18.293333333333333,12
115,18.106666666666666,12
116,18.56,12
117,17.813333333333333,12
118,17.386666666666667,12
119,17.253333333333334,12
120,16.24,12
121,16.373333333333335,12
122,15.28,12
123,15.76,12
124,14.853333333333333,12
125,15.52,12
126,15.013333333333334,12
127,15.68,12
128,15.386666666666667,12
129,15.52,12
130,15.093333333333334,12
131,14.933333333333334,12
132,15.306666666666667,12
133,15.866666666666667,12
134,15.413333333333334,12
135,15.706666666666667,12
136,15.973333333333333,8
137,16.08,8
138,14.666666666666666,8
139,14.426666666666666,8
140,14.053333333333333,8
141,14.106666666666667,8
142,13.76,8
143,12.826666666666666,8
144,12.08,8
145,12.266666666666667,8
146,12.426666666666666,8
147,11.306666666666667,8
148,11.493333333333334,8
149,10.906666666666666,8
150,11.226666666666667,8
151,11.76,8
152,11.946666666666667,8
153,11.28,8
154,11.813333333333333,8
155,11.546666666666667,8
156,11.493333333333334,8
157,11.706666666666667,8
158,12.16,8
159,11.333333333333334,8
160,11.2,8
161,11.6,8
162,11.306666666666667,8
163,11.68,8
164,10.96,8
165,11.093333333333334,8
166,11.44,8
167,10.986666666666666,8
168,11.173333333333334,8
169,12.053333333333333,8
170,12.453333333333333,8
171,12.106666666666667,8
172,11.306666666666667,8
173,11.306666666666667,8
174,11.786666666666667,8
175,12.826666666666666,8
176,11.946666666666667,8
177,12.0,8
178,11.84,8
179,11.68,8
180,11.626666666666667,8
181,10.453333333333333,8
182,10.693333333333333,8
183,10.88,8
184,10.88,8
185,11.52,8
186,11.76,8
187,12.133333333333333,8
188,12.32,8
189,12.933333333333334,8
190,11.573333333333334,8
191,11.413333333333334,8
192,11.253333333333334,8
193,10.853333333333333,8
194,11.253333333333334,8
195,11.52,8
196,11.76,8
197,11.066666666666666,8
198,11.546666666666667,8
199,11.626666666666667,8
200,10.986666666666666,8
201,10.773333333333333,8
202,11.413333333333334,8
203,11.893333333333333,8
204,11.946666666666667,8
205,11.813333333333333,8
206,12.186666666666667,8
207,11.706666666666667,8
208,11.546666666666667,8
209,10.96,8
210,11.546666666666667,8
211,11.253333333333334,8
212,11.333333333333334,8
213,11.306666666666667,8
214,11.466666666666667,8
215,11.6,8
216,11.12,8
217,11.226666666666667,8
218,11.626666666666667,8
219,11.44,8
220,11.813333333333333,8
221,11.226666666666667,8
222,11.946666666666667,8
223,11.68,8
224,11.52,8
225,11.093333333333334,8
226,10.88,8
227,11.466666666666667,8
228,11.546666666666667,8
229,11.866666666666667,8
230,11.6,8
231,11.573333333333334,8
232,11.92,8
233,12.0,8
234,11.76,8
235,11.653333333333334,8
236,11.573333333333334,8
237,12.186666666666667,8
238,11.813333333333333,8
239,10.693333333333333,8
240,11.946666666666667,8
241,10.933333333333334,8
242,10.826666666666666,8
243,11.226666666666667,8
244,11.653333333333334,8
245,11.653333333333334,8
246,11.466666666666667,8
247,12.773333333333333,8
248,11.76,8
249,11.253333333333334,8
250,11.2,8
251,10.906666666666666,8
252,11.36,8
253,11.253333333333334,8
254,10.613333333333333,8
255,10.986666666666666,8
256,11.12,8
257,11.04,8
258,11.813333333333333,8
259,11.013333333333334,8
260,11.386666666666667,8
261,11.653333333333334,8
262,11.333333333333334,8
263,12.0,8
264,11.253333333333334,8
265,10.826666666666666,8
266,11.893333333333333,8
267,12.026666666666667,8
268,11.546666666666667,8
269,11.333333333333334,8
270,11.04,8
271,12.56,8
272,11.44,8
273,11.253333333333334,8
274,11.52,8
275,11.866666666666667,8
276,11.973333333333333,8
277,12.346666666666666,8
278,12.373333333333333,8
279,11.866666666666667,8
280,10.266666666666667,8
281,11.493333333333334,8
282,11.866666666666667,8
283,13.28,8
284,12.906666666666666,8
285,11.066666666666666,8
286,12.373333333333333,8
287,12.48,8
288,11.92,8
289,10.906666666666666,8
290,11.44,8
291,12.213333333333333,8
292,10.933333333333334,8
293,11.12,8
294,11.253333333333334,8
295,12.106666666666667,8
296,12.08,8
297,11.28,8
298,11.706666666666667,8
299,11.28,8
300,11.253333333333334,8
301,11.813333333333333,8
302,11.333333333333334,8
303,10.64,8
304,11.44,8
305,11.6,8
306,11.653333333333334,8
307,10.746666666666666,8
308,11.653333333333334,8
309,12.053333333333333,8
310,12.08,8
311,12.373333333333333,8
312,11.76,8
313,12.0,8
314,10.986666666666666,8
315,11.893333333333333,8
316,11.36,8
317,11.013333333333334,8
318,10.906666666666666,8
319,11.173333333333334,8
320,11.306666666666667,8
321,12.453333333333333,8
322,12.56,8
323,12.48,8
324,11.973333333333333,8
325,10.8,8
326,10.48,8
327,10.266666666666667,8
328,10.72,8
329,11.2,8
330,11.226666666666667,8
331,11.44,8
332,11.6,8
333,10.72,8
334,10.986666666666666,8
335,11.44,8
336,11.973333333333333,8
337,11.2,8
338,11.333333333333334,8
339,11.84,8
340,11.146666666666667,8
341,11.413333333333334,8
342,10.933333333333334,8
343,11.413333333333334,8
344,11.04,8
345,10.88,8
346,11.146666666666667,8
347,11.253333333333334,8
348,11.2,8
349,11.6,8
350,12.026666666666667,8
351,11.946666666666667,8
352,11.6,8
353,11.68,8
354,11.2,8
355,10.4,8
356,10.373333333333333,8
357,10.426666666666666,8
358,10.586666666666666,8
359,11.386666666666667,8
360,10.666666666666666,8
361,11.573333333333334,8
362,11.04,8
363,11.546666666666667,8
364,11.28,8
365,11.12,8
366,11.306666666666667,8
367,12.16,8
368,11.626666666666667,8
369,12.426666666666666,8
370,12.293333333333333,8
371,11.813333333333333,8
372,12.053333333333333,8
373,12.186666666666667,8
374,10.986666666666666,8
375,11.626666666666667,8
376,12.133333333333333,8
377,12.026666666666667,8
378,11.253333333333334,8
379,11.04,8
380,10.96,8
381,10.613333333333333,8
382,10.48,8
383,11.386666666666667,8
384,11.733333333333333,8
385,11.146666666666667,8
386,11.44,8
387,12.8,8
388,12.213333333333333,8
389,12.72,8
390,12.053333333333333,8
391,12.533333333333333,8
392,12.72,8
393,11.36,8
394,11.2,8
395,11.733333333333333,8
396,12.266666666666667,8
397,12.346666666666666,8
398,12.24,8
399,11.84,8
400,13.2,8
401,13.173333333333334,8
402,11.893333333333333,8
403,11.306666666666667,8
404,11.226666666666667,8
405,11.626666666666667,8
406,11.6,8
407,10.933333333333334,8
408,11.813333333333333,8
409,11.733333333333333,8
410,12.08,8
411,10.693333333333333,8
412,11.36,8
413,10.906666666666666,8
414,11.44,8
415,12.32,8
416,12.026666666666667,8
417,11.626666666666667,8
418,12.08,8
419,11.706666666666667,8
420,11.92,8
421,11.866666666666667,8
422,12.64,8
423,12.133333333333333,8
424,12.693333333333333,8
425,12.746666666666666,8
426,12.24,8
427,12.16,8
428,12.346666666666666,8
429,12.32,8
430,11.733333333333333,8
431,11.653333333333334,8
432,11.333333333333334,8
433,12.24,8
434,11.68,8
435,11.306666666666667,8
436,11.6,8
437,11.946666666666667,8
438,11.306666666666667,8
439,11.12,8
440,11.386666666666667,8
441,11.76,8
442,11.173333333333334,8
443,12.026666666666667,8
444,11.76,8
445,11.786666666666667,8
446,11.893333333333333,8
447,11.173333333333334,8
448,11.146666666666667,8
449,10.613333333333333,8
450,10.48,8
451,11.546666666666667,8
452,11.146666666666667,8
453,10.88,8
454,12.32,8
455,11.866666666666667,8
456,12.266666666666667,8
457,11.733333333333333,8
458,10.986666666666666,8
459,11.413333333333334,8
460,11.466666666666667,8
461,11.866666666666667,8
462,11.893333333333333,8
463,11.626666666666667,8
464,11.36,8
465,11.413333333333334,8
466,11.76,8
467,11.973333333333333,8
468,11.786666666666667,8
469,11.786666666666667,8
470,10.96,8
471,11.6,8
472,11.786666666666667,8
473,12.08,8
474,11.44,8
475,11.866666666666667,8
476,11.973333333333333,8
477,11.546666666666667,8
478,11.973333333333333,8
479,11.68,8
480,12.16,8
481,11.653333333333334,8
482,12.293333333333333,8
483,11.706666666666667,8
484,12.72,8
485,12.053333333333333,8
486,11.44,8
487,11.066666666666666,8
488,11.36,8
489,11.12,8
490,10.986666666666666,8
491,11.253333333333334,8
492,11.44,8
493,10.613333333333333,8
494,11.066666666666666,8
495,10.773333333333333,8
496,11.306666666666667,8
497,11.466666666666667,8
498,11.173333333333334,8
499,11.6,8
500,11.466666666666667,8
501,11.413333333333334,8
502,12.106666666666667,8
503,11.786666666666667,8
504,10.96,8
505,11.013333333333334,8
506,10.96,8
507,12.133333333333333,8
508,12.293333333333333,8
509,12.08,8
510,11.6,8
511,11.706666666666667,8
512,11.573333333333334,8
513,12.16,8
514,11.52,8
515,10.906666666666666,8
516,11.626666666666667,8
517,11.253333333333334,8
518,12.293333333333333,8
519,11.52,8
520,11.973333333333333,8
521,11.866666666666667,8
522,11.706666666666667,8
523,12.08,8
524,12.453333333333333,8
525,11.76,8
526,10.826666666666666,8
527,11.36,8
528,12.373333333333333,8
529,11.573333333333334,8
530,11.52,8
531,11.466666666666667,8
532,11.253333333333334,8
533,11.573333333333334,8
534,11.52,8
535,12.56,8
536,11.68,8
537,11.306666666666667,8
538,12.186666666666667,8
539,12.053333333333333,8
540,11.733333333333333,8
541,12.106666666666667,8
542,11.76,8
543,11.493333333333334,8
544,11.04,8
545,11.333333333333334,8
546,11.626666666666667,8
547,10.826666666666666,8
548,11.066666666666666,8
549,10.533333333333333,8
550,10.933333333333334,8
551,12.0,8
552,11.68,8
553,11.386666666666667,8
554,11.333333333333334,8
555,12.4,8
556,12.266666666666667,8
557,12.373333333333333,8
558,12.4,8
559,11.706666666666667,8
560,11.626666666666667,8
561,11.946666666666667,8
562,12.613333333333333,8
563,12.48,8
564,11.946666666666667,8
565,11.52,8
566,11.413333333333334,8
567,11.52,8
568,11.466666666666667,8
569,11.2,8
570,11.493333333333334,8
571,11.813333333333333,8
572,10.746666666666666,8
573,11.76,8
574,11.386666666666667,8
575,11.28,8
576,11.893333333333333,8
577,11.306666666666667,8
578,11.413333333333334,8
579,10.746666666666666,8
580,11.333333333333334,8
581,12.053333333333333,8
582,11.92,8
583,11.653333333333334,8
584,11.093333333333334,8
585,10.773333333333333,8
586,11.386666666666667,8
587,12.666666666666666,8
588,11.68,8
589,12.16,8
590,11.573333333333334,8
591,10.906666666666666,8
592,11.493333333333334,8
593,12.053333333333333,8
594,12.266666666666667,8
595,12.64,8
596,11.92,8
597,12.266666666666667,8
598,12.08,8
599,12.0,8
600,10.933333333333334,8
601,11.253333333333334,8
602,11.466666666666667,8
603,11.573333333333334,8
604,12.16,8
605,11.493333333333334,8
606,11.04,8
607,11.066666666666666,8
608,11.013333333333334,8
609,11.706666666666667,8
610,12.32,8
611,11.84,8
612,12.16,8
613,11.413333333333334,8
614,11.653333333333334,8
615,11.52,8
616,11.866666666666667,8
617,11.52,8
618,11.68,8
619,11.333333333333334,8
620,11.12,8
621,11.28,8
622,11.413333333333334,8
623,11.626666666666667,8
624,12.4,8
625,12.64,8
626,12.293333333333333,8
627,11.866666666666667,8
628,11.706666666666667,8
629,11.146666666666667,8
630,10.933333333333334,8
631,11.04,8
632,10.906666666666666,8
633,11.68,8
634,11.84,8
635,12.346666666666666,8
636,11.973333333333333,8
637,11.386666666666667,8
638,10.853333333333333,8
639,10.666666666666666,8
640,11.813333333333333,8
641,11.866666666666667,8
642,11.093333333333334,8
643,11.173333333333334,8
644,11.866666666666667,8
645,11.573333333333334,8
646,12.133333333333333,8
647,12.266666666666667,8
648,11.333333333333334,8
649,11.066666666666666,8
650,11.893333333333333,8
651,11.04,8
652,12.32,8
653,11.12,8
654,10.933333333333334,8
655,10.906666666666666,8
656,11.333333333333334,8
657,11.306666666666667,8
658,9.84,8
659,10.213333333333333,8
660,11.333333333333334,8
661,11.973333333333333,8
662,11.84,8
663,12.373333333333333,8
664,12.4,8
665,11.68,8
666,11.306666666666667,8
667,11.12,8
668,11.493333333333334,8
669,11.493333333333334,8
670,11.2,8
671,11.893333333333333,8
672,11.946666666666667,8
673,11.76,8
674,11.2,8
675,11.066666666666666,8
676,11.52,8
677,11.466666666666667,8
678,11.466666666666667,8
679,10.853333333333333,8
680,10.693333333333333,8
681,11.12,8
682,11.04,8
683,11.253333333333334,8
684,11.333333333333334,8
685,11.413333333333334,8
686,11.733333333333333,8
687,12.133333333333333,8
688,12.293333333333333,8
689,12.666666666666666,8
690,12.853333333333333,8
691,11.573333333333334,8
692,11.946666666666667,8
693,12.506666666666666,8
694,12.773333333333333,8
695,11.813333333333333,8
696,11.6,8
697,12.4,8
698,12.586666666666666,8
699,11.973333333333333,8
700,11.653333333333334,8
701,11.44,8
702,12.266666666666667,8
703,11.946666666666667,8
704,11.893333333333333,8
705,12.72,8
706,12.293333333333333,8
707,10.96,8
708,11.6,8
709,12.0,8
710,11.706666666666667,8
711,11.28,8
712,11.573333333333334,8
713,11.68,8
714,12.16,8
715,11.413333333333334,8
716,11.6,8
717,11.226666666666667,8
718,11.226666666666667,8
719,11.546666666666667,8
720,11.253333333333334,8
721,10.72,8
722,11.52,8
723,10.933333333333334,8
724,11.493333333333334,8
725,12.426666666666666,8
726,12.373333333333333,8
727,12.133333333333333,8
728,12.133333333333333,8
729,11.6,8
730,11.6,8
731,12.56,8
732,11.146666666666667,8
733,12.0,8
734,11.84,8
735,12.026666666666667,8
736,11.733333333333333,8
737,12.426666666666666,8
738,11.306666666666667,8
739,11.173333333333334,8
740,11.093333333333334,8
741,11.146666666666667,8
742,11.68,8
743,11.04,8
744,10.56,8
745,10.88,8
746,11.413333333333334,8
747,10.773333333333333,8
748,11.786666666666667,8
749,11.146666666666667,8
750,10.8,8
751,11.706666666666667,8
752,12.0,8
753,11.946666666666667,8
754,11.093333333333334,8
755,11.786666666666667,8
756,11.573333333333334,8
757,11.2,8
758,10.986666666666666,8
759,10.453333333333333,8
760,11.013333333333334,8
761,11.146666666666667,8
762,11.973333333333333,8
763,11.893333333333333,8
764,10.693333333333333,8
765,11.573333333333334,8
766,11.386666666666667,8
767,11.653333333333334,8
768,12.426666666666666,8
769,11.493333333333334,8
770,10.96,8
771,12.64,8
772,11.6,8
773,11.333333333333334,8
774,12.4,8
775,12.026666666666667,8
776,11.573333333333334,8
777,12.8,8
778,12.373333333333333,8
779,11.226666666666667,8
780,11.813333333333333,8
781,10.853333333333333,8
782,11.813333333333333,8
783,11.386666666666667,8
784,11.733333333333333,8
785,11.066666666666666,8
786,10.853333333333333,8
787,10.56,8
788,10.826666666666666,8
789,11.626666666666667,8
790,11.44,8
791,11.6,8
792,11.12,8
793,11.68,8
794,11.36,8
795,12.266666666666667,8
796,11.76,8
797,11.6,8
798,11.973333333333333,8
799,10.906666666666666,8
800,11.413333333333334,8
801,12.72,8
802,11.973333333333333,8
803,11.973333333333333,8
804,11.52,8
805,11.626666666666667,8
806,12.053333333333333,8
807,12.0,8
808,11.866666666666667,8
809,11.893333333333333,8
810,12.32,8
811,12.48,8
812,11.653333333333334,8
813,12.0,8
814,11.226666666666667,8
815,11.12,8
816,11.973333333333333,8
817,11.466666666666667,8
818,12.32,8
819,11.786666666666667,8
820,11.946666666666667,8
821,12.56,8
822,11.333333333333334,8
823,12.426666666666666,8
824,12.693333333333333,8
825,12.4,8
826,11.68,8
827,11.28,8
828,11.36,8
829,11.2,8
830,11.173333333333334,8
831,11.066666666666666,8
832,11.466666666666667,8
833,11.2,8
834,10.533333333333333,8
835,11.92,8
836,12.106666666666667,8
837,11.28,8
838,11.173333333333334,8
839,11.546666666666667,8
840,10.72,8
841,9.973333333333333,8
842,11.306666666666667,8
843,11.146666666666667,8
844,11.546666666666667,8
845,11.866666666666667,8
846,12.32,8
847,11.573333333333334,8
848,11.733333333333333,8
849,11.306666666666667,8
850,10.56,8
851,11.84,8
852,11.013333333333334,8
853,10.64,8
854,10.586666666666666,8
855,12.16,8
856,12.0,8
857,11.44,8
858,11.546666666666667,8
859,11.6,8
860,11.173333333333334,8
861,11.226666666666667,8
862,11.6,8
863,11.386666666666667,8
864,11.173333333333334,8
865,11.44,8
866,12.026666666666667,8
867,11.44,8
868,11.786666666666667,8
869,11.813333333333333,8
870,11.92,8
871,11.466666666666667,8
872,11.786666666666667,8
873,11.6,8
874,11.973333333333333,8
875,12.426666666666666,8
876,12.346666666666666,8
877,11.706666666666667,8
878,11.706666666666667,8
879,11.84,8
880,11.386666666666667,8
881,11.386666666666667,8
882,11.333333333333334,8
883,10.96,8
884,11.226666666666667,8
885,10.613333333333333,8
886,12.32,8
887,11.093333333333334,8
888,10.72,8
889,11.466666666666667,8
890,11.173333333333334,8
891,11.253333333333334,8
892,11.36,8
893,11.013333333333334,8
894,11.84,8
895,11.013333333333334,8
896,11.653333333333334,8
897,11.36,8
898,11.573333333333334,8
899,11.44,8
900,11.813333333333333,8
901,11.28,8
902,11.893333333333333,8
903,11.573333333333334,8
904,11.813333333333333,8
905,12.026666666666667,8
906,11.866666666666667,8
907,11.6,8
908,11.813333333333333,8
909,11.653333333333334,8
910,11.866666666666667,8
911,11.146666666666667,8
912,11.28,8
913,11.706666666666667,8
914,10.826666666666666,8
915,11.44,8
916,10.613333333333333,8
917,10.266666666666667,8
918,11.573333333333334,8
919,11.333333333333334,8
920,10.826666666666666,8
921,11.173333333333334,8
922,11.36,8
923,11.466666666666667,8
924,11.92,8
925,12.533333333333333,8
926,12.453333333333333,8
927,12.026666666666667,8
928,11.893333333333333,8
929,11.36,8
930,12.533333333333333,8
931,12.64,8
932,12.053333333333333,8
933,11.28,8
934,12.533333333333333,8
935,11.786666666666667,8
936,11.786666666666667,8
937,12.4,8
938,12.106666666666667,8
939,13.466666666666667,8
940,12.533333333333333,8
941,11.946666666666667,8
942,12.106666666666667,8
943,11.68,8
944,12.266666666666667,8
945,11.786666666666667,8
946,12.453333333333333,8
947,12.053333333333333,8
948,11.546666666666667,8
949,11.173333333333334,8
950,11.786666666666667,8
951,12.08,8
952,11.626666666666667,8
953,11.866666666666667,8
954,12.506666666666666,8
955,12.24,8
956,11.626666666666667,8
957,12.106666666666667,8
958,12.426666666666666,8
959,12.613333333333333,8
960,11.706666666666667,8
961,11.573333333333334,8
962,10.933333333333334,8
963,11.04,8
964,11.333333333333334,8
965,10.4,8
966,10.533333333333333,8
967,11.573333333333334,8
968,12.08,8
969,11.733333333333333,8
970,10.8,8
971,12.16,8
972,12.533333333333333,8
973,12.373333333333333,8
974,12.4,8
975,11.733333333333333,8
976,12.08,8
977,12.48,8
978,11.573333333333334,8
979,11.946666666666667,8
980,11.893333333333333,8
981,12.266666666666667,8
982,12.773333333333333,8
983,12.8,8
984,11.626666666666667,8
985,11.573333333333334,8
986,11.386666666666667,8
987,11.84,8
988,10.906666666666666,8
989,11.36,8
990,11.386666666666667,8
991,11.946666666666667,8
992,11.52,8
993,11.306666666666667,8
994,12.24,8
995,11.546666666666667,8
996,10.986666666666666,8
997,10.586666666666666,8
998,12.186666666666667,8
999,12.16,8
1000,11.653333333333334,8
1001,11.866666666666667,8
1002,11.413333333333334,8
1003,11.733333333333333,8
1004,10.826666666666666,8
1005,11.04,8
1006,10.853333333333333,8
1007,10.72,8
1008,10.506666666666666,8
1009,11.04,8
1010,10.64,8
1011,10.346666666666666,8
1012,11.493333333333334,8
1013,12.266666666666667,8
1014,12.026666666666667,8
1015,11.2,8
1016,11.226666666666667,8
1017,11.893333333333333,8
1018,12.453333333333333,8
1019,11.946666666666667,8
1020,12.16,8
1021,11.786666666666667,8
1022,12.266666666666667,8
1023,11.946666666666667,8
1024,12.053333333333333,8
1025,10.853333333333333,8
1026,11.12,8
1027,11.626666666666667,8
1028,10.64,8
1029,11.653333333333334,8
1030,11.6,8
1031,11.6,8
1032,11.573333333333334,8
1033,11.28,8
1034,11.013333333333334,8
1035,11.386666666666667,8
1036,11.413333333333334,8
1037,11.04,8
1038,11.333333333333334,8
1039,11.546666666666667,8
1040,12.24,8
1041,12.693333333333333,8
1042,11.786666666666667,8
1043,11.413333333333334,8
1044,12.053333333333333,8
1045,11.573333333333334,8
1046,11.173333333333334,8
1047,11.653333333333334,8
1048,10.906666666666666,8
1049,11.546666666666667,8
1050,11.226666666666667,8
1051,12.32,8
1052,12.586666666666666,8
1053,12.4,8
1054,11.28,8
1055,11.626666666666667,8
1056,12.613333333333333,8
1057,11.706666666666667,8
1058,11.653333333333334,8
1059,12.0,8
1060,11.253333333333334,8
1061,11.786666666666667,8
1062,11.013333333333334,8
1063,10.906666666666666,8
1064,11.2,8
1065,12.026666666666667,8
1066,12.24,8
1067,11.786666666666667,8
1068,12.586666666666666,8
1069,12.053333333333333,8
1070,11.653333333333334,8
1071,12.8,8
1072,11.706666666666667,8
1073,12.24,8
1074,12.16,8
1075,11.093333333333334,8
1076,11.653333333333334,8
1077,11.466666666666667,8
1078,12.026666666666667,8
1079,11.226666666666667,8
1080,10.853333333333333,8
1081,10.96,8
1082,11.813333333333333,8
1083,12.106666666666667,8
1084,11.76,8
1085,11.893333333333333,8
1086,11.6,8
1087,11.2,8
1088,11.173333333333334,8
1089,11.04,8
1090,11.84,8
1091,11.76,8
1092,11.92,8
1093,12.24,8
1094,12.32,8
1095,11.6,8
1096,11.386666666666667,8
1097,10.613333333333333,8
1098,11.306666666666667,8
1099,11.52,8
1100,11.066666666666666,8
1101,11.786666666666667,8
1102,12.213333333333333,8
1103,12.32,8
1104,11.493333333333334,8
1105,11.413333333333334,8
1106,11.2,8
1107,11.013333333333334,8
1108,11.84,8
1109,11.146666666666667,8
1110,11.253333333333334,8
1111,11.306666666666667,8
1112,12.48,8
1113,11.786666666666667,8
1114,11.12,8
1115,10.773333333333333,8
1116,10.613333333333333,8
1117,11.466666666666667,8
1118,11.946666666666667,8
1119,11.706666666666667,8
1120,11.6,8
1121,11.493333333333334,8
1122,12.213333333333333,8
1123,11.786666666666667,8
1124,11.653333333333334,8
1125,12.053333333333333,8
1126,12.266666666666667,8
1127,11.84,8
1128,12.346666666666666,8
1129,12.586666666666666,8
1130,11.813333333333333,8
1131,12.453333333333333,8
1132,12.24,8
1133,11.573333333333334,8
1134,11.653333333333334,8
1135,11.546666666666667,8
1136,11.386666666666667,8
1137,11.813333333333333,8
1138,12.08,8
1139,11.626666666666667,8
1140,11.653333333333334,8
1141,11.2,8
1142,12.613333333333333,8
1143,12.933333333333334,8
1144,12.586666666666666,8
1145,11.44,8
1146,11.28,8
1147,11.466666666666667,8
1148,11.2,8
1149,11.013333333333334,8
1150,11.013333333333334,8
1151,11.813333333333333,8
1152,11.226666666666667,8
1153,10.853333333333333,8
1154,10.72,8
1155,11.04,8
1156,10.666666666666666,8
1157,10.906666666666666,8
1158,10.613333333333333,8
1159,11.866666666666667,8
1160,11.973333333333333,8
1161,12.08,8
1162,11.893333333333333,8
1163,11.733333333333333,8
1164,11.68,8
1165,11.36,8
1166,10.586666666666666,8
1167,11.44,8
1168,11.84,8
1169,11.306666666666667,8
1170,10.88,8
1171,11.92,8
1172,11.813333333333333,8
1173,12.533333333333333,8
1174,12.64,8
1175,12.186666666666667,8
1176,12.4,8
1177,11.36,8
1178,11.786666666666667,8
1179,11.76,8
1180,12.453333333333333,8
1181,12.613333333333333,8
1182,11.546666666666667,8
1183,13.04,8
1184,12.133333333333333,8
1185,11.333333333333334,8
1186,11.52,8
1187,11.306666666666667,8
1188,11.466666666666667,8
1189,11.333333333333334,8
1190,11.173333333333334,8
1191,11.813333333333333,8
1192,11.653333333333334,8
1193,11.813333333333333,8
1194,11.2,8
1195,11.813333333333333,8
1196,11.893333333333333,8
1197,11.626666666666667,8
1198,11.68,8
1199,11.813333333333333,8
1200,12.053333333333333,8
1201,11.493333333333334,8
1202,11.973333333333333,8
1203,11.52,8
1204,11.386666666666667,8
1205,11.146666666666667,8
1206,10.933333333333334,8
1207,11.52,8
1208,11.973333333333333,8
1209,11.626666666666667,8
1210,11.493333333333334,8
1211,11.12,8
1212,11.28,8
1213,11.84,8
1214,11.786666666666667,8
1215,11.546666666666667,8
1216,11.2,8
1217,11.066666666666666,8
1218,11.333333333333334,8
1219,11.413333333333334,8
1220,11.44,8
1221,11.546666666666667,8
1222,11.893333333333333,8
1223,12.32,8
1224,12.506666666666666,8
1225,11.946666666666667,8
1226,11.386666666666667,8
1227,11.28,8
1228,11.173333333333334,8
1229,12.0,8
1230,11.04,8
1231,10.613333333333333,8
1232,11.413333333333334,8
1233,11.066666666666666,8
1234,10.986666666666666,8
1235,11.013333333333334,8
1236,11.573333333333334,8
1237,11.706666666666667,8
1238,11.866666666666667,8
1239,12.32,8
1240,12.186666666666667,8
1241,11.92,8
1242,11.44,8
1243,11.493333333333334,8
1244,12.293333333333333,8
1245,11.36,8
1246,11.44,8
1247,12.053333333333333,8
1248,11.946666666666667,8
1249,11.173333333333334,8
1250,11.52,8
1251,12.32,8
1252,12.053333333333333,8
1253,12.64,8
1254,11.813333333333333,8
1255,11.92,8
1256,12.16,8
1257,12.213333333333333,8
1258,12.426666666666666,8
1259,12.213333333333333,8
1260,11.893333333333333,8
1261,12.24,8
1262,11.466666666666667,8
1263,11.626666666666667,8
1264,11.333333333333334,8
1265,11.653333333333334,8
1266,11.306666666666667,8
1267,11.253333333333334,8
1268,11.413333333333334,8
1269,11.04,8
1270,11.866666666666667,8
1271,11.36,8
1272,11.333333333333334,8
1273,11.786666666666667,8
1274,10.853333333333333,8
1275,9.706666666666667,8
1276,11.066666666666666,8
1277,11.253333333333334,8
1278,11.733333333333333,8
1279,11.786666666666667,8
1280,11.013333333333334,8
1281,11.12,8
1282,11.946666666666667,8
1283,11.84,8
1284,11.653333333333334,8
1285,11.653333333333334,8
1286,12.08,8
1287,11.413333333333334,8
1288,11.333333333333334,8
1289,11.44,8
1290,11.52,8
1291,10.746666666666666,8
1292,10.8,8
1293,10.746666666666666,8
1294,10.88,8
1295,11.28,8
1296,11.44,8
1297,12.133333333333333,8
1298,11.306666666666667,8
1299,11.626666666666667,8
1300,11.973333333333333,8
1301,12.48,8
1302,11.84,8
1303,11.44,8
1304,10.826666666666666,8
1305,11.066666666666666,8
1306,11.413333333333334,8
1307,12.773333333333333,8
1308,11.733333333333333,8
1309,12.186666666666667,8
1310,11.173333333333334,8
1311,12.0,8
1312,11.2,8
1313,11.2,8
1314,10.986666666666666,8
1315,10.8,8
1316,11.28,8
1317,11.626666666666667,8
1318,12.106666666666667,8
1319,11.813333333333333,8
1320,11.146666666666667,8
1321,11.306666666666667,8
1322,12.293333333333333,8
1323,12.08,8
1324,11.706666666666667,8
1325,12.0,8
1326,12.346666666666666,8
1327,11.333333333333334,8
1328,11.306666666666667,8
1329,11.2,8
1330,11.066666666666666,8
1331,11.2,8
1332,11.893333333333333,8
1333,11.173333333333334,8
1334,11.333333333333334,8
1335,11.2,8
1336,11.253333333333334,8
1337,10.586666666666666,8
1338,11.12,8
1339,10.826666666666666,8
1340,11.493333333333334,8
1341,11.413333333333334,8
1342,11.573333333333334,8
1343,10.533333333333333,8
1344,10.32,8
1345,10.773333333333333,8
1346,10.48,8
1347,10.266666666666667,8
1348,11.546666666666667,8
1349,11.066666666666666,8
1350,11.226666666666667,8
1351,11.28,8
1352,11.573333333333334,8
1353,11.893333333333333,8
1354,11.68,8
1355,11.12,8
1356,11.573333333333334,8
1357,11.413333333333334,8
1358,11.04,8
1359,11.493333333333334,8
1360,10.693333333333333,8
1361,10.773333333333333,8
1362,10.613333333333333,8
1363,11.493333333333334,8
1364,11.066666666666666,8
1365,12.346666666666666,8
1366,12.453333333333333,8
1367,12.133333333333333,8
1368,11.386666666666667,8
1369,11.786666666666667,8
1370,11.44,8
1371,11.76,8
1372,11.946666666666667,8
1373,11.786666666666667,8
1374,12.373333333333333,8
1375,12.186666666666667,8
1376,12.56,8
1377,12.826666666666666,8
1378,12.026666666666667,8
1379,11.466666666666667,8
1380,11.626666666666667,8
1381,11.52,8
1382,11.893333333333333,8
1383,12.213333333333333,8
1384,11.386666666666667,8
1385,11.84,8
1386,12.613333333333333,8
1387,12.48,8
1388,11.706666666666667,8
1389,12.96,8
1390,12.346666666666666,8
1391,12.346666666666666,8
1392,12.293333333333333,8
1393,12.08,8
1394,11.12,8
1395,11.84,8
1396,11.466666666666667,8
1397,11.76,8
1398,10.88,8
1399,10.773333333333333,8
1400,11.626666666666667,8
1401,11.226666666666667,8
1402,12.16,8
1403,11.466666666666667,8
1404,11.52,8
1405,11.36,8
1406,11.706666666666667,8
1407,11.013333333333334,8
1408,11.306666666666667,8
1409,11.2,8
1410,11.333333333333334,8
1411,11.68,8
1412,12.48,8
1413,12.186666666666667,8
1414,11.173333333333334,8
1415,10.853333333333333,8
1416,10.613333333333333,8
1417,10.88,8
1418,11.386666666666667,8
1419,11.386666666666667,8
1420,10.986666666666666,8
1421,10.96,8
1422,11.44,8
1423,11.76,8
1424,11.653333333333334,8
1425,11.546666666666667,8
1426,11.626666666666667,8
1427,10.586666666666666,8
1428,12.213333333333333,8
1429,11.466666666666667,8
1430,11.36,8
1431,11.76,8
1432,11.706666666666667,8
1433,11.44,8
1434,12.08,8
1435,11.36,8
1436,11.466666666666667,8
1437,12.026666666666667,8
1438,12.266666666666667,8
1439,12.16,8
1440,12.213333333333333,8
1441,12.08,8
1442,12.453333333333333,8
1443,11.253333333333334,8
1444,10.16,8
1445,11.413333333333334,8
1446,11.866666666666667,8
1447,12.853333333333333,8
1448,12.133333333333333,8
1449,12.0,8
1450,11.893333333333333,8
1451,11.946666666666667,8
1452,10.826666666666666,8
1453,11.413333333333334,8
1454,11.946666666666667,8
1455,11.786666666666667,8
1456,10.986666666666666,8
1457,11.786666666666667,8
1458,11.173333333333334,8
1459,11.093333333333334,8
1460,11.333333333333334,8
1461,12.106666666666667,8
1462,11.573333333333334,8
1463,10.906666666666666,8
1464,11.386666666666667,8
1465,12.133333333333333,8
1466,11.2,8
1467,11.173333333333334,8
1468,11.946666666666667,8
1469,11.466666666666667,8
1470,11.893333333333333,8
1471,12.08,8
1472,11.92,8
1473,11.68,8
1474,11.786666666666667,8
1475,10.346666666666666,8
1476,11.066666666666666,8
1477,11.68,8
1478,11.2,8
1479,11.173333333333334,8
1480,10.853333333333333,8
1481,11.413333333333334,8
1482,11.733333333333333,8
1483,12.506666666666666,8
1484,11.493333333333334,8
1485,11.52,8
1486,11.6,8
1487,11.626666666666667,8
1488,11.68,8
1489,10.8,8
1490,11.12,8
1491,11.546666666666667,8
1492,11.84,8
1493,11.493333333333334,8
1494,12.0,8
1495,11.733333333333333,8
1496,11.813333333333333,8
1497,11.2,8
1498,10.533333333333333,8
1499,11.04,8
1500,10.16,8
1501,10.88,8
1502,11.68,8
1503,11.653333333333334,8
1504,11.493333333333334,8
1505,11.813333333333333,8
1506,12.24,8
1507,11.68,8
1508,12.453333333333333,8
1509,11.973333333333333,8
1510,12.16,8
1511,11.733333333333333,8
1512,11.52,8
1513,11.413333333333334,8
1514,12.08,8
1515,12.0,8
1516,12.533333333333333,8
1517,10.933333333333334,8
1518,12.213333333333333,8
1519,12.053333333333333,8
1520,11.173333333333334,8
1521,11.706666666666667,8
1522,11.84,8
1523,11.973333333333333,8
1524,11.6,8
1525,11.6,8
1526,11.066666666666666,8
1527,11.68,8
1528,11.68,8
1529,12.48,8
1530,11.68,8
1531,11.84,8
1532,11.866666666666667,8
1533,11.733333333333333,8
1534,11.36,8
1535,12.0,8
1536,12.16,8
1537,12.48,8
1538,11.706666666666667,8
1539,11.493333333333334,8
1540,11.84,8
1541,12.053333333333333,8
1542,11.706666666666667,8
1543,12.293333333333333,8
1544,12.72,8
1545,11.573333333333334,8
1546,11.333333333333334,8
1547,11.946666666666667,8
1548,11.413333333333334,8
1549,11.706666666666667,8
1550,12.533333333333333,8
1551,12.293333333333333,8
1552,11.573333333333334,8
1553,12.026666666666667,8
1554,11.04,8
1555,10.933333333333334,8
1556,10.8,8
1557,10.746666666666666,8
1558,10.586666666666666,8
1559,11.706666666666667,8
1560,10.506666666666666,8
1561,11.786666666666667,8
1562,12.4,8
1563,12.053333333333333,8
1564,12.186666666666667,8
1565,12.506666666666666,8
1566,11.36,8
1567,11.066666666666666,8
1568,11.066666666666666,8
1569,11.2,8
1570,11.546666666666667,8
1571,11.973333333333333,8
1572,12.133333333333333,8
1573,11.573333333333334,8
1574,11.333333333333334,8
1575,11.466666666666667,8
1576,11.013333333333334,8
1577,10.613333333333333,8
1578,12.133333333333333,8
1579,12.64,8
1580,13.28,8
1581,12.666666666666666,8
1582,11.653333333333334,8
1583,11.546666666666667,8
1584,11.626666666666667,8
1585,10.906666666666666,8
1586,10.4,8
1587,10.933333333333334,8
1588,11.706666666666667,8
1589,12.666666666666666,8
1590,12.346666666666666,8
1591,11.333333333333334,8
1592,11.44,8
1593,11.626666666666667,8
1594,11.066666666666666,8
1595,10.853333333333333,8
1596,11.493333333333334,8
1597,11.546666666666667,8
1598,12.453333333333333,8
1599,11.653333333333334,8
1600,11.653333333333334,8
1601,11.306666666666667,8
1602,11.093333333333334,8
1603,11.146666666666667,8
1604,12.746666666666666,8
1605,11.866666666666667,8
1606,12.346666666666666,8
1607,11.813333333333333,8
1608,11.973333333333333,8
1609,12.56,8
1610,11.813333333333333,8
1611,11.28,8
1612,11.68,8
1613,11.68,8
1614,11.04,8
1615,11.28,8
1616,11.76,8
1617,12.64,8
1618,11.226666666666667,8
1619,11.413333333333334,8
1620,11.813333333333333,8
1621,11.546666666666667,8
1622,11.92,8
1623,11.786666666666667,8
1624,11.04,8
1625,11.92,8
1626,11.226666666666667,8
1627,10.666666666666666,8
1628,11.173333333333334,8
1629,12.48,8
1630,11.84,8
1631,11.306666666666667,8
1632,11.626666666666667,8
1633,11.12,8
1634,11.466666666666667,8
1635,11.546666666666667,8
1636,11.653333333333334,8
1637,12.453333333333333,8
1638,11.653333333333334,8
1639,11.786666666666667,8
1640,12.08,8
1641,12.826666666666666,8
1642,10.933333333333334,8
1643,12.4,8
1644,11.946666666666667,8
1645,11.6,8
1646,12.133333333333333,8
1647,11.866666666666667,8
1648,11.333333333333334,8
1649,11.84,8
1650,10.986666666666666,8
1651,11.573333333333334,8
1652,11.226666666666667,8
1653,11.573333333333334,8
1654,11.466666666666667,8
1655,11.2,8
1656,11.92,8
1657,10.693333333333333,8
1658,10.826666666666666,8
1659,10.586666666666666,8
1660,11.36,8
1661,11.2,8
1662,11.466666666666667,8
1663,11.68,8
1664,11.733333333333333,8
1665,12.106666666666667,8
1666,11.546666666666667,8
1667,12.16,8
1668,11.946666666666667,8
1669,11.893333333333333,8
1670,11.733333333333333,8
1671,11.36,8
1672,11.146666666666667,8
1673,12.08,8
1674,11.706666666666667,8
1675,11.546666666666667,8
1676,12.053333333333333,8
1677,11.733333333333333,8
1678,12.853333333333333,8
1679,12.0,8
1680,11.76,8
1681,11.546666666666667,8
1682,12.4,8
1683,11.84,8
1684,11.866666666666667,8
1685,10.746666666666666,8
1686,11.306666666666667,8
1687,12.053333333333333,8
1688,11.12,8
1689,11.386666666666667,8
1690,11.813333333333333,8
1691,12.213333333333333,8
1692,12.026666666666667,8
1693,11.946666666666667,8
1694,12.08,8
1695,10.56,8
1696,11.253333333333334,8
1697,10.853333333333333,8
1698,11.306666666666667,8
1699,11.706666666666667,8
1700,11.706666666666667,8
1701,11.253333333333334,8
1702,11.973333333333333,8
1703,11.44,8
1704,11.52,8
1705,11.253333333333334,8
1706,11.946666666666667,8
1707,12.186666666666667,8
1708,12.0,8
1709,11.466666666666667,8
1710,11.573333333333334,8
1711,11.173333333333334,8
1712,12.266666666666667,8
1713,12.053333333333333,8
1714,10.8,8
1715,10.826666666666666,8
1716,11.2,8
1717,10.986666666666666,8
1718,11.706666666666667,8
1719,11.733333333333333,8
1720,11.653333333333334,8
1721,10.826666666666666,8
1722,11.093333333333334,8
1723,11.466666666666667,8
1724,11.786666666666667,8
1725,12.08,8
1726,11.76,8
1727,12.0,8
1728,12.56,8
1729,13.04,8
1730,12.746666666666666,8
1731,11.76,8
1732,12.533333333333333,8
1733,11.173333333333334,8
1734,11.28,8
1735,11.12,8
1736,11.786666666666667,8
1737,12.08,8
1738,11.36,8
1739,12.266666666666667,8
1740,11.706666666666667,8
1741,11.306666666666667,8
1742,11.786666666666667,8
1743,11.546666666666667,8
1744,11.146666666666667,8
1745,11.44,8
1746,11.573333333333334,8
1747,10.933333333333334,8
1748,11.253333333333334,8
1749,11.733333333333333,8
1750,11.813333333333333,8
1751,11.893333333333333,8
1752,11.386666666666667,8
1753,10.346666666666666,8
1754,11.573333333333334,8
1755,11.626666666666667,8
1756,11.6,8
1757,11.493333333333334,8
1758,11.68,8
1759,12.453333333333333,8
1760,12.106666666666667,8
1761,11.76,8
1762,12.0,8
1763,11.466666666666667,8
1764,12.106666666666667,8
1765,11.44,8
1766,12.266666666666667,8
1767,12.053333333333333,8
1768,11.6,8
1769,10.56,8
1770,11.146666666666667,8
1771,11.92,8
1772,12.133333333333333,8
1773,11.653333333333334,8
1774,11.653333333333334,8
1775,12.293333333333333,8
1776,12.24,8
1777,11.786666666666667,8
1778,11.706666666666667,8
1779,11.493333333333334,8
1780,11.306666666666667,8
1781,11.28,8
1782,11.386666666666667,8
1783,12.346666666666666,8
1784,12.24,8
1785,11.84,8
1786,11.653333333333334,8
1787,11.786666666666667,8
1788,12.346666666666666,8
1789,12.4,8
1790,12.533333333333333,8
1791,12.24,8
1792,12.506666666666666,8
1793,12.506666666666666,8
1794,11.733333333333333,8
1795,10.96,8
1796,11.6,8
1797,12.186666666666667,8
1798,12.0,8
1799,11.92,8
1800,12.346666666666666,8
1801,11.36,8
1802,12.16,8
1803,11.786666666666667,8
1804,11.706666666666667,8
1805,11.6,8
1806,12.053333333333333,8
1807,11.84,8
1808,11.466666666666667,8
1809,11.28,8
1810,11.013333333333334,8
1811,11.573333333333334,8
1812,11.786666666666667,8
1813,12.106666666666667,8
1814,11.253333333333334,8
1815,11.226666666666667,8
1816,11.706666666666667,8
1817,11.066666666666666,8
1818,10.826666666666666,8
1819,11.066666666666666,8
1820,11.066666666666666,8
1821,11.306666666666667,8
1822,12.773333333333333,8
1823,11.546666666666667,8
1824,12.186666666666667,8
1825,12.213333333333333,8
1826,11.786666666666667,8
1827,10.853333333333333,8
1828,11.146666666666667,8
1829,12.08,8
1830,12.453333333333333,8
1831,11.653333333333334,8
1832,11.093333333333334,8
1833,11.386666666666667,8
1834,12.426666666666666,8
1835,12.133333333333333,8
1836,11.573333333333334,8
1837,11.68,8
1838,11.306666666666667,8
1839,12.053333333333333,8
1840,11.68,8
1841,12.08,8
1842,11.733333333333333,8
1843,11.36,8
1844,11.36,8
1845,11.146666666666667,8
1846,11.813333333333333,8
1847,11.36,8
1848,11.626666666666667,8
1849,12.0,8
1850,11.6,8
1851,12.88,8
1852,11.653333333333334,8
1853,12.0,8
1854,12.453333333333333,8
1855,11.706666666666667,8
1856,11.733333333333333,8
1857,11.413333333333334,8
1858,11.76,8
1859,11.306666666666667,8
1860,11.466666666666667,8
1861,11.866666666666667,8
1862,12.426666666666666,8
1863,12.266666666666667,8
1864,11.6,8
1865,13.013333333333334,8
1866,12.453333333333333,8
1867,11.76,8
1868,11.413333333333334,8
1869,11.306666666666667,8
1870,11.786666666666667,8
1871,11.546666666666667,8
1872,11.706666666666667,8
1873,12.266666666666667,8
1874,11.733333333333333,8
1875,11.84,8
1876,10.693333333333333,8
1877,10.773333333333333,8
1878,12.266666666666667,8
1879,11.813333333333333,8
1880,11.253333333333334,8
1881,10.693333333333333,8
1882,11.173333333333334,8
1883,12.053333333333333,8
1884,11.386666666666667,8
1885,12.4,8
1886,12.426666666666666,8
1887,11.76,8
1888,11.386666666666667,8
1889,11.946666666666667,8
1890,11.306666666666667,8
1891,11.813333333333333,8
1892,10.72,8
1893,11.733333333333333,8
1894,11.226666666666667,8
1895,11.706666666666667,8
1896,11.84,8
1897,12.16,8
1898,11.573333333333334,8
1899,11.546666666666667,8
1900,12.346666666666666,8
1901,11.626666666666667,8
1902,11.12,8
1903,10.88,8
1904,11.6,8
1905,12.053333333333333,8
1906,11.893333333333333,8
1907,11.946666666666667,8
1908,11.626666666666667,8
1909,11.653333333333334,8
1910,12.08,8
1911,12.0,8
1912,11.12,8
1913,11.44,8
1914,10.88,8
1915,11.653333333333334,8
1916,12.053333333333333,8
1917,11.093333333333334,8
1918,11.493333333333334,8
1919,11.066666666666666,8
1920,11.706666666666667,8
1921,11.52,8
1922,11.333333333333334,8
1923,11.68,8
1924,11.306666666666667,8
1925,11.44,8
1926,11.306666666666667,8
1927,11.013333333333334,8
1928,12.0,8
1929,11.653333333333334,8
1930,11.333333333333334,8
1931,11.093333333333334,8
1932,11.36,8
1933,10.853333333333333,8
1934,10.826666666666666,8
1935,11.546666666666667,8
1936,11.68,8
1937,11.146666666666667,8
1938,11.546666666666667,8
1939,11.546666666666667,8
1940,11.733333333333333,8
1941,11.733333333333333,8
1942,11.12,8
1943,10.693333333333333,8
1944,10.64,8
1945,10.8,8
1946,11.52,8
1947,10.933333333333334,8
1948,10.8,8
1949,11.146666666666667,8
1950,11.546666666666667,8
1951,10.8,8
1952,11.893333333333333,8
1953,11.066666666666666,8
1954,10.666666666666666,8
1955,12.186666666666667,8
1956,11.493333333333334,8
1957,12.72,8
1958,13.253333333333334,8
1959,12.56,8
1960,11.76,8
1961,11.626666666666667,8
1962,12.24,8
1963,10.986666666666666,8
1964,11.306666666666667,8
1965,10.8,8
1966,11.333333333333334,8
1967,11.52,8
1968,11.36,8
1969,11.946666666666667,8
1970,10.88,8
1971,11.146666666666667,8
1972,11.333333333333334,8
1973,11.546666666666667,8
1974,10.986666666666666,8
1975,11.68,8
1976,11.466666666666667,8
1977,11.146666666666667,8
1978,12.106666666666667,8
1979,11.92,8
1980,12.053333333333333,8
1981,11.2,8
1982,11.333333333333334,8
1983,11.386666666666667,8
1984,10.533333333333333,8
1985,11.173333333333334,8
1986,11.786666666666667,8
1987,11.92,8
1988,11.893333333333333,8
1989,11.76,8
1990,12.48,8
1991,12.346666666666666,8
1992,11.493333333333334,8
1993,12.506666666666666,8
1994,12.186666666666667,8
1995,12.053333333333333,8
1996,11.52,8
1997,11.12,8
1998,10.773333333333333,8
1999,11.386666666666667,8
