Figure: medium_3
File Number: 16
Nodes: 100
Edges: 2524
Max Generations: 1000
Population Size: 100
Mutation Rate: 0.01
Colors Used: 29
Runtime: 3.46

Generation,Average Fitness,Best Fitness
0,89.53,71
1,86.93,69
2,85.44,69
3,83.89,65
4,81.5,65
5,79.35,60
6,78.07,60
7,76.22,60
8,74.28,58
9,71.5,58
10,70.19,56
11,66.03,56
12,64.24,52
13,62.01,51
14,60.79,51
15,58.98,51
16,57.78,50
17,57.72,50
18,56.67,45
19,55.53,43
20,55.28,43
21,53.71,39
22,53.17,39
23,51.66,39
24,51.8,36
25,49.98,36
26,49.44,36
27,48.57,36
28,46.96,36
29,46.48,36
30,45.97,35
31,45.03,35
32,43.61,34
33,42.19,34
34,41.48,31
35,40.86,31
36,39.51,31
37,38.93,31
38,38.61,31
39,37.46,30
40,37.13,29
41,36.44,29
42,36.55,29
43,36.51,29
44,35.69,29
45,34.57,27
46,34.34,27
47,33.61,27
48,32.88,26
49,31.84,24
50,31.2,24
51,29.71,23
52,29.45,23
53,29.46,23
54,29.38,22
55,28.68,22
56,28.17,22
57,27.38,22
58,27.0,21
59,26.84,21
60,26.27,21
61,25.95,19
62,25.09,19
63,25.05,18
64,24.38,17
65,23.7,16
66,23.17,16
67,22.76,16
68,22.15,16
69,22.31,15
70,22.18,15
71,22.23,15
72,21.82,15
73,21.26,15
74,21.32,15
75,21.0,14
76,20.47,13
77,20.47,13
78,20.21,13
79,20.49,13
80,20.59,12
81,19.72,12
82,19.74,12
83,19.45,12
84,19.83,12
85,19.69,12
86,18.7,12
87,18.28,12
88,18.37,12
89,18.14,11
90,18.04,11
91,17.39,11
92,16.62,11
93,16.01,11
94,16.22,10
95,16.38,10
96,16.24,10
97,16.4,10
98,16.32,10
99,16.05,10
100,15.9,10
101,16.28,10
102,16.26,10
103,15.54,9
104,15.26,9
105,15.06,9
106,14.72,9
107,14.71,9
108,15.29,9
109,14.82,9
110,15.04,9
111,15.09,9
112,14.97,9
113,14.86,9
114,14.35,9
115,14.69,9
116,14.81,9
117,14.62,9
118,14.03,8
119,13.6,8
120,13.45,7
121,13.51,7
122,13.32,7
123,13.51,7
124,14.0,7
125,13.57,7
126,12.9,7
127,12.7,7
128,12.59,7
129,12.25,6
130,12.38,6
131,12.08,6
132,11.87,6
133,11.93,6
134,11.53,6
135,11.66,6
136,11.7,6
137,12.2,5
138,12.18,5
139,12.25,5
140,11.68,5
141,12.14,5
142,12.26,5
143,12.41,5
144,11.67,5
145,11.72,5
146,11.49,5
147,11.49,4
148,11.48,4
149,11.57,4
150,11.22,4
151,10.9,4
152,10.25,4
153,10.6,4
154,10.25,4
155,9.85,4
156,9.88,4
157,9.8,4
158,9.68,4
159,9.71,4
160,9.45,4
161,9.31,4
162,9.5,4
163,9.51,4
164,9.35,4
165,9.05,4
166,8.92,4
167,8.9,4
168,9.4,4
169,9.26,4
170,8.78,4
171,8.81,4
172,9.08,4
173,8.61,4
174,8.88,4
175,8.18,4
176,8.4,4
177,8.36,4
178,8.59,4
179,9.04,4
180,9.34,4
181,9.37,4
182,9.46,3
183,9.0,3
184,8.38,3
185,8.28,3
186,8.21,2
187,8.4,2
188,8.68,2
189,8.63,2
190,8.89,2
191,8.84,2
192,8.34,2
193,7.95,1
194,7.46,1
195,7.3,1
196,7.66,1
197,6.9,1
198,6.32,1
199,6.34,1
200,6.35,1
201,6.67,1
202,6.84,1
203,6.88,1
204,6.31,1
205,6.13,1
206,6.31,1
207,6.26,1
208,5.79,1
209,5.48,1
210,5.95,1
211,6.0,1
212,6.56,1
213,5.97,1
214,6.03,1
215,5.92,1
216,6.43,1
217,6.17,1
218,6.06,1
219,5.9,1
220,5.88,1
221,5.92,1
222,6.41,1
223,6.78,1
224,6.34,1
225,6.27,1
226,6.45,1
227,6.31,1
228,6.69,1
229,6.48,1
230,6.54,1
231,5.87,1
232,6.22,1
233,7.45,1
234,7.28,1
235,7.41,1
236,6.79,1
237,6.66,1
238,6.61,1
239,6.2,1
240,6.48,1
241,6.66,1
242,7.07,1
243,7.23,1
244,7.17,1
245,6.91,1
246,6.33,1
247,6.27,1
248,6.63,1
249,6.56,1
250,6.62,1
251,6.47,1
252,6.27,1
253,6.13,1
254,6.06,1
255,5.93,1
256,5.62,1
257,5.48,1
258,5.51,1
259,5.62,1
260,6.0,1
261,5.71,1
262,5.2,1
263,5.53,1
264,5.28,1
265,5.26,1
266,5.58,1
267,5.18,1
268,5.29,1
269,5.56,1
270,5.59,1
271,5.49,1
272,5.74,1
273,5.5,1
274,5.48,1
275,5.84,1
276,5.76,1
277,6.11,1
278,6.17,1
279,6.04,1
280,5.74,1
281,5.45,1
282,5.1,1
283,5.64,1
284,5.95,1
285,6.4,1
286,6.15,1
287,5.74,1
288,5.82,1
289,6.03,1
290,6.56,1
291,5.98,1
292,6.1,1
293,5.63,1
294,5.62,1
295,5.8,1
296,6.05,1
297,5.91,1
298,5.97,1
299,6.13,1
300,6.04,1
301,6.48,1
302,6.15,1
303,6.13,1
304,5.83,1
305,5.99,1
306,6.26,1
307,6.27,1
308,6.11,1
309,6.4,1
310,6.48,1
311,6.88,1
312,6.36,1
313,6.2,1
314,6.35,1
315,6.84,1
316,6.74,1
317,6.96,1
318,6.95,1
319,6.97,1
320,7.16,1
321,7.01,1
322,7.11,1
323,6.1,1
324,6.18,1
325,5.89,1
326,5.47,1
327,5.85,1
328,6.46,1
329,6.29,1
330,6.24,1
331,6.0,1
332,5.98,1
333,5.53,1
334,5.82,1
335,5.74,1
336,5.85,1
337,5.87,1
338,6.27,1
339,6.52,1
340,5.56,1
341,5.92,1
342,6.4,1
343,6.53,1
344,7.04,1
345,7.07,1
346,6.83,1
347,6.92,1
348,7.06,1
349,6.93,1
350,6.69,1
351,6.36,1
352,6.94,1
353,7.03,1
354,6.87,1
355,6.96,1
356,6.75,1
357,6.54,1
358,6.56,1
359,6.98,1
360,6.56,1
361,6.73,1
362,5.91,1
363,5.72,1
364,5.35,1
365,5.3,1
366,5.53,1
367,5.69,1
368,5.9,1
369,5.85,1
370,6.07,1
371,5.68,1
372,5.64,1
373,5.95,1
374,5.71,1
375,5.97,1
376,5.66,1
377,5.71,1
378,5.48,1
379,5.34,1
380,5.22,1
381,5.29,1
382,5.43,1
383,5.56,1
384,4.86,1
385,5.38,1
386,5.25,1
387,5.22,1
388,5.78,1
389,5.72,1
390,6.09,1
391,6.14,1
392,5.99,1
393,6.28,1
394,6.32,1
395,6.07,1
396,6.38,1
397,6.62,1
398,6.41,1
399,6.6,1
400,7.24,1
401,6.94,1
402,6.73,1
403,7.01,1
404,7.47,1
405,7.59,1
406,7.97,1
407,7.81,1
408,7.16,1
409,6.94,1
410,6.62,1
411,6.28,1
412,6.92,1
413,6.75,1
414,6.12,1
415,6.27,1
416,6.5,1
417,6.87,1
418,6.8,1
419,6.27,1
420,5.98,1
421,6.11,1
422,6.22,1
423,6.33,1
424,6.24,1
425,6.43,1
426,6.19,1
427,6.09,1
428,5.71,1
429,5.76,1
430,6.27,1
431,6.66,1
432,6.43,1
433,6.64,1
434,6.84,1
435,6.95,1
436,6.98,1
437,6.66,1
438,6.91,1
439,6.83,1
440,6.79,1
441,6.89,1
442,6.39,1
443,6.28,1
444,6.31,1
445,6.1,1
446,6.33,1
447,6.21,1
448,6.77,1
449,6.32,1
450,5.94,1
451,5.34,1
452,5.25,1
453,5.3,1
454,5.93,1
455,5.89,1
456,5.8,1
457,5.96,1
458,5.75,1
459,5.69,1
460,5.68,1
461,5.73,1
462,6.6,1
463,6.31,1
464,6.42,1
465,6.63,1
466,6.92,1
467,6.87,1
468,7.03,1
469,7.28,1
470,7.11,1
471,6.72,1
472,6.61,1
473,7.27,1
474,7.18,1
475,6.68,1
476,6.93,1
477,6.28,1
478,6.68,1
479,6.55,1
480,6.26,1
481,5.65,1
482,5.71,1
483,5.71,1
484,5.27,1
485,5.37,1
486,5.55,1
487,5.24,1
488,5.66,1
489,5.76,1
490,6.25,1
491,6.05,1
492,6.03,1
493,5.73,1
494,6.02,1
495,6.11,1
496,6.41,1
497,5.77,1
498,5.89,1
499,5.86,1
500,6.11,1
501,5.5,1
502,5.23,1
503,5.3,1
504,4.86,1
505,5.09,1
506,4.98,1
507,4.97,1
508,4.8,1
509,4.63,1
510,5.05,1
511,5.46,1
512,5.58,1
513,5.43,1
514,5.32,1
515,5.53,1
516,5.88,1
517,6.37,1
518,5.9,1
519,5.74,1
520,6.02,1
521,5.41,1
522,5.46,1
523,5.7,1
524,6.01,1
525,6.3,1
526,6.06,1
527,5.9,1
528,5.77,1
529,5.55,1
530,5.61,1
531,5.36,1
532,6.11,1
533,6.27,1
534,6.43,1
535,5.93,1
536,5.61,1
537,5.32,1
538,5.84,1
539,6.0,1
540,5.66,1
541,5.3,1
542,5.65,1
543,5.74,1
544,5.43,1
545,5.54,1
546,5.88,1
547,6.02,1
548,5.81,1
549,6.39,1
550,6.44,1
551,6.09,1
552,6.52,1
553,6.45,1
554,6.55,1
555,6.24,1
556,6.39,1
557,5.91,1
558,6.27,1
559,6.31,1
560,6.27,1
561,5.98,1
562,6.47,1
563,5.92,1
564,5.86,1
565,6.42,1
566,6.09,1
567,6.19,1
568,5.88,1
569,5.25,1
570,5.57,1
571,5.91,1
572,6.35,1
573,6.39,1
574,6.5,1
575,6.27,1
576,6.17,1
577,5.73,1
578,5.95,1
579,6.32,1
580,5.89,1
581,5.41,1
582,5.36,1
583,6.28,1
584,6.1,1
585,5.82,1
586,5.55,1
587,6.03,1
588,5.85,1
589,6.12,1
590,5.93,1
591,6.17,1
592,5.87,1
593,6.5,1
594,6.36,1
595,6.42,1
596,6.31,1
597,5.91,1
598,5.87,1
599,6.19,1
600,6.55,1
601,6.45,1
602,6.28,1
603,6.11,1
604,5.92,1
605,6.04,1
606,5.68,1
607,5.45,1
608,5.54,1
609,6.05,1
610,5.79,1
611,5.84,1
612,6.16,1
613,7.09,1
614,7.23,1
615,6.79,1
616,6.95,1
617,6.39,1
618,6.81,1
619,6.2,1
620,6.14,1
621,6.27,1
622,6.72,1
623,7.03,1
624,7.38,1
625,7.31,1
626,7.89,1
627,7.55,1
628,7.6,1
629,8.04,1
630,8.08,1
631,8.25,1
632,8.42,1
633,7.37,1
634,6.6,1
635,6.14,1
636,5.88,1
637,5.72,1
638,5.51,1
639,5.57,1
640,5.6,1
641,5.71,1
642,6.09,1
643,6.27,1
644,6.87,1
645,6.84,1
646,6.38,1
647,5.85,1
648,5.91,1
649,5.67,1
650,5.8,1
651,6.27,1
652,6.1,1
653,5.74,1
654,5.87,1
655,6.19,1
656,6.25,1
657,5.66,1
658,5.41,1
659,5.73,1
660,5.37,1
661,5.8,1
662,5.34,1
663,5.33,1
664,5.52,1
665,5.57,1
666,5.69,1
667,5.16,1
668,5.66,1
669,5.99,1
670,5.87,1
671,5.47,1
672,5.38,1
673,5.72,1
674,5.8,1
675,6.43,1
676,6.31,1
677,6.81,1
678,6.97,1
679,7.09,1
680,7.17,1
681,7.04,1
682,7.33,1
683,7.01,1
684,6.73,1
685,5.86,1
686,6.07,1
687,5.61,1
688,5.08,1
689,5.27,1
690,5.23,1
691,5.44,1
692,5.62,1
693,5.6,1
694,5.41,1
695,5.84,1
696,6.23,1
697,6.35,1
698,6.41,1
699,7.05,1
700,6.97,1
701,6.81,1
702,7.25,1
703,7.27,1
704,6.91,1
705,7.08,1
706,6.94,1
707,6.58,1
708,6.61,1
709,6.55,1
710,7.11,1
711,6.79,1
712,6.24,1
713,6.7,1
714,6.66,1
715,6.0,1
716,5.62,1
717,5.95,1
718,6.15,1
719,6.24,1
720,6.04,1
721,5.9,1
722,5.76,1
723,6.36,1
724,6.17,1
725,6.36,1
726,6.33,1
727,6.76,1
728,6.44,1
729,6.94,1
730,6.63,1
731,6.29,1
732,6.15,1
733,6.1,1
734,6.15,1
735,6.25,1
736,6.27,1
737,5.96,1
738,5.86,1
739,5.67,1
740,5.54,1
741,5.58,1
742,6.06,1
743,5.54,1
744,5.39,1
745,5.75,1
746,5.93,1
747,5.79,1
748,5.98,1
749,6.01,1
750,5.4,1
751,5.35,1
752,5.53,1
753,5.54,1
754,5.84,1
755,6.06,1
756,6.33,1
757,6.06,1
758,5.27,1
759,5.15,1
760,5.3,1
761,5.44,1
762,5.46,1
763,5.61,1
764,5.09,1
765,5.12,1
766,4.95,1
767,5.19,1
768,5.43,1
769,5.41,1
770,5.65,1
771,5.85,1
772,5.65,1
773,5.22,1
774,5.36,1
775,5.71,1
776,5.78,1
777,6.05,1
778,5.69,1
779,5.71,1
780,5.19,1
781,5.82,1
782,5.62,1
783,5.91,1
784,6.16,1
785,6.29,1
786,5.73,1
787,5.89,1
788,5.62,1
789,5.26,1
790,5.05,1
791,4.88,1
792,5.43,1
793,5.61,1
794,5.15,1
795,6.11,1
796,6.26,1
797,6.25,1
798,6.09,1
799,5.35,1
800,5.25,1
801,5.28,1
802,5.29,1
803,5.66,1
804,5.56,1
805,5.79,1
806,5.85,1
807,6.01,1
808,5.85,1
809,5.82,1
810,5.95,1
811,5.97,1
812,5.77,1
813,5.78,1
814,5.78,1
815,5.94,1
816,6.15,1
817,5.97,1
818,5.57,1
819,5.53,1
820,5.83,1
821,6.26,1
822,6.3,1
823,6.19,1
824,5.56,1
825,5.85,1
826,6.31,1
827,5.7,1
828,5.62,1
829,5.96,1
830,5.75,1
831,5.49,1
832,5.23,1
833,5.31,1
834,5.53,1
835,5.26,1
836,5.54,1
837,5.64,1
838,5.71,1
839,6.16,1
840,6.32,1
841,6.54,1
842,6.5,1
843,6.57,1
844,6.4,1
845,6.9,1
846,6.57,1
847,6.51,1
848,6.35,1
849,6.43,1
850,6.54,1
851,6.73,1
852,6.63,1
853,6.6,1
854,6.55,1
855,6.45,1
856,6.54,1
857,6.38,1
858,6.78,1
859,7.05,1
860,6.85,1
861,7.45,1
862,7.1,1
863,7.06,1
864,6.69,1
865,6.38,1
866,6.56,1
867,6.78,1
868,6.39,1
869,6.01,1
870,5.73,1
871,5.89,1
872,5.71,1
873,6.19,1
874,5.98,1
875,6.18,1
876,5.97,1
877,5.77,1
878,5.55,1
879,5.45,1
880,5.45,1
881,5.35,1
882,5.31,1
883,5.37,1
884,5.02,1
885,4.76,1
886,4.9,1
887,5.38,1
888,5.39,1
889,5.48,1
890,6.01,1
891,5.77,1
892,6.33,1
893,6.59,1
894,6.8,1
895,6.35,1
896,6.01,1
897,6.28,1
898,6.24,1
899,6.32,1
900,6.3,1
901,6.1,1
902,6.68,1
903,6.07,1
904,6.4,1
905,6.27,1
906,6.3,1
907,6.32,1
908,6.05,1
909,6.14,1
910,6.23,1
911,5.85,1
912,5.54,1
913,5.58,1
914,4.97,1
915,5.01,1
916,5.15,1
917,5.64,1
918,5.8,1
919,5.79,1
920,5.88,1
921,6.06,1
922,6.15,1
923,6.26,1
924,6.36,1
925,5.75,1
926,5.93,1
927,5.84,1
928,5.92,1
929,5.81,1
930,6.23,1
931,5.89,1
932,5.72,1
933,5.73,1
934,6.08,1
935,5.87,1
936,5.87,1
937,5.52,1
938,5.9,1
939,5.91,1
940,5.87,1
941,5.51,1
942,6.23,1
943,5.89,1
944,5.85,1
945,5.94,1
946,5.89,1
947,5.9,1
948,6.32,1
949,6.28,1
950,7.02,1
951,7.35,1
952,6.82,1
953,6.33,1
954,6.1,1
955,6.15,1
956,6.3,1
957,6.38,1
958,6.63,1
959,6.66,1
960,6.91,1
961,7.49,1
962,7.65,1
963,7.7,1
964,7.51,1
965,7.54,1
966,6.82,1
967,6.59,1
968,6.27,1
969,5.83,1
970,6.74,1
971,6.33,1
972,6.36,1
973,6.94,1
974,6.9,1
975,6.18,1
976,6.23,1
977,5.39,1
978,5.5,1
979,5.63,1
980,5.54,1
981,6.03,1
982,5.9,1
983,5.96,1
984,6.19,1
985,6.6,1
986,6.61,1
987,6.15,1
988,6.21,1
989,6.15,1
990,5.91,1
991,5.96,1
992,6.02,1
993,5.8,1
994,6.03,1
995,6.23,1
996,5.74,1
997,5.94,1
998,5.66,1
999,6.03,1
