Figure: medium_3
File Number: 18
Nodes: 100
Edges: 2524
Max Generations: 1000
Population Size: 100
Mutation Rate: 0.01
Colors Used: 23
Runtime: 7.52

Generation,Average Fitness,Best Fitness
0,115.86,89
1,114.58,89
2,112.25,87
3,108.04,78
4,105.13,78
5,103.43,78
6,102.75,78
7,101.58,78
8,100.83,78
9,97.35,78
10,96.51,78
11,95.48,74
12,94.81,73
13,94.38,73
14,91.18,71
15,88.71,69
16,88.07,69
17,85.31,69
18,82.06,68
19,80.43,67
20,77.43,66
21,74.58,64
22,73.08,62
23,71.58,58
24,69.54,58
25,67.52,58
26,66.04,56
27,65.2,52
28,64.44,52
29,63.78,52
30,62.82,52
31,61.9,52
32,60.01,50
33,58.63,50
34,57.49,47
35,56.54,47
36,55.94,46
37,55.49,46
38,55.09,46
39,53.88,46
40,52.5,46
41,51.86,45
42,51.86,45
43,51.0,45
44,50.17,45
45,50.1,44
46,49.77,44
47,49.19,40
48,48.31,40
49,48.24,40
50,46.72,38
51,46.09,38
52,45.97,38
53,45.72,38
54,45.02,36
55,43.89,36
56,43.03,36
57,42.63,36
58,42.05,35
59,42.03,34
60,41.69,34
61,40.96,33
62,39.59,32
63,39.95,32
64,39.67,32
65,39.74,32
66,39.21,30
67,38.74,30
68,38.32,30
69,38.2,30
70,37.57,30
71,37.62,30
72,36.53,29
73,36.1,29
74,36.24,29
75,35.52,28
76,35.17,27
77,35.08,26
78,34.52,26
79,34.28,26
80,34.24,26
81,33.81,26
82,33.15,26
83,33.2,26
84,33.44,25
85,32.92,25
86,32.54,23
87,32.27,23
88,31.05,23
89,30.11,22
90,29.49,22
91,28.88,22
92,28.67,22
93,28.54,22
94,28.77,22
95,28.63,21
96,28.49,21
97,27.39,21
98,27.15,21
99,26.13,21
100,26.5,21
101,26.53,21
102,26.06,21
103,26.46,21
104,26.28,21
105,25.91,21
106,26.42,21
107,25.96,21
108,26.37,21
109,25.6,21
110,25.42,20
111,25.29,20
112,24.7,20
113,24.89,18
114,24.85,18
115,24.37,18
116,24.4,18
117,24.34,17
118,24.1,17
119,24.66,17
120,24.59,17
121,24.07,17
122,24.48,17
123,24.69,17
124,24.01,16
125,23.8,16
126,24.31,16
127,24.01,16
128,23.46,16
129,22.99,16
130,22.46,16
131,22.93,15
132,22.48,15
133,23.17,15
134,23.1,15
135,22.22,15
136,21.97,14
137,21.79,14
138,20.94,14
139,20.54,14
140,20.22,14
141,19.83,14
142,19.46,14
143,19.56,14
144,20.17,14
145,20.48,14
146,20.74,13
147,20.5,13
148,20.45,13
149,19.84,13
150,19.9,13
151,19.38,13
152,19.26,13
153,18.38,13
154,19.18,12
155,19.48,12
156,18.97,12
157,19.09,12
158,19.13,12
159,19.23,12
160,19.56,12
161,19.32,12
162,18.95,12
163,18.86,11
164,18.59,11
165,18.35,11
166,18.74,11
167,18.58,11
168,18.37,11
169,17.77,11
170,18.39,11
171,18.92,11
172,18.48,11
173,17.9,11
174,18.42,11
175,17.57,11
176,16.81,10
177,17.02,10
178,16.66,10
179,15.72,9
180,15.2,9
181,15.94,9
182,16.08,9
183,15.82,9
184,15.67,9
185,15.01,9
186,14.62,9
187,14.62,9
188,15.03,9
189,15.02,9
190,15.02,9
191,15.28,9
192,15.56,9
193,15.77,9
194,15.72,9
195,16.08,9
196,16.22,9
197,16.51,9
198,16.51,9
199,17.32,9
200,16.6,9
201,17.02,9
202,16.87,9
203,17.12,9
204,16.81,9
205,17.04,9
206,16.69,9
207,16.47,9
208,16.48,9
209,16.2,9
210,15.88,9
211,15.06,9
212,15.43,9
213,15.86,9
214,15.98,9
215,16.02,9
216,16.09,9
217,15.89,9
218,16.23,9
219,16.34,9
220,16.24,9
221,16.67,9
222,16.89,9
223,16.43,9
224,16.51,9
225,16.27,9
226,16.22,9
227,15.59,9
228,15.4,9
229,15.75,9
230,15.89,9
231,15.87,9
232,16.55,9
233,16.19,9
234,16.01,8
235,15.89,8
236,15.7,8
237,15.43,8
238,15.07,8
239,15.08,8
240,15.61,8
241,15.61,7
242,15.34,7
243,14.22,7
244,13.66,7
245,13.56,7
246,13.42,7
247,13.33,7
248,13.51,7
249,13.62,7
250,13.76,6
251,13.69,6
252,13.41,6
253,13.4,6
254,13.43,6
255,12.9,6
256,12.86,6
257,13.81,6
258,14.13,6
259,14.89,6
260,14.1,6
261,13.52,6
262,13.86,6
263,13.61,6
264,12.98,6
265,12.52,6
266,13.22,6
267,13.51,6
268,13.51,6
269,13.02,6
270,12.87,6
271,12.57,6
272,12.79,6
273,12.34,6
274,12.05,6
275,12.28,6
276,12.19,5
277,11.41,5
278,10.99,4
279,10.49,4
280,9.91,4
281,10.01,4
282,10.36,4
283,10.11,4
284,9.91,4
285,10.28,4
286,10.41,4
287,10.07,3
288,9.53,3
289,9.21,3
290,8.66,3
291,8.82,3
292,8.89,3
293,8.64,3
294,8.41,3
295,8.53,3
296,8.88,3
297,8.74,3
298,8.86,3
299,8.74,3
300,9.49,3
301,9.45,3
302,9.18,3
303,9.16,3
304,9.39,3
305,9.41,3
306,9.26,3
307,9.13,3
308,9.58,3
309,10.13,3
310,10.26,3
311,9.68,3
312,9.49,3
313,9.2,3
314,8.2,3
315,7.83,3
316,7.89,3
317,7.8,2
318,8.75,2
319,8.87,2
320,9.26,2
321,9.54,2
322,9.76,2
323,9.35,2
324,8.88,2
325,8.85,2
326,9.38,2
327,9.44,2
328,8.97,2
329,8.73,2
330,9.12,2
331,9.08,2
332,8.74,2
333,8.88,2
334,9.02,2
335,9.18,2
336,8.47,2
337,8.6,1
338,8.43,1
339,8.72,1
340,8.95,1
341,8.69,1
342,8.93,1
343,8.66,1
344,9.26,1
345,9.57,1
346,8.92,1
347,9.15,1
348,8.78,1
349,8.51,1
350,8.09,1
351,7.53,1
352,7.65,1
353,7.44,1
354,7.8,1
355,7.83,1
356,7.92,1
357,8.01,1
358,7.83,1
359,7.46,1
360,7.19,1
361,7.42,1
362,7.64,1
363,8.01,1
364,7.74,1
365,7.69,1
366,6.8,1
367,7.03,1
368,7.12,1
369,7.15,1
370,7.78,1
371,8.08,1
372,8.37,1
373,8.01,1
374,7.74,1
375,7.14,1
376,7.25,1
377,6.93,1
378,6.47,1
379,6.2,1
380,7.19,1
381,7.31,1
382,8.17,1
383,9.2,1
384,9.19,1
385,8.74,1
386,8.16,1
387,7.9,1
388,7.88,1
389,7.12,1
390,7.19,1
391,8.63,1
392,9.4,1
393,8.88,1
394,7.86,1
395,7.07,1
396,7.74,1
397,7.85,1
398,7.76,1
399,7.46,1
400,8.09,1
401,8.74,1
402,7.85,1
403,7.77,1
404,8.37,1
405,8.03,1
406,7.81,1
407,7.17,1
408,7.03,1
409,7.01,1
410,7.02,1
411,6.95,1
412,7.39,1
413,7.45,1
414,7.66,1
415,8.04,1
416,8.75,1
417,8.48,1
418,8.86,1
419,8.33,1
420,7.84,1
421,7.37,1
422,7.36,1
423,7.5,1
424,7.66,1
425,7.6,1
426,7.08,1
427,7.35,1
428,7.65,1
429,6.68,1
430,6.99,1
431,7.02,1
432,6.62,1
433,7.38,1
434,7.43,1
435,7.54,1
436,8.17,1
437,8.08,1
438,8.0,1
439,7.79,1
440,8.11,1
441,7.95,1
442,7.93,1
443,7.38,1
444,7.34,1
445,8.01,1
446,8.14,1
447,7.54,1
448,7.24,1
449,7.49,1
450,7.46,1
451,7.42,1
452,7.94,1
453,6.84,1
454,6.88,1
455,7.2,1
456,7.09,1
457,6.91,1
458,6.84,1
459,7.74,1
460,7.35,1
461,7.68,1
462,7.25,1
463,8.52,1
464,9.29,1
465,9.09,1
466,8.99,1
467,8.6,1
468,7.78,1
469,7.29,1
470,7.12,1
471,7.5,1
472,7.14,1
473,6.76,1
474,7.11,1
475,6.96,1
476,7.28,1
477,8.11,1
478,8.65,1
479,8.11,1
480,8.47,1
481,9.09,1
482,8.18,1
483,8.31,1
484,8.57,1
485,8.19,1
486,8.72,1
487,8.94,1
488,9.14,1
489,8.45,1
490,8.63,1
491,8.74,1
492,8.46,1
493,8.5,1
494,8.55,1
495,9.01,1
496,8.77,1
497,8.87,1
498,8.23,1
499,8.63,1
500,8.95,1
501,9.28,1
502,9.05,1
503,8.3,1
504,7.79,1
505,7.73,1
506,7.95,1
507,7.96,1
508,8.54,1
509,8.32,1
510,7.77,1
511,7.73,1
512,7.68,1
513,8.26,1
514,8.15,1
515,7.94,1
516,8.43,1
517,8.18,1
518,8.16,1
519,8.0,1
520,8.33,1
521,7.93,1
522,7.2,1
523,7.27,1
524,7.42,1
525,7.33,1
526,6.94,1
527,6.82,1
528,6.63,1
529,6.44,1
530,6.53,1
531,7.24,1
532,7.29,1
533,6.63,1
534,7.01,1
535,7.08,1
536,6.78,1
537,6.91,1
538,7.49,1
539,7.2,1
540,7.68,1
541,6.91,1
542,7.35,1
543,7.83,1
544,6.97,1
545,7.67,1
546,7.76,1
547,7.55,1
548,8.23,1
549,8.24,1
550,7.97,1
551,7.67,1
552,7.3,1
553,7.3,1
554,7.66,1
555,8.06,1
556,7.85,1
557,8.41,1
558,7.98,1
559,7.47,1
560,8.08,1
561,7.11,1
562,7.1,1
563,7.06,1
564,7.2,1
565,6.95,1
566,6.47,1
567,6.2,1
568,7.08,1
569,6.93,1
570,7.21,1
571,7.36,1
572,7.12,1
573,6.44,1
574,5.45,1
575,5.52,1
576,5.7,1
577,5.85,1
578,6.13,1
579,5.69,1
580,6.42,1
581,6.92,1
582,6.63,1
583,6.5,1
584,6.27,1
585,6.79,1
586,7.0,1
587,7.32,1
588,6.77,1
589,7.0,1
590,6.55,1
591,7.2,1
592,7.34,1
593,7.24,1
594,7.3,1
595,7.37,1
596,8.22,1
597,8.23,1
598,8.43,1
599,8.27,1
600,7.84,1
601,8.68,1
602,8.44,1
603,7.88,1
604,7.23,1
605,7.24,1
606,6.9,1
607,7.2,1
608,7.7,1
609,8.03,1
610,7.86,1
611,7.54,1
612,6.85,1
613,6.99,1
614,6.82,1
615,6.94,1
616,6.75,1
617,6.97,1
618,6.6,1
619,6.98,1
620,6.98,1
621,6.84,1
622,7.06,1
623,7.35,1
624,7.12,1
625,6.92,1
626,6.81,1
627,7.31,1
628,7.65,1
629,7.6,1
630,6.94,1
631,7.33,1
632,6.57,1
633,6.33,1
634,6.86,1
635,6.51,1
636,7.34,1
637,7.2,1
638,8.12,1
639,8.37,1
640,8.57,1
641,7.89,1
642,7.7,1
643,7.51,1
644,7.7,1
645,7.73,1
646,7.99,1
647,7.69,1
648,7.6,1
649,7.88,1
650,7.47,1
651,7.03,1
652,7.31,1
653,7.97,1
654,7.99,1
655,7.61,1
656,7.32,1
657,7.73,1
658,7.72,1
659,8.47,1
660,8.01,1
661,8.22,1
662,8.93,1
663,8.95,1
664,8.43,1
665,8.6,1
666,8.09,1
667,7.51,1
668,7.26,1
669,8.33,1
670,8.2,1
671,8.29,1
672,8.65,1
673,8.29,1
674,7.76,1
675,7.93,1
676,7.94,1
677,7.95,1
678,8.28,1
679,8.66,1
680,8.53,1
681,8.77,1
682,8.41,1
683,8.53,1
684,8.49,1
685,8.5,1
686,8.34,1
687,8.69,1
688,8.59,1
689,9.03,1
690,9.58,1
691,9.61,1
692,9.68,1
693,8.95,1
694,9.07,1
695,9.63,1
696,9.38,1
697,9.32,1
698,9.41,1
699,8.77,1
700,9.78,1
701,9.77,1
702,9.75,1
703,9.62,1
704,9.68,1
705,10.26,1
706,9.64,1
707,9.92,1
708,9.63,1
709,9.05,1
710,9.02,1
711,9.02,1
712,8.97,1
713,8.65,1
714,7.85,1
715,7.77,1
716,8.54,1
717,8.28,1
718,8.24,1
719,7.83,1
720,8.46,1
721,8.39,1
722,9.34,1
723,9.78,1
724,9.58,1
725,9.35,1
726,9.28,1
727,9.81,1
728,9.63,1
729,8.87,1
730,9.21,1
731,8.28,1
732,8.84,1
733,8.2,1
734,7.9,1
735,7.79,1
736,8.25,1
737,8.03,1
738,7.64,1
739,7.66,1
740,7.49,1
741,7.54,1
742,7.16,1
743,7.04,1
744,6.98,1
745,6.5,1
746,7.34,1
747,7.84,1
748,7.5,1
749,7.83,1
750,8.3,1
751,7.85,1
752,7.94,1
753,7.94,1
754,7.87,1
755,7.66,1
756,6.83,1
757,7.0,1
758,7.17,1
759,7.31,1
760,7.35,1
761,7.94,1
762,7.6,1
763,7.16,1
764,6.86,1
765,7.49,1
766,6.91,1
767,7.83,1
768,8.06,1
769,7.98,1
770,8.23,1
771,7.96,1
772,7.68,1
773,8.26,1
774,8.07,1
775,8.39,1
776,8.78,1
777,8.58,1
778,8.69,1
779,7.82,1
780,7.36,1
781,6.78,1
782,6.89,1
783,7.17,1
784,7.1,1
785,6.57,1
786,6.77,1
787,6.18,1
788,6.69,1
789,6.71,1
790,6.66,1
791,6.17,1
792,6.12,1
793,6.05,1
794,6.39,1
795,6.53,1
796,6.06,1
797,6.4,1
798,7.07,1
799,7.4,1
800,6.96,1
801,7.53,1
802,7.18,1
803,7.18,1
804,7.24,1
805,7.45,1
806,8.01,1
807,7.59,1
808,8.09,1
809,8.39,1
810,7.38,1
811,7.11,1
812,6.9,1
813,7.4,1
814,8.17,1
815,8.59,1
816,8.15,1
817,8.22,1
818,7.87,1
819,7.89,1
820,8.09,1
821,7.73,1
822,7.75,1
823,7.72,1
824,7.86,1
825,8.13,1
826,8.16,1
827,8.45,1
828,7.6,1
829,7.8,1
830,7.82,1
831,8.06,1
832,7.52,1
833,7.77,1
834,8.37,1
835,8.17,1
836,7.89,1
837,7.69,1
838,7.82,1
839,7.52,1
840,6.61,1
841,7.09,1
842,7.16,1
843,6.83,1
844,7.79,1
845,8.08,1
846,8.02,1
847,7.83,1
848,7.21,1
849,7.65,1
850,7.29,1
851,8.16,1
852,8.25,1
853,8.22,1
854,8.49,1
855,7.91,1
856,7.73,1
857,7.27,1
858,7.63,1
859,6.98,1
860,7.82,1
861,7.41,1
862,7.02,1
863,7.7,1
864,7.06,1
865,7.83,1
866,7.14,1
867,6.91,1
868,6.96,1
869,7.42,1
870,7.69,1
871,7.37,1
872,7.51,1
873,7.56,1
874,8.1,1
875,7.98,1
876,7.23,1
877,7.22,1
878,6.9,1
879,7.45,1
880,7.77,1
881,8.16,1
882,8.35,1
883,7.97,1
884,7.7,1
885,7.77,1
886,7.49,1
887,7.3,1
888,7.4,1
889,6.96,1
890,6.96,1
891,7.76,1
892,7.39,1
893,6.88,1
894,7.14,1
895,7.69,1
896,7.8,1
897,6.99,1
898,6.64,1
899,6.45,1
900,6.55,1
901,6.86,1
902,6.98,1
903,7.03,1
904,7.18,1
905,8.32,1
906,7.82,1
907,7.54,1
908,6.53,1
909,6.61,1
910,6.66,1
911,6.6,1
912,6.4,1
913,6.32,1
914,7.11,1
915,6.22,1
916,6.33,1
917,6.12,1
918,6.73,1
919,7.08,1
920,7.11,1
921,7.64,1
922,7.95,1
923,7.54,1
924,7.75,1
925,7.31,1
926,7.84,1
927,7.02,1
928,6.85,1
929,7.22,1
930,7.08,1
931,6.43,1
932,6.53,1
933,6.62,1
934,6.13,1
935,7.18,1
936,6.87,1
937,7.37,1
938,7.08,1
939,7.72,1
940,7.24,1
941,7.46,1
942,7.77,1
943,7.52,1
944,8.05,1
945,7.67,1
946,7.69,1
947,7.65,1
948,7.21,1
949,7.12,1
950,7.52,1
951,7.69,1
952,7.61,1
953,7.23,1
954,7.67,1
955,7.51,1
956,7.6,1
957,8.08,1
958,8.21,1
959,7.48,1
960,7.52,1
961,6.89,1
962,7.08,1
963,7.59,1
964,7.44,1
965,7.08,1
966,7.52,1
967,6.94,1
968,7.21,1
969,7.02,1
970,7.52,1
971,7.39,1
972,6.56,1
973,5.92,1
974,6.57,1
975,6.24,1
976,5.69,1
977,6.59,1
978,6.58,1
979,6.63,1
980,6.78,1
981,6.79,1
982,5.85,1
983,6.78,1
984,7.48,1
985,7.48,1
986,8.0,1
987,7.75,1
988,8.52,1
989,8.02,1
990,8.14,1
991,7.96,1
992,8.14,1
993,7.96,1
994,7.36,1
995,7.23,1
996,8.12,1
997,7.92,1
998,8.02,1
999,7.69,1
