Figure: large_2
File Number: 10
Nodes: 300
Edges: 22327
Max Generations: 1000
Population Size: 100
Mutation Rate: 0.01
Colors Used: 184
Runtime: 9.69

Generation,Average Fitness,Best Fitness
0,121.34,97
1,117.68,92
2,115.15,92
3,112.93,90
4,112.16,86
5,109.61,86
6,108.35,86
7,106.51,86
8,104.8,85
9,103.42,84
10,98.67,83
11,97.13,80
12,94.27,80
13,90.7,77
14,88.61,76
15,86.2,74
16,82.86,73
17,80.65,69
18,78.9,67
19,78.17,64
20,76.52,64
21,75.62,64
22,73.62,62
23,72.05,61
24,70.25,58
25,67.71,54
26,66.39,54
27,65.97,54
28,65.48,52
29,63.81,52
30,63.08,52
31,60.8,52
32,59.16,51
33,58.29,50
34,57.75,47
35,56.87,46
36,57.14,46
37,56.69,46
38,56.1,45
39,55.87,45
40,54.69,45
41,54.42,44
42,54.36,42
43,52.7,42
44,50.98,42
45,50.96,39
46,50.26,39
47,50.22,39
48,49.94,39
49,50.13,39
50,50.07,39
51,49.48,39
52,48.46,39
53,48.62,39
54,48.53,39
55,47.38,39
56,47.31,39
57,46.86,39
58,46.87,38
59,46.24,36
60,45.87,36
61,44.97,36
62,44.62,35
63,44.13,34
64,43.88,34
65,42.88,34
66,42.79,33
67,42.42,33
68,41.06,33
69,40.99,31
70,40.64,31
71,40.31,31
72,40.31,31
73,40.52,30
74,40.06,30
75,39.37,30
76,38.32,30
77,38.38,30
78,38.22,29
79,38.01,27
80,37.66,25
81,37.82,25
82,38.02,25
83,36.91,25
84,36.36,24
85,35.48,24
86,34.31,24
87,34.14,23
88,33.5,22
89,32.9,22
90,33.33,22
91,33.61,22
92,32.95,22
93,32.77,22
94,32.33,22
95,32.49,22
96,31.59,22
97,31.12,22
98,30.01,20
99,29.87,20
100,29.38,20
101,29.72,19
102,28.9,19
103,29.12,19
104,29.22,19
105,28.98,19
106,29.17,19
107,29.17,18
108,28.47,18
109,28.23,18
110,27.66,18
111,27.72,18
112,27.6,18
113,26.62,18
114,26.28,18
115,26.38,18
116,26.0,18
117,26.24,18
118,26.75,18
119,26.73,17
120,26.8,17
121,26.82,15
122,26.73,15
123,26.34,15
124,25.76,15
125,25.26,15
126,23.7,15
127,23.35,15
128,23.87,15
129,23.77,15
130,24.35,15
131,23.96,15
132,23.99,15
133,24.05,15
134,23.82,14
135,23.34,14
136,23.06,14
137,23.32,14
138,23.8,14
139,24.15,14
140,24.34,14
141,24.04,14
142,23.96,14
143,24.12,14
144,24.1,14
145,23.7,14
146,23.98,14
147,23.18,14
148,23.36,14
149,23.78,14
150,23.13,14
151,23.52,14
152,22.85,14
153,21.92,14
154,22.19,14
155,22.05,14
156,22.13,14
157,22.39,14
158,22.71,14
159,22.93,14
160,23.13,12
161,22.66,12
162,21.9,12
163,21.77,12
164,21.38,12
165,21.75,12
166,21.05,12
167,20.6,12
168,21.27,12
169,21.79,12
170,22.13,12
171,21.7,12
172,21.93,12
173,21.91,12
174,22.11,12
175,21.8,12
176,21.72,12
177,21.03,12
178,20.93,12
179,21.04,12
180,20.46,12
181,19.99,12
182,20.1,12
183,20.29,12
184,20.7,12
185,20.87,12
186,20.82,12
187,20.66,12
188,21.44,12
189,21.3,12
190,21.69,12
191,22.08,11
192,22.3,11
193,21.8,11
194,22.11,11
195,21.92,11
196,21.77,11
197,22.23,11
198,22.08,11
199,22.39,11
200,22.07,11
201,22.18,11
202,21.51,11
203,21.75,11
204,21.57,11
205,21.49,11
206,21.69,11
207,21.48,11
208,21.47,11
209,21.32,11
210,21.74,11
211,21.47,10
212,21.05,10
213,20.72,10
214,20.55,10
215,20.36,10
216,20.36,10
217,21.28,10
218,20.96,10
219,21.61,10
220,20.61,10
221,20.73,10
222,21.12,10
223,21.15,10
224,21.24,10
225,20.89,10
226,19.98,10
227,19.61,10
228,18.98,10
229,18.96,10
230,19.48,10
231,19.72,10
232,19.72,10
233,20.22,10
234,19.8,10
235,19.69,10
236,19.54,9
237,18.89,9
238,18.74,9
239,18.65,9
240,18.62,9
241,18.44,9
242,18.65,9
243,19.47,9
244,19.8,9
245,19.76,9
246,19.84,9
247,19.08,9
248,19.55,9
249,19.62,9
250,19.69,9
251,19.92,9
252,20.41,9
253,21.0,9
254,20.46,9
255,19.69,9
256,19.02,9
257,19.59,9
258,19.55,9
259,19.58,9
260,19.81,9
261,19.51,9
262,19.95,9
263,19.35,9
264,19.47,9
265,19.74,9
266,19.4,9
267,18.46,8
268,18.12,8
269,18.35,8
270,18.32,8
271,18.07,8
272,18.33,8
273,18.33,8
274,17.97,8
275,17.89,8
276,18.22,8
277,18.32,8
278,18.4,8
279,18.3,8
280,17.73,8
281,16.92,8
282,16.52,8
283,16.74,8
284,16.93,8
285,17.63,8
286,16.69,8
287,17.24,8
288,17.53,8
289,18.12,8
290,18.02,8
291,17.04,8
292,17.34,8
293,17.26,8
294,17.32,8
295,17.32,8
296,17.76,8
297,17.86,8
298,18.25,8
299,18.67,8
300,18.68,8
301,18.02,8
302,17.56,8
303,17.46,8
304,17.46,8
305,17.92,8
306,17.58,8
307,17.87,8
308,18.65,8
309,18.38,8
310,18.37,8
311,17.84,8
312,18.11,8
313,18.21,8
314,17.9,8
315,17.34,7
316,17.58,7
317,17.99,7
318,18.42,7
319,18.24,7
320,17.99,7
321,18.05,7
322,18.04,7
323,17.72,7
324,17.45,7
325,17.11,7
326,17.14,7
327,17.59,7
328,17.73,7
329,17.99,7
330,18.2,7
331,18.03,7
332,18.61,7
333,19.07,7
334,17.91,7
335,18.69,7
336,18.32,7
337,18.19,7
338,18.05,7
339,17.9,7
340,17.43,7
341,18.48,7
342,18.26,7
343,17.81,7
344,18.35,7
345,18.56,7
346,18.83,7
347,18.23,7
348,18.11,7
349,18.05,7
350,17.87,7
351,17.86,7
352,17.82,7
353,17.68,7
354,17.84,7
355,17.54,7
356,17.49,7
357,17.52,7
358,17.59,7
359,17.93,7
360,17.43,7
361,16.61,7
362,16.99,7
363,17.67,7
364,17.66,7
365,17.43,7
366,16.91,7
367,16.33,7
368,16.43,7
369,17.39,7
370,17.57,7
371,17.55,7
372,17.65,7
373,17.82,7
374,17.96,7
375,18.22,7
376,18.49,7
377,18.56,7
378,18.91,7
379,19.1,7
380,17.8,7
381,17.81,7
382,17.07,7
383,17.16,7
384,17.16,7
385,16.86,7
386,16.75,7
387,16.44,7
388,16.97,7
389,17.19,7
390,17.09,7
391,17.27,7
392,17.11,7
393,17.06,7
394,17.01,7
395,17.61,7
396,17.71,7
397,16.94,7
398,16.76,7
399,16.7,7
400,16.81,7
401,16.3,7
402,16.74,7
403,16.7,7
404,16.89,7
405,16.53,7
406,16.61,7
407,16.31,7
408,16.39,7
409,16.74,7
410,17.01,7
411,17.61,7
412,18.3,7
413,19.1,7
414,19.24,7
415,19.29,7
416,19.11,7
417,19.1,7
418,17.93,7
419,17.5,7
420,17.53,7
421,16.86,7
422,17.12,7
423,16.85,7
424,16.53,7
425,16.25,7
426,16.63,7
427,16.45,7
428,16.34,7
429,16.62,7
430,16.54,7
431,16.55,7
432,16.43,6
433,16.28,6
434,15.54,6
435,16.12,6
436,16.5,6
437,16.34,6
438,16.56,6
439,16.28,6
440,15.57,6
441,15.36,6
442,14.55,6
443,14.89,6
444,14.65,6
445,15.66,6
446,15.91,6
447,16.5,6
448,16.32,6
449,15.89,6
450,15.84,6
451,15.45,6
452,15.04,6
453,14.84,6
454,14.5,6
455,14.96,4
456,15.89,4
457,15.52,4
458,15.77,4
459,15.47,4
460,15.84,4
461,16.52,4
462,16.32,4
463,16.53,4
464,16.52,4
465,16.35,4
466,15.93,4
467,17.14,4
468,16.8,4
469,16.15,4
470,15.64,4
471,15.74,4
472,14.83,4
473,14.96,4
474,14.02,4
475,14.42,4
476,14.14,4
477,13.76,4
478,13.5,4
479,13.91,4
480,14.42,4
481,14.28,4
482,14.3,4
483,13.88,4
484,14.55,4
485,14.2,4
486,14.37,4
487,14.94,4
488,15.01,4
489,15.71,4
490,15.52,4
491,15.83,4
492,15.28,4
493,15.26,4
494,14.93,4
495,14.56,4
496,15.06,4
497,14.83,3
498,16.09,3
499,15.87,3
500,15.69,3
501,15.67,3
502,15.85,3
503,15.56,3
504,15.88,3
505,15.92,3
506,15.02,3
507,15.21,3
508,15.08,3
509,14.39,3
510,13.84,3
511,13.17,3
512,12.74,3
513,13.32,3
514,13.29,3
515,13.15,3
516,12.92,3
517,12.06,3
518,11.91,3
519,12.26,3
520,12.71,3
521,12.37,3
522,13.26,3
523,13.9,3
524,14.54,3
525,14.46,3
526,14.63,3
527,14.25,3
528,13.9,3
529,13.95,3
530,13.95,3
531,13.88,3
532,13.53,3
533,13.86,3
534,13.37,3
535,13.72,3
536,13.31,3
537,13.48,3
538,13.94,3
539,13.94,3
540,14.28,3
541,14.72,3
542,14.24,3
543,13.25,3
544,13.45,3
545,12.59,3
546,13.22,3
547,13.03,3
548,12.73,3
549,12.82,3
550,13.14,3
551,13.62,3
552,13.55,3
553,13.42,3
554,12.95,3
555,12.97,3
556,12.84,3
557,12.86,3
558,12.62,3
559,12.54,3
560,12.63,3
561,12.4,3
562,12.98,3
563,13.51,3
564,13.78,3
565,14.07,3
566,13.93,3
567,13.41,3
568,12.99,3
569,12.89,3
570,12.44,3
571,12.41,3
572,12.5,3
573,12.81,3
574,12.72,3
575,13.26,3
576,13.63,3
577,13.95,3
578,14.29,3
579,14.37,3
580,15.1,3
581,14.57,3
582,14.78,3
583,15.22,3
584,14.77,3
585,15.01,3
586,14.45,3
587,14.13,3
588,14.25,3
589,14.0,3
590,13.76,3
591,13.38,3
592,13.08,3
593,13.44,3
594,13.88,3
595,13.86,3
596,12.8,3
597,13.08,3
598,13.35,3
599,13.29,3
600,12.68,3
601,12.98,3
602,13.11,3
603,12.92,3
604,13.28,3
605,12.64,3
606,12.49,3
607,12.37,3
608,12.78,3
609,12.83,3
610,13.62,3
611,13.84,3
612,13.62,3
613,12.94,3
614,12.59,3
615,12.68,3
616,13.19,3
617,13.27,3
618,14.04,3
619,14.13,3
620,14.64,3
621,14.62,3
622,13.99,3
623,13.77,3
624,13.9,3
625,14.13,3
626,14.13,3
627,14.09,3
628,14.01,3
629,13.72,3
630,13.43,3
631,12.62,3
632,12.78,3
633,12.7,3
634,12.9,3
635,13.05,3
636,13.46,3
637,13.05,3
638,12.98,3
639,13.06,3
640,13.02,3
641,13.11,3
642,13.78,3
643,13.59,3
644,13.74,3
645,14.03,3
646,14.26,3
647,14.02,3
648,13.95,3
649,14.31,3
650,14.03,3
651,13.97,3
652,13.85,3
653,13.54,3
654,13.59,3
655,13.67,3
656,14.14,3
657,13.89,3
658,14.19,3
659,14.78,3
660,15.19,3
661,14.78,3
662,15.31,3
663,14.93,3
664,14.44,3
665,14.64,3
666,14.56,3
667,14.63,3
668,13.97,3
669,14.04,3
670,13.65,3
671,13.15,3
672,13.22,3
673,13.24,3
674,13.48,3
675,13.42,3
676,13.24,3
677,14.13,3
678,14.41,3
679,14.65,3
680,14.67,3
681,14.49,3
682,15.18,3
683,14.05,3
684,13.82,3
685,14.13,3
686,14.2,3
687,14.02,3
688,13.51,3
689,13.44,3
690,13.56,3
691,13.87,3
692,13.3,3
693,13.14,3
694,13.38,3
695,13.57,3
696,13.87,3
697,13.36,3
698,13.3,3
699,13.42,3
700,13.28,3
701,13.34,3
702,13.6,3
703,13.3,3
704,13.4,3
705,12.93,3
706,13.06,3
707,12.6,3
708,12.3,3
709,12.09,3
710,11.9,3
711,12.13,3
712,11.25,3
713,11.72,3
714,11.32,3
715,12.11,3
716,13.0,3
717,12.27,3
718,12.51,3
719,12.27,3
720,12.65,2
721,12.58,2
722,12.42,2
723,12.73,2
724,13.24,2
725,12.96,2
726,12.92,2
727,12.57,2
728,12.51,2
729,12.0,2
730,12.04,2
731,12.39,2
732,12.51,2
733,12.11,2
734,12.06,2
735,12.31,2
736,12.5,2
737,12.84,2
738,12.91,2
739,12.58,2
740,12.94,2
741,13.16,2
742,13.46,2
743,13.43,2
744,13.22,2
745,13.24,2
746,13.14,2
747,12.7,2
748,12.62,2
749,12.48,2
750,11.85,2
751,10.99,2
752,11.56,2
753,11.14,2
754,11.29,2
755,11.69,2
756,12.2,2
757,12.76,2
758,13.26,2
759,13.59,2
760,14.38,2
761,14.61,2
762,14.93,2
763,14.69,2
764,15.11,2
765,14.33,2
766,14.54,2
767,13.57,2
768,13.55,2
769,13.52,2
770,13.22,2
771,13.29,2
772,13.81,2
773,13.84,2
774,14.29,2
775,14.8,2
776,14.94,2
777,14.47,2
778,14.46,2
779,14.25,2
780,13.76,2
781,13.27,2
782,13.26,2
783,12.79,2
784,12.6,2
785,12.69,2
786,12.4,2
787,12.25,2
788,11.76,2
789,11.82,2
790,12.12,2
791,12.44,2
792,12.04,2
793,11.96,2
794,11.93,2
795,12.35,2
796,12.58,2
797,13.29,2
798,13.49,2
799,14.25,2
800,14.17,2
801,15.0,2
802,14.7,2
803,14.04,2
804,14.45,2
805,14.52,2
806,14.75,2
807,14.5,2
808,14.24,2
809,14.15,2
810,14.18,2
811,14.93,2
812,15.33,2
813,15.25,2
814,14.9,2
815,14.26,2
816,14.43,2
817,13.99,2
818,13.72,2
819,13.11,2
820,12.76,2
821,11.93,2
822,11.47,2
823,11.23,2
824,11.18,2
825,10.68,2
826,10.6,2
827,11.5,2
828,11.62,2
829,11.9,2
830,11.76,2
831,11.85,2
832,12.28,2
833,12.3,2
834,12.12,2
835,12.5,2
836,12.81,1
837,12.62,1
838,11.84,1
839,11.35,1
840,11.43,1
841,12.17,1
842,11.98,1
843,11.28,1
844,11.51,1
845,10.93,1
846,11.18,1
847,10.99,1
848,10.83,1
849,11.25,1
850,11.62,1
851,11.13,1
852,11.59,1
853,11.31,1
854,12.24,1
855,11.93,1
856,11.47,1
857,11.77,1
858,12.35,1
859,12.79,1
860,14.01,1
861,14.55,1
862,14.66,1
863,14.05,1
864,14.16,1
865,13.9,1
866,13.48,1
867,12.87,1
868,12.05,1
869,11.67,1
870,11.7,1
871,11.84,1
872,11.82,1
873,11.88,1
874,12.11,1
875,12.37,1
876,12.28,1
877,12.33,1
878,11.81,1
879,11.74,1
880,11.39,1
881,11.08,1
882,11.1,1
883,11.04,1
884,10.71,1
885,10.88,1
886,11.11,1
887,11.0,1
888,11.01,1
889,11.87,1
890,11.78,1
891,12.34,1
892,12.13,1
893,12.87,1
894,12.78,1
895,12.79,1
896,11.82,1
897,10.62,1
898,9.88,1
899,9.22,1
900,9.0,1
901,9.03,1
902,9.57,1
903,9.78,1
904,9.91,1
905,9.83,1
906,10.6,1
907,10.84,1
908,10.92,1
909,11.37,1
910,12.04,1
911,11.44,1
912,11.56,1
913,11.78,1
914,11.82,1
915,11.65,1
916,12.53,1
917,12.79,1
918,13.48,1
919,13.21,1
920,12.38,1
921,12.01,1
922,11.65,1
923,11.47,1
924,11.41,1
925,11.74,1
926,12.64,1
927,12.4,1
928,13.05,1
929,12.5,1
930,11.96,1
931,12.41,1
932,11.46,1
933,11.41,1
934,11.41,1
935,11.81,1
936,12.39,1
937,12.16,1
938,12.23,1
939,12.1,1
940,12.15,1
941,12.26,1
942,11.97,1
943,12.31,1
944,12.31,1
945,11.52,1
946,11.97,1
947,12.06,1
948,11.88,1
949,12.14,1
950,12.36,1
951,12.98,1
952,12.06,1
953,12.59,1
954,12.43,1
955,12.52,1
956,12.82,1
957,12.64,1
958,12.66,1
959,12.95,1
960,12.63,1
961,12.38,1
962,12.39,1
963,11.58,1
964,11.49,1
965,11.27,1
966,11.69,1
967,11.77,1
968,11.64,1
969,11.9,1
970,12.15,1
971,11.89,1
972,12.77,1
973,13.1,1
974,13.05,1
975,12.54,1
976,12.62,1
977,12.45,1
978,12.58,1
979,12.7,1
980,12.42,1
981,12.62,1
982,12.52,1
983,12.06,1
984,12.49,1
985,12.41,1
986,12.23,1
987,12.33,1
988,12.32,1
989,12.49,1
990,12.94,1
991,12.74,1
992,13.52,1
993,13.41,1
994,13.5,1
995,12.58,1
996,12.54,1
997,13.08,1
998,13.39,1
999,12.96,1
