Figure: large_2
File Number: 19
Nodes: 300
Edges: 22327
Max Generations: 1000
Population Size: 100
Mutation Rate: 0.01
Colors Used: 152
Runtime: 27.64

Generation,Average Fitness,Best Fitness
0,146.76,119
1,143.63,116
2,139.8,114
3,135.53,112
4,133.61,110
5,131.41,110
6,131.03,109
7,127.98,109
8,129.31,109
9,128.03,109
10,126.17,104
11,125.1,101
12,121.07,101
13,117.29,99
14,115.19,98
15,113.2,95
16,111.16,94
17,107.43,94
18,105.31,92
19,104.29,89
20,101.63,86
21,100.04,85
22,98.36,85
23,97.26,84
24,95.28,81
25,94.17,81
26,92.51,81
27,91.68,78
28,90.67,78
29,89.13,77
30,88.39,72
31,86.86,72
32,84.71,71
33,82.33,68
34,80.09,63
35,77.97,59
36,76.4,59
37,74.79,59
38,72.93,59
39,71.17,57
40,69.23,55
41,68.31,55
42,66.6,55
43,66.13,55
44,65.41,55
45,64.58,52
46,63.79,52
47,62.28,51
48,61.33,51
49,60.98,51
50,60.39,51
51,60.52,51
52,60.17,51
53,60.29,51
54,59.8,50
55,58.94,46
56,58.3,46
57,57.34,44
58,57.49,44
59,57.26,44
60,56.1,44
61,55.3,44
62,55.6,44
63,54.51,44
64,53.62,41
65,51.96,41
66,50.75,41
67,51.43,38
68,51.15,38
69,50.73,37
70,50.43,37
71,50.18,34
72,49.82,34
73,48.91,34
74,48.09,34
75,47.21,34
76,46.35,34
77,45.33,34
78,44.24,34
79,43.56,34
80,42.9,34
81,42.82,33
82,43.26,33
83,43.25,33
84,42.49,33
85,42.92,30
86,42.66,30
87,42.72,30
88,42.79,30
89,41.66,29
90,41.25,29
91,40.83,29
92,40.87,29
93,40.44,29
94,39.78,29
95,38.55,29
96,39.4,29
97,38.61,26
98,38.73,26
99,38.59,26
100,38.56,26
101,37.83,26
102,37.82,26
103,37.13,25
104,36.32,25
105,35.84,24
106,35.46,23
107,34.78,23
108,33.85,22
109,33.4,22
110,32.9,22
111,32.77,22
112,32.26,22
113,32.42,22
114,32.02,22
115,33.02,22
116,32.8,21
117,32.78,21
118,32.24,21
119,31.69,21
120,31.51,19
121,32.16,19
122,32.71,19
123,32.69,19
124,32.34,19
125,32.95,19
126,32.89,19
127,32.95,19
128,32.79,19
129,33.08,19
130,32.84,19
131,32.35,19
132,32.58,19
133,32.35,19
134,32.25,19
135,31.02,19
136,30.42,19
137,30.12,19
138,30.07,19
139,30.5,19
140,29.3,19
141,28.47,19
142,28.23,19
143,28.44,17
144,28.81,17
145,28.9,17
146,27.76,17
147,27.43,17
148,27.83,17
149,28.46,17
150,28.6,17
151,28.27,17
152,27.59,17
153,27.65,17
154,27.86,17
155,27.96,17
156,27.3,17
157,27.18,17
158,27.05,17
159,27.34,17
160,27.81,17
161,27.48,17
162,27.24,17
163,27.37,17
164,27.29,17
165,27.5,17
166,28.0,17
167,27.23,17
168,27.8,17
169,27.61,17
170,28.08,17
171,28.32,17
172,28.95,17
173,29.37,17
174,29.02,17
175,28.97,17
176,28.68,17
177,28.8,17
178,28.93,17
179,28.84,17
180,28.85,17
181,29.12,17
182,29.82,17
183,29.62,17
184,30.27,17
185,30.2,17
186,30.2,17
187,30.02,17
188,29.64,17
189,30.14,17
190,29.79,17
191,28.91,17
192,28.82,17
193,28.47,17
194,27.93,17
195,27.46,17
196,27.48,17
197,27.08,17
198,27.01,17
199,26.79,17
200,27.37,16
201,27.06,16
202,26.53,16
203,27.1,16
204,27.31,16
205,26.39,16
206,26.13,16
207,26.01,16
208,25.85,16
209,26.81,16
210,26.95,16
211,26.9,16
212,27.62,16
213,28.13,16
214,27.78,16
215,28.0,16
216,26.98,16
217,27.4,16
218,27.12,16
219,27.09,16
220,26.72,16
221,26.29,15
222,26.48,15
223,26.84,15
224,26.69,15
225,25.84,15
226,25.78,15
227,26.2,15
228,25.64,15
229,25.86,15
230,25.94,15
231,26.24,15
232,27.41,15
233,27.26,14
234,26.44,14
235,26.2,14
236,26.94,14
237,27.2,14
238,27.73,14
239,27.28,14
240,27.57,14
241,28.83,14
242,29.04,14
243,28.92,14
244,29.03,14
245,28.89,14
246,28.65,14
247,28.09,14
248,28.28,14
249,27.52,14
250,26.65,14
251,26.6,14
252,24.9,14
253,24.64,14
254,25.14,14
255,25.97,14
256,26.8,14
257,26.61,14
258,26.12,14
259,25.93,14
260,25.29,14
261,24.54,14
262,24.77,14
263,24.16,14
264,23.78,14
265,23.66,14
266,24.58,14
267,24.2,14
268,24.31,14
269,24.2,14
270,24.43,14
271,23.9,14
272,23.15,14
273,23.03,14
274,23.41,14
275,23.27,14
276,23.14,13
277,22.9,13
278,22.53,12
279,22.56,12
280,22.16,12
281,21.75,12
282,21.64,11
283,21.86,11
284,22.09,11
285,21.33,11
286,21.71,11
287,22.18,11
288,21.84,11
289,22.5,11
290,22.69,11
291,23.12,11
292,23.45,11
293,24.22,11
294,24.16,11
295,24.71,11
296,24.76,11
297,24.01,11
298,23.49,11
299,22.7,11
300,23.38,11
301,24.23,11
302,24.58,11
303,24.78,11
304,23.99,11
305,23.15,11
306,22.98,11
307,22.26,11
308,23.01,11
309,22.98,11
310,23.15,11
311,24.12,11
312,23.96,11
313,23.52,11
314,23.16,10
315,21.72,10
316,21.78,10
317,22.1,10
318,22.27,10
319,22.56,10
320,23.06,10
321,23.13,10
322,22.9,10
323,21.69,10
324,20.72,10
325,20.7,10
326,21.1,10
327,21.11,10
328,21.54,10
329,21.69,10
330,22.63,10
331,22.74,10
332,21.99,10
333,21.95,10
334,21.6,10
335,21.97,10
336,21.56,10
337,22.18,10
338,22.18,10
339,22.34,10
340,22.96,10
341,23.14,10
342,23.16,10
343,22.7,10
344,23.0,10
345,22.87,10
346,22.47,10
347,22.77,8
348,22.47,8
349,21.71,8
350,21.09,8
351,20.34,8
352,21.08,8
353,20.18,8
354,20.09,8
355,20.53,8
356,20.2,8
357,21.37,8
358,21.33,8
359,20.65,8
360,20.78,8
361,21.09,8
362,21.25,8
363,21.02,8
364,21.09,8
365,21.14,8
366,20.7,8
367,20.96,8
368,21.67,8
369,21.96,8
370,21.02,8
371,20.8,8
372,21.4,8
373,20.71,8
374,20.88,8
375,22.21,8
376,21.79,8
377,21.81,8
378,21.85,8
379,21.16,8
380,21.53,8
381,21.64,8
382,21.61,8
383,22.01,8
384,21.57,8
385,21.51,8
386,21.26,8
387,21.15,8
388,20.91,8
389,20.71,8
390,20.31,8
391,20.88,8
392,20.44,8
393,21.24,8
394,20.74,8
395,19.99,8
396,20.17,8
397,19.99,8
398,20.02,8
399,20.13,8
400,20.49,8
401,20.9,8
402,20.86,8
403,20.46,8
404,20.74,8
405,20.65,8
406,21.63,8
407,21.45,8
408,21.36,8
409,20.16,8
410,20.05,8
411,20.22,8
412,19.59,8
413,19.62,8
414,19.86,8
415,19.44,8
416,19.5,8
417,18.95,8
418,18.13,8
419,18.22,8
420,18.64,8
421,18.84,8
422,19.38,8
423,19.83,8
424,19.19,8
425,19.25,8
426,19.78,8
427,20.18,8
428,20.33,8
429,20.95,8
430,20.69,8
431,20.36,8
432,20.71,8
433,20.14,8
434,20.94,8
435,21.2,8
436,21.12,8
437,20.53,8
438,19.87,8
439,20.06,8
440,20.64,8
441,20.77,8
442,20.06,8
443,20.22,8
444,21.01,8
445,20.51,8
446,20.35,8
447,20.71,8
448,21.36,8
449,21.26,8
450,21.44,8
451,21.91,8
452,21.73,8
453,20.76,8
454,20.83,8
455,20.38,8
456,20.13,8
457,20.11,8
458,19.94,8
459,19.72,8
460,20.24,8
461,20.4,8
462,20.56,8
463,20.53,8
464,21.32,8
465,21.71,8
466,21.7,8
467,21.24,8
468,21.48,8
469,21.06,8
470,21.3,8
471,22.04,8
472,21.75,8
473,21.12,8
474,21.01,8
475,20.43,8
476,20.39,8
477,20.96,8
478,20.87,8
479,21.28,8
480,20.52,8
481,20.6,8
482,20.83,8
483,21.1,8
484,20.58,8
485,20.64,8
486,20.76,8
487,20.72,8
488,21.47,8
489,21.56,8
490,21.6,8
491,21.67,8
492,21.69,8
493,21.33,8
494,20.33,8
495,20.53,8
496,21.26,8
497,21.72,8
498,21.63,8
499,22.04,8
500,22.18,8
501,21.78,8
502,21.59,8
503,21.38,8
504,21.26,8
505,20.68,8
506,21.31,8
507,20.78,8
508,20.47,8
509,21.04,8
510,20.35,8
511,20.41,8
512,20.82,8
513,21.79,8
514,20.71,8
515,20.01,8
516,20.33,8
517,20.24,8
518,20.63,8
519,20.47,8
520,20.57,8
521,20.4,8
522,20.23,8
523,20.56,8
524,20.37,8
525,19.61,8
526,19.89,8
527,19.66,8
528,19.89,8
529,19.29,8
530,19.48,8
531,20.1,8
532,19.42,8
533,20.08,8
534,20.07,8
535,19.9,8
536,20.53,8
537,20.27,8
538,21.34,8
539,20.81,8
540,21.28,8
541,21.21,8
542,22.11,8
543,22.95,8
544,22.57,8
545,21.95,8
546,21.32,8
547,21.44,8
548,21.53,8
549,21.73,8
550,21.45,8
551,20.74,8
552,21.06,8
553,20.99,8
554,20.51,8
555,21.77,8
556,22.01,8
557,22.02,8
558,22.29,8
559,21.89,8
560,21.87,8
561,21.63,8
562,21.3,8
563,21.42,8
564,22.18,8
565,22.28,8
566,21.91,8
567,21.91,8
568,21.28,7
569,20.1,7
570,20.1,6
571,20.08,6
572,20.78,6
573,20.56,6
574,20.6,6
575,20.11,6
576,18.71,6
577,18.88,6
578,18.76,6
579,19.36,6
580,19.31,6
581,19.4,6
582,19.68,6
583,20.55,6
584,20.89,6
585,21.03,6
586,20.81,6
587,20.65,6
588,20.74,6
589,20.7,6
590,20.33,6
591,19.98,6
592,18.67,6
593,18.88,6
594,18.23,6
595,18.69,6
596,18.66,6
597,17.72,6
598,17.95,6
599,17.48,6
600,18.19,6
601,18.66,6
602,18.51,6
603,18.92,6
604,19.03,6
605,19.14,6
606,19.78,6
607,19.71,6
608,19.04,6
609,17.9,6
610,18.45,6
611,18.88,6
612,18.61,6
613,19.18,6
614,19.09,6
615,19.82,6
616,19.63,6
617,19.86,6
618,20.1,6
619,19.94,6
620,20.27,6
621,20.14,6
622,20.48,6
623,21.34,6
624,21.33,6
625,21.57,6
626,21.66,6
627,21.82,6
628,22.04,6
629,21.55,6
630,21.13,6
631,19.81,6
632,19.32,6
633,18.53,6
634,18.79,6
635,18.41,6
636,18.43,6
637,17.85,6
638,17.6,6
639,17.7,6
640,17.7,6
641,17.31,6
642,16.88,6
643,17.09,6
644,17.24,6
645,18.36,6
646,18.08,6
647,18.71,6
648,18.91,6
649,18.34,6
650,18.07,6
651,18.03,6
652,18.07,6
653,18.0,6
654,18.76,6
655,18.78,6
656,18.78,6
657,19.71,6
658,19.63,6
659,19.86,6
660,19.4,6
661,19.27,6
662,19.66,6
663,19.93,6
664,20.26,6
665,21.13,6
666,21.52,6
667,21.61,6
668,21.67,6
669,21.22,6
670,21.8,6
671,20.69,6
672,21.08,6
673,20.34,6
674,20.38,6
675,20.21,6
676,19.5,6
677,19.31,6
678,18.83,6
679,18.56,6
680,18.53,6
681,19.49,6
682,18.9,6
683,19.38,6
684,19.39,6
685,19.27,6
686,19.71,6
687,19.86,6
688,20.82,6
689,20.65,6
690,19.79,6
691,19.28,6
692,19.63,6
693,19.24,6
694,18.83,6
695,18.07,6
696,18.26,6
697,18.95,6
698,19.17,6
699,19.17,6
700,18.57,6
701,18.71,6
702,18.87,6
703,19.1,6
704,18.85,6
705,18.87,6
706,18.99,6
707,19.47,6
708,19.55,6
709,19.59,6
710,19.57,6
711,19.21,6
712,19.3,6
713,19.13,6
714,19.42,6
715,19.48,6
716,20.18,6
717,20.73,6
718,20.54,6
719,20.47,6
720,19.92,6
721,19.47,6
722,19.47,6
723,20.51,6
724,20.08,6
725,19.99,6
726,20.11,6
727,19.47,6
728,19.11,6
729,20.33,6
730,19.97,6
731,20.54,6
732,20.89,6
733,20.45,6
734,19.99,6
735,19.98,6
736,20.22,6
737,20.02,6
738,20.59,6
739,21.2,6
740,21.56,6
741,21.53,6
742,21.34,6
743,20.51,6
744,19.9,6
745,18.84,6
746,18.07,6
747,16.87,6
748,16.31,6
749,16.07,6
750,15.85,6
751,16.21,6
752,17.08,6
753,17.7,6
754,17.78,6
755,17.65,6
756,17.14,6
757,18.12,6
758,18.47,6
759,18.58,6
760,19.06,6
761,19.12,6
762,18.67,6
763,18.95,6
764,18.58,6
765,17.49,6
766,17.38,6
767,16.89,6
768,16.97,6
769,17.13,6
770,17.37,6
771,17.57,6
772,17.3,6
773,17.57,6
774,17.75,6
775,18.18,6
776,18.23,6
777,17.99,6
778,17.65,6
779,17.16,6
780,17.27,6
781,17.37,6
782,17.5,6
783,18.49,6
784,19.12,6
785,19.54,6
786,20.1,6
787,19.88,6
788,19.72,6
789,20.05,6
790,19.26,6
791,19.01,6
792,18.63,6
793,18.85,6
794,18.42,6
795,18.24,6
796,18.07,6
797,18.13,6
798,18.21,6
799,18.0,6
800,18.62,6
801,18.52,6
802,18.91,6
803,18.86,6
804,18.2,6
805,18.62,6
806,18.68,6
807,18.65,6
808,18.63,6
809,18.62,6
810,18.32,6
811,18.67,6
812,18.81,6
813,18.88,6
814,18.35,6
815,16.89,6
816,16.56,6
817,17.18,6
818,17.32,6
819,17.71,6
820,18.19,6
821,18.52,6
822,18.48,6
823,18.1,6
824,18.9,6
825,18.13,6
826,18.21,6
827,18.01,6
828,18.09,6
829,18.68,6
830,19.15,6
831,18.91,6
832,19.22,6
833,19.04,6
834,19.09,6
835,18.9,6
836,18.43,6
837,18.06,6
838,17.97,6
839,17.87,6
840,18.05,6
841,17.9,6
842,17.52,6
843,17.54,6
844,17.39,6
845,17.78,6
846,17.8,6
847,18.26,6
848,18.33,6
849,18.71,6
850,19.24,6
851,19.53,6
852,19.81,6
853,19.57,6
854,20.0,6
855,19.05,6
856,18.55,6
857,17.93,6
858,17.43,6
859,17.71,6
860,17.19,6
861,17.43,6
862,17.17,6
863,17.28,6
864,17.98,6
865,18.1,6
866,18.85,6
867,19.01,6
868,18.86,6
869,19.78,6
870,18.79,6
871,18.91,6
872,19.43,6
873,19.88,6
874,20.14,6
875,20.56,6
876,20.23,6
877,20.51,6
878,20.87,6
879,21.04,6
880,20.71,6
881,20.07,6
882,19.81,6
883,19.71,6
884,19.59,6
885,18.93,6
886,18.57,6
887,18.1,6
888,18.41,6
889,18.49,6
890,18.62,6
891,18.66,6
892,18.7,6
893,18.32,6
894,18.31,6
895,18.65,6
896,18.56,6
897,19.68,6
898,20.52,6
899,21.24,6
900,21.59,6
901,21.5,6
902,21.53,6
903,21.77,6
904,22.24,6
905,21.98,6
906,21.55,6
907,22.38,6
908,22.37,6
909,22.45,6
910,21.39,6
911,20.43,6
912,19.5,6
913,18.95,6
914,18.42,6
915,18.07,6
916,18.54,6
917,19.22,6
918,19.23,6
919,19.79,6
920,19.51,6
921,19.36,6
922,20.68,6
923,20.77,6
924,21.24,6
925,20.96,6
926,21.41,6
927,20.89,6
928,21.23,6
929,20.37,6
930,19.66,6
931,19.87,6
932,19.5,6
933,19.43,6
934,19.26,6
935,18.82,6
936,19.2,6
937,19.22,6
938,19.62,6
939,19.83,6
940,20.34,6
941,20.04,6
942,18.98,6
943,19.43,6
944,19.12,6
945,19.49,6
946,18.97,6
947,18.89,6
948,17.91,6
949,18.46,6
950,18.4,6
951,18.33,6
952,19.1,6
953,18.59,6
954,18.86,6
955,18.56,6
956,19.44,6
957,19.16,6
958,18.82,6
959,19.13,6
960,19.68,6
961,20.53,6
962,20.4,6
963,20.16,6
964,20.55,6
965,20.45,6
966,19.18,6
967,19.1,6
968,19.55,6
969,18.46,6
970,18.19,6
971,18.14,6
972,18.63,6
973,18.82,6
974,19.2,6
975,19.38,6
976,19.62,6
977,19.63,6
978,19.43,6
979,20.27,6
980,20.44,6
981,20.3,6
982,19.58,6
983,19.69,6
984,20.02,6
985,20.75,6
986,20.04,6
987,20.39,6
988,20.8,6
989,20.21,6
990,20.3,6
991,19.81,6
992,19.39,6
993,19.35,6
994,19.52,6
995,19.25,6
996,18.76,6
997,18.68,6
998,18.53,6
999,19.43,6
