Figure: large_2
File Number: 28
Nodes: 300
Edges: 22327
Max Generations: 1000
Population Size: 100
Mutation Rate: 0.01
Colors Used: 174
Runtime: 11.56

Generation,Average Fitness,Best Fitness
0,130.71,103
1,125.97,98
2,121.56,93
3,117.88,91
4,114.69,91
5,110.36,91
6,108.8,89
7,106.36,89
8,105.05,83
9,102.26,83
10,100.66,82
11,98.79,81
12,95.99,81
13,93.39,77
14,90.93,77
15,89.38,75
16,87.51,75
17,85.68,74
18,85.37,74
19,84.13,70
20,81.3,70
21,80.06,70
22,79.78,70
23,77.51,67
24,76.83,67
25,75.96,65
26,75.39,65
27,74.08,65
28,72.75,63
29,72.38,62
30,70.79,58
31,69.05,57
32,67.87,55
33,66.9,55
34,65.53,55
35,63.99,54
36,63.0,53
37,61.36,53
38,60.46,52
39,58.16,48
40,58.03,48
41,57.9,48
42,57.78,47
43,57.46,47
44,56.9,47
45,56.05,46
46,55.99,46
47,55.26,45
48,55.39,44
49,54.03,44
50,53.33,44
51,53.36,39
52,53.42,39
53,52.67,39
54,52.39,39
55,51.52,39
56,51.36,38
57,50.7,37
58,48.58,36
59,47.07,35
60,46.19,35
61,46.0,35
62,45.25,35
63,44.99,35
64,44.82,35
65,45.31,34
66,44.88,34
67,45.0,34
68,44.81,34
69,44.47,33
70,44.02,33
71,43.3,31
72,42.06,31
73,41.63,31
74,41.4,31
75,41.72,30
76,41.6,30
77,40.46,30
78,40.31,29
79,40.34,29
80,39.41,29
81,39.61,29
82,39.61,29
83,39.16,29
84,38.74,29
85,39.05,29
86,38.97,29
87,38.79,29
88,37.22,28
89,36.21,28
90,35.97,26
91,36.57,26
92,35.8,25
93,35.09,25
94,35.15,24
95,34.69,24
96,34.18,24
97,33.27,24
98,33.66,23
99,32.46,23
100,32.47,23
101,32.28,23
102,31.99,23
103,32.45,23
104,32.36,22
105,31.13,22
106,31.23,22
107,31.08,21
108,31.0,21
109,30.94,21
110,31.35,21
111,31.36,21
112,31.45,21
113,31.17,21
114,31.27,21
115,31.18,21
116,30.99,21
117,31.41,21
118,31.27,20
119,31.18,20
120,30.77,20
121,30.42,20
122,29.7,20
123,29.47,20
124,29.81,20
125,29.33,20
126,29.2,20
127,29.12,20
128,29.34,20
129,30.29,20
130,29.93,20
131,30.17,20
132,29.32,20
133,29.18,20
134,29.0,19
135,28.36,19
136,28.38,17
137,28.7,17
138,28.21,17
139,27.51,16
140,26.52,16
141,26.83,16
142,26.82,16
143,27.06,16
144,26.85,16
145,27.09,16
146,26.81,16
147,26.71,16
148,26.76,16
149,26.97,16
150,26.54,16
151,26.58,16
152,27.48,16
153,26.9,16
154,26.92,16
155,27.36,16
156,26.99,16
157,26.55,16
158,26.58,16
159,26.31,16
160,26.51,16
161,26.82,16
162,26.66,16
163,26.26,15
164,26.57,15
165,26.06,13
166,25.96,13
167,25.6,13
168,25.32,13
169,24.31,12
170,23.51,12
171,22.88,12
172,23.17,12
173,22.9,12
174,22.62,12
175,22.53,12
176,21.81,12
177,20.45,12
178,20.55,12
179,20.39,12
180,20.41,12
181,20.2,12
182,20.5,11
183,20.55,11
184,21.18,11
185,21.4,11
186,20.76,11
187,20.6,11
188,20.58,11
189,20.9,11
190,20.7,11
191,20.84,10
192,20.18,10
193,20.67,10
194,20.95,10
195,20.01,10
196,19.62,10
197,20.21,10
198,20.44,10
199,21.2,10
200,20.45,10
201,20.33,10
202,20.21,10
203,20.0,10
204,19.89,10
205,19.87,10
206,19.57,10
207,20.01,10
208,19.56,10
209,19.3,9
210,19.17,9
211,18.76,9
212,17.8,9
213,17.15,9
214,17.25,9
215,18.01,9
216,18.24,9
217,18.0,9
218,18.27,9
219,18.4,9
220,18.18,9
221,18.25,9
222,18.14,9
223,18.78,8
224,18.77,8
225,18.17,8
226,17.99,8
227,17.86,8
228,18.49,8
229,18.91,8
230,19.38,8
231,19.11,8
232,18.68,8
233,18.59,8
234,18.93,8
235,18.49,8
236,18.37,6
237,18.63,6
238,17.77,6
239,17.8,5
240,17.42,5
241,16.58,5
242,15.99,5
243,15.81,5
244,14.73,5
245,15.29,5
246,15.24,5
247,14.9,5
248,14.64,5
249,14.74,5
250,15.41,5
251,14.81,5
252,15.0,5
253,15.55,5
254,16.18,5
255,15.68,5
256,15.71,5
257,15.65,5
258,15.57,5
259,15.31,5
260,15.62,5
261,15.71,5
262,15.61,5
263,14.78,5
264,14.98,5
265,15.52,5
266,15.86,5
267,16.16,5
268,15.8,5
269,16.29,5
270,16.71,5
271,16.66,5
272,16.96,5
273,17.02,5
274,17.1,5
275,18.12,5
276,17.95,5
277,18.03,5
278,18.11,5
279,17.71,5
280,16.84,5
281,16.82,5
282,16.78,5
283,16.09,5
284,15.47,5
285,15.32,5
286,15.64,5
287,15.73,5
288,15.3,5
289,15.42,5
290,15.68,5
291,15.7,5
292,15.5,5
293,15.56,5
294,15.67,5
295,15.08,5
296,15.67,5
297,15.71,5
298,16.35,5
299,16.28,5
300,16.28,5
301,16.91,5
302,16.49,5
303,17.23,5
304,17.96,5
305,16.53,5
306,16.89,5
307,17.5,5
308,17.48,5
309,16.52,5
310,16.06,5
311,16.22,5
312,16.14,5
313,16.06,5
314,16.18,5
315,16.34,5
316,15.87,5
317,15.87,5
318,15.15,5
319,14.55,5
320,14.08,5
321,14.12,5
322,14.41,5
323,14.52,5
324,14.55,5
325,14.54,5
326,15.22,5
327,15.37,5
328,15.96,5
329,15.96,5
330,15.97,5
331,15.3,5
332,15.78,5
333,15.6,5
334,15.71,5
335,15.54,5
336,15.0,5
337,15.32,5
338,15.17,5
339,15.5,5
340,16.45,5
341,17.09,5
342,17.08,5
343,16.96,5
344,16.41,5
345,16.09,5
346,15.95,5
347,15.0,5
348,15.04,5
349,14.79,5
350,14.81,4
351,14.74,4
352,14.88,3
353,14.87,3
354,14.83,3
355,14.58,3
356,14.7,3
357,15.25,3
358,15.27,3
359,15.53,3
360,15.16,3
361,15.05,3
362,15.02,3
363,14.92,3
364,14.58,3
365,14.51,3
366,14.42,3
367,14.24,3
368,14.9,3
369,15.14,3
370,15.67,3
371,16.34,3
372,16.12,3
373,15.66,3
374,15.05,3
375,14.9,3
376,15.22,3
377,15.59,3
378,15.01,3
379,14.19,3
380,13.86,3
381,13.64,2
382,13.82,2
383,13.64,2
384,13.7,2
385,14.34,2
386,14.34,2
387,14.48,2
388,14.78,2
389,15.19,2
390,14.48,2
391,13.93,2
392,14.28,2
393,13.91,2
394,14.61,2
395,15.02,2
396,14.98,2
397,14.27,2
398,14.73,2
399,14.74,2
400,13.63,2
401,14.16,2
402,13.91,2
403,13.22,2
404,13.46,2
405,13.94,2
406,13.84,2
407,13.91,2
408,14.16,2
409,14.34,2
410,14.13,2
411,13.95,2
412,14.16,2
413,14.43,2
414,14.61,2
415,13.93,2
416,13.41,2
417,12.65,2
418,12.52,2
419,12.71,2
420,13.65,2
421,14.13,2
422,14.05,2
423,13.78,2
424,13.85,2
425,13.43,2
426,12.78,2
427,12.28,2
428,13.08,2
429,13.55,2
430,14.79,2
431,14.47,2
432,15.09,2
433,14.72,2
434,14.37,2
435,14.14,2
436,14.13,2
437,14.2,2
438,14.84,2
439,14.22,2
440,14.25,2
441,13.43,2
442,12.39,2
443,13.57,2
444,13.82,2
445,14.35,2
446,13.93,2
447,13.51,2
448,13.94,2
449,13.83,2
450,13.88,2
451,14.22,2
452,13.52,2
453,13.22,2
454,13.26,2
455,13.73,2
456,14.11,2
457,14.12,2
458,14.04,2
459,14.65,2
460,15.56,2
461,14.46,2
462,14.6,2
463,14.92,2
464,15.69,2
465,14.47,2
466,14.22,2
467,13.03,2
468,12.42,2
469,12.9,2
470,12.58,2
471,12.78,2
472,12.54,2
473,12.01,2
474,12.2,2
475,11.64,2
476,12.32,2
477,12.45,2
478,12.02,2
479,11.93,2
480,11.95,2
481,12.69,2
482,12.98,2
483,12.82,2
484,12.92,2
485,12.42,2
486,12.23,2
487,12.22,2
488,12.24,2
489,11.99,2
490,11.4,2
491,11.42,2
492,12.17,2
493,12.52,2
494,13.88,2
495,13.86,2
496,14.91,2
497,15.75,2
498,15.61,2
499,15.22,2
500,16.11,2
501,16.07,2
502,16.21,2
503,16.47,2
504,16.38,2
505,15.72,2
506,16.08,2
507,15.62,2
508,14.85,2
509,14.41,2
510,14.7,2
511,14.44,2
512,14.54,2
513,14.52,2
514,14.35,2
515,14.27,2
516,14.75,2
517,15.55,2
518,15.07,2
519,15.15,2
520,15.14,2
521,14.59,2
522,14.27,2
523,13.65,2
524,12.99,2
525,13.6,2
526,13.28,2
527,14.14,2
528,14.22,2
529,13.67,2
530,13.11,2
531,13.2,2
532,12.6,2
533,13.37,2
534,14.14,2
535,14.18,2
536,14.27,2
537,13.97,2
538,14.14,2
539,14.44,2
540,13.92,2
541,14.8,2
542,14.68,2
543,14.66,2
544,14.34,2
545,14.49,2
546,14.0,2
547,15.03,2
548,15.05,2
549,15.24,2
550,15.56,2
551,15.08,2
552,14.68,2
553,14.86,2
554,14.17,2
555,14.68,2
556,14.34,2
557,14.02,2
558,14.88,2
559,15.18,2
560,14.83,2
561,14.05,2
562,14.12,2
563,13.66,2
564,13.82,2
565,13.42,2
566,13.07,2
567,12.58,2
568,13.1,2
569,13.52,2
570,13.48,2
571,13.52,2
572,14.34,2
573,14.31,2
574,14.19,2
575,14.42,2
576,14.33,2
577,14.61,2
578,15.36,2
579,14.35,2
580,14.5,2
581,14.19,2
582,13.29,2
583,12.84,2
584,13.18,2
585,12.52,2
586,12.33,2
587,13.1,2
588,13.48,2
589,13.6,2
590,14.33,2
591,15.08,2
592,14.54,2
593,14.14,2
594,14.2,2
595,14.41,2
596,14.96,2
597,14.46,2
598,14.3,2
599,13.62,2
600,13.65,2
601,13.96,2
602,13.99,2
603,14.0,2
604,14.07,2
605,14.4,2
606,14.86,2
607,14.67,2
608,14.58,2
609,13.96,2
610,14.06,2
611,14.89,2
612,14.94,2
613,15.86,2
614,16.4,2
615,15.96,2
616,14.8,2
617,13.87,2
618,14.14,2
619,13.81,2
620,13.71,2
621,13.28,2
622,12.96,2
623,13.07,2
624,12.91,2
625,13.5,2
626,12.81,2
627,13.36,2
628,13.51,2
629,13.83,2
630,13.94,2
631,14.09,2
632,15.09,2
633,15.59,2
634,15.28,2
635,15.36,2
636,14.6,2
637,14.1,2
638,14.38,2
639,14.07,2
640,15.15,2
641,14.68,2
642,14.7,2
643,14.9,2
644,14.78,2
645,13.84,2
646,13.35,2
647,12.88,2
648,13.79,2
649,13.87,2
650,14.21,2
651,14.49,2
652,14.62,2
653,15.67,2
654,14.95,2
655,14.21,2
656,15.19,2
657,15.18,2
658,15.58,2
659,15.71,2
660,16.43,2
661,16.52,2
662,15.83,2
663,15.07,2
664,15.21,2
665,14.62,2
666,14.47,2
667,14.35,1
668,13.88,1
669,14.03,1
670,14.22,1
671,14.03,1
672,14.4,1
673,15.08,1
674,14.86,1
675,14.53,1
676,14.54,1
677,14.57,1
678,13.68,1
679,13.18,1
680,13.5,1
681,13.71,1
682,13.46,1
683,14.41,1
684,14.5,1
685,14.39,1
686,14.43,1
687,13.96,1
688,13.34,1
689,13.03,1
690,13.1,1
691,12.74,1
692,12.45,1
693,12.49,1
694,12.73,1
695,13.37,1
696,12.85,1
697,13.01,1
698,12.97,1
699,13.65,1
700,13.92,1
701,13.68,1
702,13.84,1
703,13.78,1
704,13.24,1
705,13.8,1
706,13.82,1
707,13.66,1
708,13.54,1
709,13.55,1
710,13.92,1
711,13.69,1
712,13.85,1
713,14.14,1
714,14.43,1
715,13.96,1
716,14.15,1
717,13.81,1
718,14.23,1
719,13.97,1
720,15.0,1
721,14.94,1
722,14.32,1
723,14.99,1
724,15.22,1
725,16.04,1
726,15.95,1
727,15.43,1
728,14.73,1
729,14.37,1
730,14.4,1
731,14.77,1
732,15.13,1
733,15.27,1
734,15.06,1
735,15.04,1
736,13.82,1
737,13.67,1
738,13.55,1
739,12.57,1
740,12.2,1
741,12.85,1
742,13.79,1
743,13.55,1
744,13.47,1
745,12.68,1
746,13.18,1
747,13.4,1
748,13.4,1
749,12.83,1
750,13.59,1
751,13.03,1
752,13.52,1
753,13.57,1
754,13.66,1
755,13.01,1
756,13.04,1
757,12.27,1
758,12.25,1
759,12.34,1
760,12.47,1
761,12.44,1
762,12.41,1
763,13.06,1
764,13.1,1
765,12.73,1
766,12.16,1
767,11.92,1
768,12.8,1
769,12.63,1
770,12.56,1
771,13.2,1
772,13.41,1
773,13.72,1
774,13.82,1
775,14.12,1
776,14.06,1
777,14.61,1
778,14.97,1
779,15.65,1
780,15.16,1
781,13.97,1
782,14.33,1
783,14.9,1
784,14.28,1
785,14.06,1
786,13.67,1
787,13.79,1
788,13.7,1
789,13.16,1
790,13.05,1
791,12.62,1
792,12.15,1
793,11.59,1
794,11.63,1
795,11.45,1
796,11.92,1
797,12.11,1
798,11.58,1
799,12.25,1
800,12.53,1
801,11.58,1
802,12.04,1
803,12.47,1
804,12.52,1
805,12.75,1
806,12.26,1
807,12.27,1
808,12.41,1
809,11.96,1
810,12.54,1
811,13.07,1
812,13.44,1
813,13.99,1
814,14.18,1
815,13.78,1
816,13.75,1
817,12.95,1
818,12.57,1
819,13.06,1
820,13.24,1
821,13.42,1
822,12.93,1
823,13.23,1
824,13.14,1
825,13.65,1
826,13.44,1
827,12.88,1
828,12.65,1
829,12.39,1
830,12.3,1
831,12.46,1
832,12.39,1
833,12.34,1
834,12.24,1
835,13.15,1
836,13.38,1
837,12.85,1
838,12.56,1
839,13.23,1
840,12.78,1
841,12.96,1
842,13.42,1
843,13.04,1
844,12.76,1
845,12.29,1
846,12.32,1
847,13.22,1
848,12.76,1
849,13.03,1
850,13.05,1
851,12.48,1
852,12.6,1
853,12.07,1
854,12.02,1
855,12.0,1
856,12.29,1
857,12.28,1
858,11.53,1
859,11.25,1
860,11.63,1
861,11.64,1
862,11.83,1
863,11.86,1
864,11.76,1
865,10.96,1
866,11.13,1
867,11.62,1
868,11.91,1
869,12.06,1
870,12.33,1
871,12.94,1
872,12.8,1
873,13.01,1
874,12.85,1
875,12.81,1
876,12.49,1
877,13.05,1
878,12.86,1
879,12.69,1
880,12.57,1
881,12.92,1
882,12.78,1
883,12.9,1
884,12.67,1
885,12.62,1
886,12.39,1
887,12.66,1
888,12.31,1
889,12.55,1
890,12.51,1
891,11.85,1
892,11.46,1
893,11.02,1
894,11.27,1
895,11.81,1
896,11.21,1
897,10.93,1
898,11.43,1
899,11.22,1
900,11.63,1
901,11.96,1
902,12.0,1
903,11.94,1
904,11.41,1
905,11.63,1
906,11.21,1
907,11.23,1
908,11.81,1
909,12.09,1
910,11.82,1
911,12.09,1
912,12.56,1
913,12.77,1
914,13.78,1
915,14.07,1
916,13.91,1
917,14.0,1
918,13.22,1
919,13.1,1
920,12.75,1
921,12.95,1
922,12.1,1
923,11.7,1
924,11.68,1
925,11.91,1
926,11.95,1
927,12.55,1
928,12.76,1
929,12.27,1
930,12.39,1
931,12.01,1
932,12.09,1
933,12.25,1
934,12.17,1
935,11.93,1
936,12.52,1
937,12.06,1
938,11.7,1
939,11.63,1
940,11.46,1
941,12.33,1
942,12.01,1
943,11.61,1
944,10.63,1
945,11.15,1
946,11.15,1
947,10.84,1
948,11.1,1
949,11.33,1
950,11.65,1
951,12.0,1
952,12.0,1
953,12.59,1
954,13.01,1
955,13.01,1
956,12.86,1
957,12.48,1
958,12.88,1
959,13.01,1
960,13.34,1
961,12.85,1
962,12.91,1
963,13.37,1
964,13.15,1
965,12.29,1
966,12.23,1
967,12.11,1
968,12.48,1
969,12.67,1
970,13.02,1
971,12.8,1
972,13.08,1
973,12.5,1
974,12.45,1
975,13.24,1
976,12.97,1
977,13.38,1
978,12.93,1
979,12.43,1
980,11.99,1
981,12.14,1
982,12.64,1
983,12.65,1
984,12.07,1
985,12.34,1
986,12.11,1
987,12.11,1
988,12.46,1
989,13.4,1
990,13.44,1
991,12.8,1
992,12.97,1
993,13.03,1
994,12.2,1
995,12.03,1
996,12.3,1
997,11.89,1
998,11.76,1
999,11.42,1
