Figure: large_2
File Number: 30
Nodes: 300
Edges: 22327
Max Generations: 1000
Population Size: 100
Mutation Rate: 0.01
Colors Used: 183
Runtime: 6.11

Generation,Average Fitness,Best Fitness
0,122.58,93
1,116.74,93
2,113.02,91
3,110.86,83
4,109.79,83
5,107.52,83
6,105.98,83
7,106.83,83
8,106.1,83
9,103.92,83
10,102.85,81
11,101.1,81
12,100.56,81
13,100.31,81
14,100.27,81
15,98.36,81
16,96.28,81
17,94.68,78
18,92.96,78
19,91.15,74
20,90.19,74
21,87.68,74
22,85.5,74
23,83.17,67
24,82.05,67
25,80.76,63
26,77.99,62
27,76.7,61
28,74.92,61
29,72.94,59
30,70.9,57
31,68.23,57
32,65.6,57
33,63.93,57
34,62.69,54
35,62.5,52
36,62.23,52
37,61.79,52
38,61.31,52
39,60.82,52
40,60.43,47
41,59.42,47
42,58.38,47
43,57.62,47
44,56.47,47
45,55.74,44
46,55.63,42
47,54.03,42
48,52.86,40
49,51.36,39
50,49.93,39
51,49.62,39
52,48.58,37
53,47.53,37
54,46.36,37
55,46.17,35
56,46.05,35
57,45.31,35
58,45.12,35
59,44.64,35
60,43.84,35
61,44.09,35
62,43.83,35
63,43.56,35
64,44.27,35
65,43.7,35
66,42.97,35
67,42.5,35
68,42.26,34
69,41.99,34
70,42.53,33
71,42.53,33
72,42.99,33
73,42.21,29
74,41.53,28
75,40.92,27
76,40.13,27
77,39.0,27
78,38.22,27
79,37.92,27
80,37.56,27
81,36.98,27
82,36.5,26
83,35.56,26
84,34.92,26
85,34.52,26
86,34.54,26
87,34.37,26
88,33.56,24
89,33.98,24
90,33.25,22
91,32.16,22
92,32.17,22
93,32.0,22
94,31.7,22
95,31.53,22
96,30.52,22
97,30.62,22
98,29.73,22
99,29.84,22
100,30.07,22
101,29.46,22
102,29.25,21
103,29.2,21
104,28.94,21
105,29.01,21
106,29.41,21
107,29.22,21
108,29.61,21
109,29.83,21
110,29.79,21
111,29.63,21
112,29.21,20
113,29.42,20
114,29.26,20
115,29.35,19
116,29.03,19
117,29.54,19
118,30.05,18
119,29.3,18
120,29.94,18
121,30.34,18
122,30.03,18
123,30.2,18
124,30.11,18
125,29.98,18
126,29.65,18
127,29.76,18
128,29.2,18
129,28.76,18
130,28.2,17
131,27.54,17
132,27.32,17
133,26.9,17
134,26.32,17
135,26.19,17
136,26.4,17
137,26.51,17
138,25.66,17
139,25.16,15
140,24.55,15
141,24.46,15
142,25.03,15
143,25.41,15
144,25.44,15
145,25.1,15
146,24.72,15
147,24.71,15
148,24.69,15
149,24.05,14
150,24.33,14
151,24.02,14
152,23.63,14
153,23.12,14
154,23.26,14
155,23.47,14
156,24.54,14
157,24.39,14
158,24.79,14
159,24.63,14
160,25.1,14
161,25.05,14
162,24.94,14
163,24.73,14
164,25.12,14
165,25.09,14
166,25.58,14
167,24.49,14
168,24.43,14
169,24.73,14
170,24.66,14
171,24.01,14
172,23.69,14
173,23.29,14
174,23.76,14
175,24.26,14
176,23.98,13
177,23.83,13
178,22.76,13
179,22.39,12
180,23.0,12
181,22.34,12
182,22.86,12
183,22.16,11
184,22.12,11
185,22.32,11
186,22.63,11
187,22.54,11
188,22.94,11
189,23.02,11
190,23.49,11
191,22.84,11
192,22.64,11
193,22.22,11
194,22.75,11
195,23.05,11
196,23.41,11
197,23.65,11
198,24.34,11
199,24.21,11
200,23.58,11
201,24.16,11
202,24.42,11
203,24.16,10
204,23.61,10
205,22.55,10
206,22.43,10
207,21.42,10
208,21.41,10
209,21.32,10
210,20.89,10
211,21.25,10
212,21.07,10
213,20.49,10
214,19.93,10
215,18.95,10
216,18.72,10
217,18.88,10
218,19.35,10
219,19.87,10
220,20.37,9
221,20.63,9
222,19.42,9
223,19.52,9
224,19.28,8
225,20.38,8
226,20.86,8
227,20.35,8
228,20.46,8
229,20.72,8
230,20.37,8
231,20.18,8
232,20.63,8
233,20.63,8
234,20.1,8
235,20.39,8
236,20.23,8
237,20.23,8
238,19.52,8
239,19.46,7
240,19.9,7
241,19.41,7
242,18.71,7
243,18.14,7
244,17.35,7
245,16.76,7
246,16.58,7
247,16.17,7
248,16.65,7
249,16.88,7
250,16.55,7
251,15.68,7
252,15.61,7
253,15.62,7
254,15.15,7
255,15.14,7
256,15.49,7
257,15.67,6
258,15.45,6
259,15.92,6
260,15.51,6
261,15.41,6
262,15.42,6
263,15.05,6
264,15.41,6
265,15.23,5
266,15.06,5
267,15.08,5
268,15.79,5
269,15.87,5
270,15.91,5
271,16.14,5
272,15.85,5
273,15.65,5
274,16.67,5
275,15.93,5
276,16.19,5
277,15.75,5
278,15.56,5
279,15.89,5
280,15.22,5
281,15.75,5
282,15.29,5
283,14.7,5
284,14.61,5
285,14.06,5
286,13.86,5
287,14.41,5
288,14.61,5
289,14.39,5
290,15.0,5
291,15.24,5
292,14.82,5
293,15.11,5
294,14.89,5
295,15.62,5
296,15.54,5
297,15.8,5
298,15.74,5
299,16.92,5
300,17.61,5
301,17.72,5
302,17.83,5
303,17.14,5
304,16.66,5
305,16.81,5
306,17.54,5
307,18.05,5
308,17.45,5
309,18.22,5
310,18.99,5
311,18.63,5
312,18.29,5
313,18.11,5
314,17.33,5
315,16.79,5
316,15.74,5
317,15.1,5
318,16.07,5
319,15.62,5
320,15.5,5
321,15.38,5
322,15.52,5
323,15.15,5
324,15.48,5
325,15.22,5
326,15.27,5
327,14.56,5
328,14.9,5
329,14.81,5
330,15.05,5
331,15.57,5
332,15.1,5
333,14.84,5
334,15.16,5
335,15.52,5
336,15.62,5
337,16.33,5
338,15.68,5
339,15.24,5
340,14.3,5
341,14.53,5
342,14.87,5
343,15.9,5
344,15.81,5
345,16.35,5
346,16.46,5
347,16.14,5
348,15.64,5
349,15.21,5
350,14.43,5
351,14.67,5
352,15.0,5
353,15.51,5
354,15.76,5
355,16.15,5
356,16.1,5
357,16.05,5
358,15.8,5
359,15.65,5
360,16.2,5
361,16.78,5
362,16.9,5
363,17.04,5
364,16.32,5
365,15.85,5
366,16.33,5
367,15.94,5
368,15.61,5
369,15.69,5
370,15.87,5
371,15.15,5
372,14.7,4
373,14.8,4
374,14.24,4
375,14.92,4
376,15.11,4
377,15.4,4
378,15.23,4
379,15.01,4
380,14.8,4
381,14.8,4
382,14.85,4
383,15.3,4
384,15.69,4
385,16.2,4
386,15.83,4
387,15.87,4
388,15.81,4
389,15.92,4
390,15.69,4
391,15.96,4
392,16.12,4
393,16.69,4
394,16.32,4
395,16.48,4
396,16.14,4
397,15.82,4
398,14.85,4
399,14.01,4
400,14.31,4
401,14.28,4
402,14.33,4
403,13.92,4
404,14.29,4
405,13.98,4
406,13.84,4
407,14.29,4
408,14.93,4
409,15.24,4
410,14.83,4
411,14.32,4
412,14.27,4
413,14.79,4
414,14.53,4
415,14.5,4
416,14.62,4
417,14.07,4
418,14.46,4
419,14.78,4
420,14.54,4
421,14.02,4
422,14.46,4
423,15.06,4
424,15.27,4
425,15.35,4
426,14.76,4
427,14.63,4
428,14.88,4
429,14.71,4
430,14.78,4
431,15.32,4
432,15.41,4
433,15.18,4
434,15.63,4
435,15.41,4
436,15.07,4
437,15.2,4
438,15.53,4
439,16.09,4
440,16.79,4
441,17.48,4
442,17.12,4
443,16.86,4
444,15.76,4
445,14.77,4
446,14.6,4
447,14.35,4
448,14.09,4
449,13.02,4
450,13.47,4
451,13.69,4
452,13.66,4
453,13.44,4
454,13.31,4
455,13.5,4
456,13.6,4
457,14.0,4
458,13.77,3
459,12.75,3
460,12.41,3
461,12.08,3
462,12.53,3
463,12.74,3
464,12.71,3
465,12.59,3
466,12.85,3
467,13.24,3
468,12.74,3
469,12.65,3
470,12.22,3
471,11.88,3
472,11.77,3
473,12.09,3
474,11.99,3
475,12.22,3
476,12.04,3
477,11.97,3
478,11.87,3
479,12.18,3
480,12.69,3
481,12.8,3
482,12.61,3
483,13.5,3
484,12.87,3
485,12.39,3
486,13.23,3
487,13.34,3
488,13.0,3
489,12.87,3
490,12.72,3
491,13.28,3
492,13.49,3
493,13.77,2
494,13.16,2
495,13.76,2
496,13.71,2
497,13.66,2
498,13.57,2
499,13.1,2
500,13.06,2
501,13.18,2
502,13.17,2
503,12.48,2
504,11.85,2
505,10.94,2
506,11.15,2
507,11.58,2
508,11.82,2
509,11.65,2
510,10.72,2
511,10.94,2
512,11.49,2
513,11.91,2
514,12.43,2
515,13.24,2
516,13.83,2
517,14.23,2
518,14.08,2
519,14.59,2
520,15.03,2
521,14.97,2
522,14.36,2
523,14.34,2
524,13.88,2
525,13.39,2
526,12.59,2
527,12.23,2
528,11.63,2
529,11.57,2
530,11.78,2
531,12.68,2
532,13.34,2
533,13.69,2
534,13.22,2
535,13.28,2
536,13.23,2
537,13.32,2
538,13.78,2
539,13.59,2
540,13.39,2
541,13.84,2
542,13.54,2
543,14.01,2
544,13.14,2
545,13.17,2
546,13.09,2
547,12.67,2
548,12.59,2
549,12.57,2
550,12.29,2
551,12.55,2
552,12.5,2
553,12.52,2
554,12.68,2
555,12.69,2
556,12.36,2
557,11.34,2
558,11.04,2
559,10.57,2
560,10.8,2
561,11.32,1
562,11.34,1
563,11.18,1
564,11.87,1
565,12.24,1
566,12.93,1
567,12.91,1
568,13.41,1
569,13.68,1
570,13.74,1
571,13.25,1
572,13.13,1
573,12.86,1
574,11.85,1
575,11.23,1
576,11.35,1
577,11.3,1
578,11.85,1
579,11.81,1
580,12.14,1
581,12.18,1
582,12.37,1
583,12.61,1
584,12.24,1
585,12.51,1
586,12.99,1
587,12.29,1
588,12.01,1
589,11.95,1
590,11.78,1
591,11.58,1
592,12.3,1
593,11.64,1
594,12.22,1
595,12.53,1
596,12.44,1
597,11.99,1
598,11.57,1
599,10.83,1
600,10.33,1
601,11.12,1
602,11.15,1
603,11.31,1
604,11.38,1
605,10.72,1
606,10.4,1
607,11.04,1
608,10.57,1
609,10.74,1
610,11.2,1
611,11.31,1
612,11.75,1
613,12.41,1
614,12.04,1
615,11.44,1
616,10.94,1
617,10.48,1
618,10.83,1
619,10.92,1
620,11.04,1
621,11.19,1
622,11.22,1
623,11.09,1
624,11.55,1
625,11.56,1
626,12.19,1
627,12.57,1
628,12.41,1
629,12.53,1
630,13.08,1
631,13.55,1
632,13.73,1
633,13.29,1
634,13.61,1
635,13.68,1
636,13.8,1
637,14.14,1
638,13.67,1
639,12.74,1
640,12.09,1
641,11.14,1
642,11.15,1
643,11.1,1
644,11.34,1
645,11.57,1
646,12.11,1
647,12.29,1
648,12.17,1
649,13.09,1
650,13.04,1
651,13.23,1
652,13.75,1
653,13.49,1
654,13.03,1
655,12.05,1
656,11.91,1
657,11.58,1
658,11.55,1
659,11.27,1
660,11.61,1
661,12.25,1
662,12.39,1
663,13.03,1
664,13.43,1
665,13.25,1
666,12.61,1
667,12.67,1
668,12.68,1
669,13.46,1
670,14.17,1
671,14.21,1
672,13.99,1
673,13.71,1
674,13.25,1
675,12.77,1
676,12.48,1
677,12.26,1
678,11.87,1
679,12.15,1
680,12.09,1
681,11.86,1
682,12.12,1
683,11.52,1
684,11.71,1
685,11.32,1
686,11.9,1
687,12.12,1
688,12.12,1
689,12.43,1
690,12.89,1
691,12.77,1
692,12.89,1
693,13.56,1
694,13.42,1
695,12.46,1
696,13.0,1
697,12.56,1
698,12.98,1
699,13.8,1
700,14.64,1
701,14.74,1
702,15.16,1
703,15.59,1
704,14.93,1
705,14.61,1
706,15.17,1
707,15.19,1
708,15.17,1
709,14.58,1
710,14.38,1
711,14.23,1
712,14.29,1
713,14.55,1
714,13.91,1
715,13.71,1
716,13.39,1
717,13.56,1
718,12.78,1
719,12.62,1
720,13.11,1
721,12.96,1
722,13.74,1
723,13.39,1
724,13.13,1
725,12.85,1
726,13.06,1
727,13.07,1
728,13.26,1
729,12.83,1
730,13.33,1
731,13.04,1
732,12.98,1
733,12.79,1
734,13.01,1
735,12.34,1
736,12.29,1
737,12.18,1
738,11.36,1
739,11.65,1
740,12.16,1
741,11.61,1
742,10.96,1
743,11.25,1
744,11.54,1
745,11.32,1
746,11.77,1
747,12.34,1
748,11.93,1
749,12.0,1
750,11.65,1
751,11.5,1
752,12.16,1
753,12.38,1
754,12.83,1
755,13.4,1
756,13.21,1
757,13.16,1
758,13.49,1
759,13.73,1
760,13.94,1
761,13.97,1
762,14.21,1
763,13.64,1
764,14.11,1
765,14.14,1
766,14.42,1
767,13.85,1
768,13.26,1
769,13.65,1
770,13.75,1
771,14.08,1
772,14.01,1
773,13.28,1
774,13.28,1
775,13.43,1
776,13.3,1
777,13.47,1
778,13.44,1
779,13.71,1
780,13.14,1
781,13.78,1
782,13.66,1
783,14.15,1
784,13.77,1
785,14.11,1
786,13.71,1
787,13.53,1
788,14.08,1
789,13.84,1
790,13.83,1
791,13.08,1
792,12.47,1
793,12.13,1
794,12.37,1
795,12.27,1
796,12.26,1
797,11.6,1
798,11.28,1
799,11.27,1
800,10.7,1
801,10.7,1
802,11.02,1
803,10.17,1
804,10.64,1
805,10.89,1
806,10.92,1
807,11.27,1
808,11.67,1
809,12.27,1
810,11.82,1
811,11.92,1
812,11.28,1
813,11.46,1
814,11.67,1
815,11.16,1
816,12.04,1
817,12.37,1
818,12.21,1
819,12.35,1
820,11.82,1
821,12.59,1
822,12.54,1
823,13.08,1
824,13.0,1
825,12.95,1
826,13.2,1
827,13.65,1
828,13.76,1
829,13.26,1
830,12.75,1
831,12.44,1
832,12.23,1
833,11.82,1
834,12.51,1
835,12.54,1
836,13.31,1
837,13.57,1
838,13.43,1
839,13.62,1
840,12.71,1
841,12.76,1
842,13.12,1
843,12.77,1
844,12.63,1
845,11.75,1
846,11.56,1
847,11.84,1
848,12.29,1
849,12.72,1
850,12.01,1
851,11.95,1
852,11.42,1
853,11.66,1
854,11.7,1
855,11.59,1
856,11.24,1
857,11.49,1
858,10.97,1
859,11.3,1
860,11.24,1
861,11.2,1
862,11.45,1
863,11.75,1
864,11.66,1
865,11.83,1
866,11.23,1
867,11.45,1
868,11.78,1
869,11.73,1
870,11.71,1
871,11.79,1
872,11.81,1
873,11.78,1
874,11.93,1
875,11.89,1
876,11.77,1
877,11.66,1
878,11.45,1
879,11.67,1
880,12.05,1
881,12.25,1
882,12.8,1
883,12.91,1
884,11.8,1
885,12.18,1
886,12.22,1
887,11.83,1
888,12.86,1
889,13.12,1
890,13.05,1
891,13.23,1
892,13.7,1
893,12.9,1
894,12.99,1
895,12.47,1
896,12.3,1
897,12.22,1
898,11.83,1
899,11.54,1
900,10.94,1
901,11.08,1
902,11.2,1
903,11.55,1
904,11.72,1
905,12.57,1
906,12.58,1
907,13.35,1
908,13.82,1
909,13.63,1
910,13.02,1
911,13.22,1
912,13.35,1
913,13.14,1
914,12.44,1
915,12.32,1
916,12.34,1
917,12.07,1
918,11.27,1
919,11.73,1
920,12.2,1
921,11.89,1
922,12.09,1
923,11.77,1
924,12.13,1
925,12.08,1
926,11.27,1
927,12.34,1
928,12.65,1
929,12.33,1
930,12.58,1
931,11.88,1
932,12.09,1
933,11.68,1
934,11.89,1
935,11.1,1
936,10.67,1
937,10.45,1
938,10.93,1
939,11.61,1
940,12.28,1
941,12.62,1
942,11.94,1
943,12.01,1
944,12.03,1
945,11.6,1
946,11.68,1
947,11.04,1
948,11.03,1
949,10.5,1
950,10.55,1
951,10.44,1
952,10.92,1
953,10.43,1
954,11.02,1
955,11.12,1
956,11.05,1
957,11.0,1
958,11.6,1
959,11.04,1
960,11.29,1
961,12.21,1
962,12.12,1
963,13.05,1
964,13.03,1
965,12.61,1
966,12.96,1
967,12.83,1
968,12.82,1
969,12.74,1
970,12.52,1
971,11.97,1
972,11.23,1
973,12.23,1
974,12.24,1
975,12.28,1
976,12.44,1
977,12.66,1
978,13.8,1
979,13.89,1
980,14.04,1
981,14.2,1
982,14.33,1
983,14.35,1
984,13.91,1
985,13.93,1
986,13.41,1
987,12.82,1
988,12.63,1
989,12.75,1
990,12.07,1
991,11.84,1
992,11.82,1
993,12.03,1
994,12.22,1
995,12.27,1
996,12.15,1
997,12.4,1
998,12.24,1
999,12.38,1
