Figure: large_5
File Number: 14
Nodes: 300
Edges: 22543
Max Generations: 1000
Population Size: 100
Mutation Rate: 0.01
Colors Used: 217
Runtime: 1.03

Generation,Average Fitness,Best Fitness
0,104.78,86
1,100.11,75
2,98.21,75
3,95.86,73
4,92.36,72
5,89.32,69
6,87.65,69
7,87.18,69
8,85.19,69
9,84.38,69
10,83.07,67
11,84.03,67
12,82.68,67
13,80.76,67
14,81.26,66
15,79.95,66
16,77.6,66
17,77.53,66
18,75.2,62
19,73.96,61
20,71.81,56
21,70.06,55
22,69.03,48
23,66.56,48
24,64.65,48
25,61.94,45
26,59.07,45
27,56.16,45
28,54.02,39
29,52.22,39
30,50.07,39
31,48.97,39
32,47.99,39
33,46.82,38
34,45.67,37
35,44.37,36
36,43.46,34
37,42.02,33
38,42.02,32
39,40.78,32
40,40.55,31
41,39.66,28
42,37.54,28
43,37.73,27
44,37.42,27
45,36.71,27
46,36.32,27
47,35.99,27
48,35.24,26
49,34.84,26
50,34.96,26
51,35.19,26
52,34.03,26
53,33.53,26
54,33.38,26
55,33.42,26
56,33.65,26
57,33.33,24
58,32.87,24
59,32.88,24
60,32.31,23
61,31.82,23
62,31.9,23
63,31.47,23
64,31.3,22
65,31.28,22
66,30.68,19
67,29.87,19
68,29.72,19
69,28.83,19
70,28.54,19
71,28.49,19
72,28.14,17
73,27.75,16
74,28.05,16
75,27.6,16
76,26.71,16
77,27.04,14
78,26.59,14
79,25.76,14
80,24.49,13
81,23.47,12
82,22.1,12
83,21.6,12
84,21.16,12
85,20.87,12
86,20.68,12
87,20.15,12
88,20.13,12
89,20.42,12
90,19.93,12
91,19.97,12
92,19.72,12
93,19.94,12
94,19.67,12
95,19.93,12
96,20.02,12
97,20.05,12
98,20.07,10
99,19.99,10
100,19.67,8
101,19.08,8
102,18.69,8
103,18.5,8
104,18.3,8
105,17.76,8
106,17.4,8
107,16.85,8
108,16.61,8
109,15.82,8
110,16.4,8
111,16.26,8
112,16.61,8
113,16.7,8
114,16.76,8
115,16.75,8
116,16.64,8
117,16.5,8
118,16.14,8
119,15.96,7
120,15.87,7
121,16.24,7
122,16.61,7
123,16.73,7
124,17.02,7
125,16.86,7
126,17.51,7
127,16.56,7
128,16.02,7
129,15.96,7
130,15.92,7
131,15.96,7
132,16.14,7
133,15.59,7
134,15.5,7
135,15.25,7
136,15.06,7
137,15.56,7
138,15.89,7
139,15.82,7
140,15.07,7
141,14.09,7
142,14.7,7
143,13.86,7
144,13.76,7
145,14.1,7
146,15.34,7
147,15.49,7
148,16.09,7
149,16.36,7
150,16.1,7
151,16.65,7
152,16.09,7
153,16.04,7
154,16.35,7
155,16.22,7
156,15.58,7
157,15.64,7
158,15.13,7
159,15.07,7
160,15.34,7
161,14.84,7
162,15.34,7
163,15.74,7
164,15.16,7
165,14.86,6
166,14.36,6
167,14.26,6
168,13.53,6
169,13.81,6
170,12.95,6
171,12.88,6
172,13.0,6
173,12.9,6
174,12.71,6
175,12.86,6
176,12.97,6
177,13.54,6
178,13.47,6
179,13.65,6
180,13.99,6
181,13.61,6
182,13.84,6
183,14.57,6
184,14.85,6
185,15.02,6
186,15.23,6
187,15.57,6
188,15.99,6
189,15.96,6
190,15.67,6
191,15.24,6
192,15.46,6
193,14.92,6
194,14.79,6
195,14.94,6
196,13.82,6
197,13.08,6
198,12.35,6
199,12.65,6
200,13.1,6
201,13.44,6
202,14.18,6
203,13.48,6
204,13.45,6
205,13.7,6
206,13.2,6
207,13.35,5
208,13.53,5
209,12.8,5
210,13.57,5
211,13.76,5
212,13.94,5
213,13.41,5
214,13.5,5
215,13.78,5
216,13.53,4
217,13.36,4
218,13.45,4
219,13.31,4
220,12.97,4
221,12.57,4
222,12.8,4
223,13.39,4
224,13.65,4
225,13.24,4
226,13.56,4
227,13.95,3
228,14.06,3
229,14.12,3
230,14.24,3
231,14.38,3
232,13.99,3
233,13.48,3
234,12.74,3
235,12.91,3
236,13.55,3
237,13.77,3
238,13.69,3
239,13.64,3
240,12.9,3
241,12.59,3
242,12.78,3
243,12.88,3
244,12.01,3
245,11.72,3
246,12.03,3
247,12.01,3
248,11.01,3
249,11.27,3
250,10.92,3
251,11.11,3
252,11.41,3
253,11.01,3
254,11.26,3
255,11.2,3
256,9.95,3
257,10.03,3
258,10.22,3
259,10.34,3
260,10.72,3
261,10.84,3
262,10.57,3
263,10.7,3
264,10.46,3
265,10.01,3
266,9.61,3
267,10.03,2
268,9.98,2
269,9.87,2
270,9.72,2
271,9.59,2
272,9.85,2
273,10.21,2
274,10.35,2
275,10.79,2
276,10.83,2
277,10.5,2
278,10.44,2
279,10.39,2
280,10.93,2
281,11.25,2
282,10.93,2
283,11.26,2
284,10.74,2
285,10.22,2
286,10.38,2
287,10.9,2
288,10.51,2
289,10.01,2
290,10.37,2
291,10.27,2
292,10.19,2
293,11.05,2
294,11.74,2
295,11.0,2
296,10.9,2
297,10.96,2
298,10.95,2
299,10.67,2
300,10.82,2
301,10.42,2
302,10.6,2
303,10.49,2
304,9.8,2
305,10.0,2
306,9.97,1
307,9.94,1
308,9.6,1
309,8.57,1
310,8.53,1
311,9.11,1
312,9.43,1
313,9.82,1
314,9.39,1
315,9.9,1
316,9.59,1
317,9.86,1
318,9.46,1
319,9.67,1
320,10.34,1
321,10.26,1
322,10.07,1
323,10.41,1
324,10.51,1
325,10.73,1
326,11.08,1
327,10.51,1
328,9.96,1
329,9.54,1
330,10.08,1
331,10.03,1
332,10.71,1
333,10.97,1
334,10.93,1
335,10.97,1
336,11.09,1
337,10.81,1
338,9.99,1
339,10.06,1
340,9.63,1
341,9.14,1
342,9.0,1
343,9.62,1
344,9.98,1
345,9.28,1
346,9.31,1
347,9.41,1
348,9.13,1
349,9.36,1
350,9.56,1
351,9.58,1
352,9.25,1
353,9.31,1
354,9.64,1
355,10.08,1
356,9.71,1
357,9.89,1
358,9.32,1
359,9.87,1
360,10.48,1
361,10.98,1
362,10.87,1
363,10.6,1
364,10.02,1
365,9.09,1
366,9.5,1
367,9.55,1
368,9.39,1
369,9.42,1
370,9.9,1
371,10.19,1
372,10.58,1
373,10.72,1
374,10.91,1
375,10.89,1
376,11.14,1
377,11.59,1
378,11.11,1
379,10.78,1
380,10.72,1
381,10.68,1
382,10.3,1
383,10.14,1
384,9.88,1
385,10.15,1
386,10.57,1
387,10.33,1
388,10.29,1
389,10.57,1
390,10.57,1
391,11.48,1
392,11.37,1
393,11.57,1
394,10.96,1
395,11.73,1
396,11.86,1
397,11.52,1
398,11.39,1
399,11.18,1
400,11.0,1
401,10.71,1
402,10.84,1
403,10.02,1
404,10.63,1
405,10.53,1
406,10.58,1
407,11.31,1
408,11.09,1
409,10.86,1
410,10.11,1
411,10.45,1
412,10.53,1
413,10.56,1
414,10.26,1
415,10.53,1
416,10.83,1
417,10.43,1
418,10.74,1
419,10.93,1
420,11.11,1
421,11.27,1
422,11.71,1
423,11.66,1
424,11.41,1
425,12.07,1
426,11.67,1
427,11.07,1
428,10.87,1
429,10.67,1
430,11.01,1
431,11.37,1
432,11.72,1
433,11.71,1
434,11.73,1
435,11.61,1
436,11.88,1
437,11.67,1
438,11.67,1
439,10.4,1
440,10.12,1
441,9.86,1
442,10.01,1
443,9.57,1
444,9.59,1
445,8.94,1
446,8.56,1
447,8.31,1
448,7.73,1
449,8.16,1
450,8.55,1
451,8.85,1
452,8.68,1
453,9.51,1
454,9.89,1
455,10.12,1
456,10.46,1
457,10.43,1
458,10.43,1
459,10.43,1
460,10.39,1
461,10.3,1
462,9.87,1
463,9.86,1
464,9.53,1
465,9.07,1
466,9.21,1
467,9.12,1
468,9.06,1
469,8.9,1
470,8.95,1
471,8.58,1
472,8.33,1
473,7.99,1
474,8.19,1
475,9.15,1
476,10.05,1
477,10.07,1
478,10.07,1
479,10.16,1
480,10.12,1
481,9.64,1
482,9.42,1
483,9.59,1
484,9.73,1
485,9.84,1
486,10.01,1
487,10.57,1
488,10.23,1
489,10.66,1
490,10.39,1
491,10.18,1
492,9.76,1
493,9.0,1
494,8.65,1
495,8.94,1
496,8.98,1
497,9.19,1
498,9.21,1
499,8.93,1
500,9.13,1
501,9.21,1
502,9.06,1
503,8.36,1
504,9.09,1
505,9.41,1
506,9.12,1
507,8.56,1
508,8.4,1
509,9.03,1
510,9.16,1
511,9.86,1
512,10.52,1
513,10.54,1
514,10.91,1
515,11.07,1
516,11.51,1
517,11.35,1
518,11.18,1
519,11.25,1
520,11.14,1
521,11.27,1
522,11.26,1
523,11.48,1
524,11.26,1
525,10.86,1
526,10.82,1
527,9.66,1
528,9.48,1
529,9.79,1
530,9.7,1
531,10.49,1
532,11.09,1
533,11.82,1
534,11.47,1
535,11.2,1
536,11.14,1
537,11.43,1
538,11.83,1
539,11.16,1
540,11.09,1
541,11.02,1
542,10.66,1
543,10.44,1
544,10.51,1
545,11.25,1
546,10.35,1
547,10.23,1
548,10.16,1
549,10.56,1
550,10.27,1
551,10.73,1
552,10.26,1
553,10.23,1
554,10.17,1
555,9.95,1
556,9.38,1
557,9.4,1
558,9.47,1
559,9.91,1
560,9.67,1
561,9.89,1
562,9.99,1
563,10.71,1
564,11.05,1
565,11.72,1
566,12.53,1
567,12.72,1
568,12.48,1
569,12.35,1
570,12.96,1
571,12.06,1
572,12.17,1
573,11.56,1
574,11.36,1
575,10.71,1
576,10.26,1
577,9.26,1
578,8.85,1
579,9.15,1
580,9.5,1
581,9.33,1
582,9.03,1
583,9.19,1
584,9.24,1
585,9.21,1
586,9.37,1
587,9.63,1
588,9.34,1
589,9.55,1
590,10.09,1
591,10.16,1
592,10.15,1
593,10.65,1
594,10.67,1
595,10.69,1
596,11.06,1
597,10.52,1
598,10.92,1
599,10.96,1
600,10.76,1
601,10.5,1
602,10.75,1
603,11.16,1
604,10.85,1
605,11.28,1
606,10.8,1
607,11.14,1
608,10.81,1
609,10.33,1
610,10.23,1
611,10.33,1
612,10.4,1
613,10.53,1
614,10.66,1
615,9.87,1
616,10.04,1
617,9.76,1
618,10.28,1
619,10.27,1
620,10.57,1
621,10.55,1
622,11.29,1
623,11.07,1
624,11.12,1
625,10.64,1
626,10.71,1
627,11.64,1
628,11.63,1
629,11.04,1
630,11.27,1
631,11.2,1
632,11.38,1
633,11.07,1
634,10.74,1
635,10.55,1
636,10.72,1
637,10.44,1
638,10.61,1
639,10.16,1
640,9.58,1
641,9.6,1
642,10.02,1
643,10.17,1
644,11.01,1
645,9.99,1
646,10.86,1
647,10.65,1
648,10.55,1
649,10.46,1
650,10.24,1
651,10.65,1
652,10.78,1
653,10.78,1
654,10.89,1
655,11.48,1
656,11.66,1
657,11.46,1
658,10.69,1
659,10.22,1
660,10.56,1
661,10.79,1
662,10.94,1
663,10.29,1
664,9.2,1
665,9.46,1
666,8.73,1
667,9.46,1
668,10.18,1
669,9.94,1
670,9.69,1
671,9.51,1
672,9.62,1
673,10.11,1
674,9.45,1
675,9.17,1
676,8.65,1
677,8.98,1
678,9.63,1
679,9.89,1
680,9.91,1
681,10.36,1
682,10.01,1
683,10.12,1
684,9.51,1
685,9.38,1
686,8.85,1
687,9.39,1
688,9.28,1
689,9.35,1
690,9.87,1
691,10.18,1
692,10.83,1
693,10.92,1
694,10.98,1
695,10.38,1
696,11.16,1
697,10.6,1
698,10.79,1
699,10.62,1
700,9.87,1
701,8.88,1
702,9.05,1
703,8.85,1
704,9.01,1
705,9.41,1
706,9.54,1
707,9.71,1
708,9.24,1
709,9.59,1
710,9.57,1
711,9.58,1
712,9.59,1
713,9.0,1
714,9.26,1
715,9.25,1
716,8.7,1
717,8.11,1
718,8.11,1
719,8.11,1
720,8.61,1
721,8.96,1
722,9.57,1
723,9.96,1
724,10.48,1
725,10.54,1
726,10.31,1
727,10.86,1
728,10.66,1
729,9.97,1
730,9.66,1
731,10.12,1
732,10.15,1
733,10.48,1
734,10.21,1
735,10.69,1
736,11.72,1
737,11.41,1
738,10.92,1
739,10.68,1
740,10.86,1
741,10.57,1
742,10.91,1
743,11.52,1
744,11.82,1
745,11.86,1
746,11.74,1
747,11.08,1
748,10.39,1
749,9.91,1
750,9.9,1
751,10.09,1
752,9.73,1
753,10.12,1
754,10.65,1
755,10.65,1
756,10.76,1
757,10.41,1
758,10.41,1
759,10.39,1
760,10.47,1
761,9.72,1
762,9.98,1
763,9.67,1
764,9.3,1
765,8.98,1
766,9.43,1
767,9.57,1
768,9.95,1
769,10.45,1
770,10.54,1
771,9.89,1
772,9.56,1
773,10.05,1
774,9.6,1
775,9.25,1
776,9.46,1
777,9.9,1
778,10.82,1
779,10.52,1
780,10.23,1
781,10.11,1
782,10.2,1
783,9.54,1
784,9.73,1
785,9.88,1
786,10.01,1
787,9.99,1
788,10.86,1
789,11.39,1
790,11.64,1
791,10.96,1
792,11.18,1
793,11.2,1
794,11.54,1
795,11.16,1
796,10.65,1
797,10.33,1
798,10.4,1
799,10.05,1
800,10.11,1
801,10.19,1
802,9.86,1
803,10.15,1
804,9.93,1
805,9.99,1
806,9.29,1
807,9.48,1
808,9.19,1
809,9.18,1
810,9.3,1
811,9.68,1
812,9.74,1
813,10.2,1
814,10.55,1
815,10.41,1
816,10.6,1
817,11.07,1
818,11.09,1
819,10.17,1
820,10.48,1
821,10.14,1
822,10.08,1
823,10.33,1
824,10.12,1
825,10.8,1
826,11.29,1
827,10.51,1
828,10.33,1
829,9.91,1
830,9.43,1
831,9.43,1
832,8.81,1
833,9.17,1
834,9.06,1
835,8.85,1
836,9.18,1
837,9.67,1
838,9.77,1
839,10.05,1
840,10.75,1
841,10.61,1
842,9.87,1
843,9.81,1
844,9.69,1
845,9.53,1
846,9.93,1
847,10.31,1
848,10.34,1
849,10.39,1
850,11.32,1
851,10.29,1
852,10.57,1
853,10.46,1
854,10.24,1
855,10.47,1
856,10.28,1
857,10.25,1
858,9.02,1
859,9.18,1
860,8.84,1
861,9.55,1
862,9.25,1
863,9.4,1
864,9.65,1
865,9.92,1
866,10.43,1
867,10.66,1
868,10.65,1
869,11.05,1
870,11.22,1
871,10.75,1
872,10.72,1
873,10.05,1
874,9.7,1
875,9.6,1
876,10.05,1
877,10.0,1
878,10.25,1
879,9.99,1
880,10.08,1
881,10.01,1
882,9.66,1
883,9.92,1
884,9.54,1
885,9.56,1
886,9.84,1
887,9.85,1
888,9.94,1
889,9.39,1
890,9.79,1
891,9.05,1
892,8.7,1
893,9.53,1
894,9.17,1
895,9.18,1
896,9.01,1
897,9.37,1
898,9.35,1
899,9.89,1
900,9.86,1
901,10.08,1
902,9.99,1
903,9.83,1
904,9.36,1
905,8.93,1
906,9.5,1
907,9.81,1
908,9.84,1
909,10.0,1
910,10.39,1
911,10.41,1
912,10.39,1
913,10.01,1
914,10.34,1
915,10.56,1
916,10.15,1
917,10.41,1
918,10.49,1
919,10.84,1
920,10.67,1
921,10.18,1
922,10.0,1
923,10.51,1
924,10.73,1
925,10.04,1
926,9.8,1
927,9.96,1
928,10.14,1
929,9.58,1
930,9.52,1
931,9.93,1
932,9.84,1
933,10.35,1
934,10.72,1
935,11.03,1
936,11.09,1
937,11.56,1
938,12.04,1
939,11.84,1
940,11.55,1
941,11.5,1
942,11.23,1
943,10.9,1
944,10.66,1
945,10.41,1
946,9.74,1
947,9.21,1
948,9.18,1
949,9.36,1
950,9.72,1
951,10.4,1
952,10.06,1
953,10.23,1
954,9.8,1
955,9.35,1
956,8.52,1
957,8.48,1
958,9.36,1
959,9.63,1
960,9.5,1
961,10.51,1
962,11.67,1
963,11.67,1
964,11.86,1
965,11.99,1
966,11.91,1
967,11.57,1
968,10.66,1
969,10.18,1
970,9.76,1
971,10.17,1
972,10.53,1
973,10.91,1
974,10.89,1
975,10.42,1
976,10.52,1
977,10.3,1
978,10.16,1
979,10.66,1
980,10.34,1
981,10.06,1
982,10.25,1
983,10.35,1
984,10.62,1
985,10.66,1
986,10.95,1
987,10.61,1
988,10.67,1
989,10.47,1
990,10.08,1
991,9.65,1
992,9.12,1
993,9.05,1
994,8.9,1
995,8.5,1
996,8.77,1
997,8.92,1
998,9.02,1
999,9.25,1
