Figure: large_5
File Number: 26
Nodes: 300
Edges: 22543
Max Generations: 1000
Population Size: 100
Mutation Rate: 0.01
Colors Used: 162
Runtime: 18.95

Generation,Average Fitness,Best Fitness
0,140.79,117
1,137.7,117
2,133.26,112
3,131.81,111
4,130.92,109
5,129.57,108
6,125.68,100
7,125.04,100
8,124.46,100
9,123.23,100
10,122.02,100
11,120.49,100
12,118.45,99
13,116.69,89
14,114.99,89
15,112.32,84
16,111.23,84
17,109.29,84
18,107.78,84
19,104.84,84
20,103.09,84
21,98.34,83
22,95.91,82
23,93.65,80
24,92.05,79
25,89.66,76
26,88.53,76
27,87.03,72
28,85.54,72
29,83.76,69
30,81.89,69
31,80.21,69
32,79.23,69
33,78.75,69
34,77.56,67
35,75.42,65
36,74.47,65
37,73.58,64
38,72.33,63
39,70.84,62
40,69.48,58
41,69.66,58
42,69.06,58
43,68.47,55
44,67.08,55
45,66.69,55
46,65.45,54
47,64.73,54
48,62.89,54
49,61.77,52
50,60.23,49
51,59.75,49
52,58.57,46
53,59.07,46
54,59.14,46
55,59.59,46
56,59.35,46
57,58.53,45
58,56.93,45
59,56.93,45
60,56.1,45
61,55.84,45
62,55.11,45
63,54.44,45
64,54.07,45
65,54.25,45
66,53.61,44
67,53.53,44
68,52.27,44
69,52.12,44
70,52.39,43
71,51.39,42
72,50.81,42
73,51.2,41
74,50.87,41
75,50.4,39
76,50.66,38
77,50.09,38
78,48.81,37
79,47.44,37
80,46.73,35
81,46.05,34
82,45.85,34
83,45.49,34
84,44.67,33
85,44.09,31
86,44.5,31
87,43.91,31
88,43.19,31
89,42.31,31
90,41.56,31
91,41.06,31
92,40.97,31
93,40.58,31
94,40.5,30
95,39.87,30
96,39.98,30
97,40.44,30
98,39.71,30
99,40.66,30
100,40.84,30
101,40.83,29
102,40.51,29
103,40.42,29
104,40.14,29
105,39.91,29
106,40.73,29
107,40.13,29
108,39.54,29
109,39.06,29
110,38.24,28
111,37.67,28
112,37.25,28
113,37.87,28
114,38.24,28
115,37.98,28
116,38.47,28
117,37.6,28
118,37.97,28
119,37.76,28
120,38.16,28
121,38.35,27
122,37.68,27
123,37.11,27
124,36.68,27
125,36.75,27
126,36.96,27
127,36.5,25
128,36.35,25
129,35.89,25
130,35.4,25
131,35.88,25
132,35.69,25
133,35.19,25
134,35.61,25
135,35.69,25
136,35.34,25
137,35.67,25
138,34.33,24
139,33.03,24
140,32.21,24
141,32.46,24
142,32.75,24
143,33.14,24
144,33.98,24
145,33.73,24
146,33.63,24
147,32.96,24
148,33.17,24
149,33.47,24
150,33.82,24
151,33.33,24
152,33.75,24
153,33.31,24
154,33.32,23
155,33.51,23
156,32.87,23
157,32.38,23
158,32.26,23
159,31.86,22
160,32.22,22
161,33.05,22
162,32.75,22
163,32.94,22
164,32.81,22
165,32.36,22
166,32.29,22
167,32.38,22
168,32.22,22
169,32.09,22
170,31.66,22
171,32.05,19
172,31.2,19
173,30.92,19
174,30.78,19
175,30.02,19
176,29.86,19
177,30.03,19
178,30.39,19
179,31.19,19
180,31.26,19
181,31.15,19
182,30.93,19
183,30.42,19
184,30.45,19
185,30.85,19
186,30.24,19
187,30.04,19
188,29.5,19
189,29.43,19
190,29.89,19
191,29.98,19
192,29.62,18
193,30.47,18
194,30.36,18
195,31.14,18
196,30.62,18
197,30.2,18
198,29.95,18
199,28.85,18
200,28.1,18
201,28.48,18
202,28.44,18
203,28.14,18
204,28.51,18
205,28.23,18
206,28.25,18
207,28.27,18
208,28.77,18
209,28.97,18
210,29.31,18
211,29.2,18
212,29.58,18
213,29.19,18
214,29.28,18
215,28.66,15
216,28.57,15
217,27.34,15
218,27.1,15
219,26.26,15
220,25.93,15
221,26.11,15
222,26.32,15
223,25.99,13
224,25.53,13
225,25.23,13
226,25.29,13
227,25.08,13
228,24.56,13
229,24.78,13
230,23.92,13
231,24.41,13
232,24.18,13
233,23.64,13
234,22.97,13
235,23.04,13
236,23.05,13
237,23.99,13
238,24.04,13
239,24.21,13
240,24.02,13
241,24.3,13
242,24.03,10
243,23.42,10
244,22.63,10
245,23.24,10
246,22.79,10
247,22.56,10
248,23.25,10
249,23.31,10
250,22.88,10
251,22.91,10
252,23.73,10
253,23.84,10
254,23.92,10
255,23.84,10
256,24.19,10
257,24.51,10
258,24.41,10
259,24.44,10
260,24.39,10
261,24.62,10
262,24.43,10
263,24.06,10
264,23.48,10
265,23.07,10
266,22.52,10
267,21.98,10
268,22.05,10
269,22.23,10
270,22.19,10
271,22.03,10
272,21.97,10
273,22.23,10
274,21.45,10
275,20.63,10
276,20.14,10
277,20.41,10
278,20.93,10
279,20.94,10
280,21.8,10
281,22.03,10
282,21.59,10
283,20.97,10
284,20.9,10
285,20.94,10
286,20.93,10
287,21.01,10
288,20.9,10
289,20.47,10
290,19.92,10
291,20.47,10
292,20.0,10
293,20.49,10
294,20.47,10
295,21.49,9
296,21.46,9
297,22.25,9
298,21.48,9
299,21.91,9
300,21.97,9
301,21.69,9
302,21.57,9
303,21.83,9
304,22.27,9
305,21.57,9
306,22.14,9
307,22.36,9
308,21.96,9
309,22.28,9
310,21.97,9
311,22.04,9
312,20.74,9
313,20.47,9
314,20.87,9
315,21.24,9
316,21.49,9
317,21.38,9
318,20.88,9
319,20.84,9
320,20.69,9
321,21.49,9
322,21.96,9
323,22.26,9
324,22.65,9
325,23.03,9
326,23.27,9
327,22.78,9
328,22.31,9
329,21.69,9
330,21.81,9
331,21.57,9
332,21.86,9
333,22.34,9
334,23.05,9
335,22.57,9
336,23.01,9
337,23.27,9
338,23.41,9
339,22.62,9
340,22.37,9
341,22.22,9
342,22.33,9
343,21.81,9
344,21.35,9
345,21.85,9
346,22.17,9
347,22.47,9
348,22.49,9
349,22.26,9
350,22.42,9
351,22.15,9
352,21.71,9
353,21.56,9
354,21.24,9
355,20.83,9
356,21.21,9
357,20.31,9
358,20.03,9
359,19.81,9
360,20.15,9
361,20.67,9
362,20.85,9
363,21.48,9
364,21.78,9
365,22.28,9
366,22.1,9
367,22.99,9
368,22.76,9
369,21.85,9
370,21.59,9
371,21.45,9
372,21.22,9
373,21.63,9
374,21.12,9
375,19.95,9
376,19.77,9
377,19.83,9
378,19.81,9
379,19.89,9
380,20.37,9
381,20.29,9
382,21.02,9
383,21.25,9
384,21.63,9
385,21.66,9
386,21.25,9
387,21.46,9
388,21.87,9
389,21.48,9
390,21.58,9
391,20.52,9
392,20.75,9
393,20.89,9
394,21.2,9
395,22.15,9
396,22.47,9
397,23.62,9
398,23.29,9
399,22.81,9
400,22.99,9
401,22.24,9
402,21.75,9
403,21.82,9
404,21.32,9
405,20.78,9
406,20.81,9
407,20.28,9
408,20.51,9
409,20.55,9
410,19.63,9
411,20.3,9
412,20.08,9
413,20.14,9
414,19.9,9
415,19.85,9
416,19.06,8
417,19.15,8
418,19.04,8
419,19.83,8
420,20.03,8
421,19.99,8
422,20.18,8
423,20.75,8
424,21.46,8
425,21.24,8
426,20.47,8
427,19.95,8
428,19.43,8
429,19.61,8
430,19.97,8
431,20.73,8
432,21.01,8
433,20.79,8
434,21.18,8
435,21.0,8
436,20.57,8
437,20.64,8
438,20.97,8
439,20.36,8
440,20.17,8
441,21.03,8
442,21.08,8
443,21.2,8
444,20.94,8
445,21.1,8
446,21.44,8
447,20.91,8
448,20.69,8
449,20.36,8
450,20.7,8
451,20.24,8
452,19.74,8
453,19.67,8
454,18.85,8
455,18.64,8
456,19.33,8
457,19.81,8
458,20.53,8
459,21.06,8
460,20.58,8
461,21.03,8
462,21.53,8
463,22.48,8
464,22.1,8
465,21.98,8
466,22.12,8
467,22.32,8
468,22.49,8
469,21.95,8
470,22.41,8
471,21.91,8
472,21.81,8
473,22.3,8
474,22.49,8
475,22.67,8
476,22.35,8
477,21.32,8
478,21.36,8
479,21.22,8
480,20.75,8
481,20.84,8
482,20.54,8
483,20.31,8
484,19.83,8
485,20.12,8
486,20.58,8
487,20.66,8
488,21.09,8
489,20.98,8
490,21.12,8
491,21.08,8
492,21.18,8
493,20.63,8
494,19.8,8
495,19.63,8
496,18.92,8
497,19.26,8
498,18.84,8
499,18.4,8
500,18.47,8
501,18.99,8
502,19.27,8
503,19.19,8
504,19.8,8
505,20.14,8
506,20.3,8
507,20.67,8
508,20.78,8
509,20.67,8
510,21.04,8
511,21.01,8
512,21.04,8
513,21.08,8
514,21.15,8
515,20.94,8
516,20.59,8
517,20.85,8
518,20.94,8
519,20.38,8
520,19.72,8
521,20.6,8
522,20.24,8
523,20.43,8
524,20.07,8
525,20.82,8
526,20.94,8
527,21.77,8
528,22.31,8
529,22.73,8
530,23.01,8
531,22.81,8
532,22.62,8
533,22.07,8
534,22.98,8
535,22.59,8
536,22.53,8
537,21.94,8
538,22.75,8
539,22.97,8
540,23.18,8
541,23.28,8
542,23.92,8
543,22.57,8
544,22.59,8
545,22.37,8
546,22.2,8
547,22.55,8
548,22.32,8
549,22.4,8
550,22.96,8
551,22.42,8
552,21.81,8
553,21.82,8
554,21.44,8
555,21.13,8
556,21.38,8
557,21.99,8
558,22.0,8
559,21.12,8
560,21.63,8
561,20.51,8
562,20.54,8
563,20.95,8
564,20.78,8
565,21.72,8
566,21.7,8
567,21.88,8
568,21.81,8
569,21.18,8
570,20.73,8
571,19.59,8
572,19.81,8
573,18.29,8
574,18.12,8
575,18.28,8
576,18.42,8
577,18.75,8
578,18.68,8
579,18.34,8
580,19.29,8
581,19.85,8
582,20.4,8
583,21.08,8
584,21.13,8
585,20.51,8
586,20.67,8
587,20.54,8
588,20.12,8
589,20.73,8
590,21.02,8
591,20.97,8
592,21.25,8
593,21.94,8
594,22.46,8
595,22.35,8
596,22.26,8
597,21.79,8
598,21.42,8
599,20.86,8
600,20.78,8
601,21.03,8
602,20.94,8
603,21.18,8
604,21.04,8
605,20.19,8
606,20.08,8
607,19.37,8
608,20.13,8
609,20.58,8
610,20.44,8
611,20.15,8
612,20.69,8
613,20.4,8
614,19.96,8
615,19.23,8
616,19.35,8
617,19.85,8
618,19.87,8
619,20.31,8
620,20.93,8
621,20.48,8
622,20.48,8
623,19.91,8
624,20.36,8
625,21.3,8
626,22.19,8
627,21.79,8
628,21.71,8
629,21.37,8
630,20.86,8
631,20.8,8
632,20.48,8
633,21.34,8
634,21.11,8
635,20.37,8
636,20.42,8
637,20.53,8
638,20.08,8
639,20.64,8
640,19.78,8
641,20.35,8
642,19.97,8
643,20.89,8
644,20.37,8
645,20.27,8
646,20.29,8
647,20.96,8
648,20.34,8
649,20.88,8
650,20.84,8
651,20.45,8
652,20.88,7
653,20.71,7
654,20.37,7
655,19.86,7
656,20.12,7
657,19.64,7
658,19.29,7
659,19.31,7
660,19.94,7
661,20.12,7
662,20.42,7
663,19.51,7
664,19.51,7
665,19.84,7
666,20.16,7
667,20.14,7
668,19.79,7
669,19.8,7
670,20.21,7
671,20.75,7
672,20.57,7
673,20.33,7
674,19.43,7
675,18.64,7
676,18.54,7
677,18.15,7
678,17.68,7
679,18.02,7
680,18.26,7
681,17.75,7
682,18.37,7
683,18.59,7
684,19.17,7
685,18.52,7
686,18.84,7
687,18.42,7
688,18.96,7
689,19.35,7
690,19.68,7
691,19.9,7
692,19.8,7
693,19.55,7
694,19.36,7
695,19.34,7
696,19.26,7
697,19.13,7
698,18.88,7
699,18.71,7
700,19.04,7
701,19.11,7
702,18.94,7
703,18.91,7
704,18.9,7
705,19.51,7
706,19.88,7
707,20.85,7
708,21.04,7
709,21.32,7
710,21.78,7
711,21.93,7
712,21.1,7
713,20.83,7
714,20.42,7
715,20.84,7
716,20.25,7
717,19.69,7
718,19.86,7
719,19.39,7
720,19.64,7
721,20.31,7
722,20.43,7
723,20.68,7
724,19.95,7
725,19.68,7
726,19.78,7
727,19.93,7
728,20.48,7
729,20.52,7
730,20.52,7
731,20.54,7
732,19.66,7
733,19.11,7
734,18.82,7
735,18.61,7
736,18.81,7
737,19.64,7
738,19.06,7
739,18.75,7
740,18.5,7
741,18.52,7
742,18.55,7
743,18.4,7
744,18.73,7
745,18.4,7
746,17.88,7
747,18.4,7
748,18.53,7
749,18.54,7
750,18.84,7
751,18.42,7
752,18.86,7
753,18.16,7
754,18.47,7
755,18.45,7
756,19.12,7
757,18.68,7
758,18.7,7
759,18.74,7
760,18.52,7
761,19.76,7
762,19.99,7
763,19.67,7
764,20.65,7
765,20.05,7
766,20.12,7
767,20.33,7
768,20.27,7
769,20.97,7
770,21.35,7
771,22.27,7
772,21.66,7
773,21.88,7
774,20.26,7
775,19.64,7
776,18.98,7
777,18.72,7
778,18.54,7
779,18.3,7
780,17.92,7
781,17.98,7
782,17.83,7
783,18.05,7
784,18.23,7
785,17.5,7
786,18.3,7
787,18.21,7
788,17.68,7
789,17.63,7
790,18.03,7
791,18.3,7
792,18.3,7
793,18.03,7
794,17.66,7
795,18.19,7
796,19.24,7
797,19.03,7
798,18.62,7
799,18.25,7
800,19.06,7
801,19.21,7
802,19.77,7
803,19.86,7
804,19.92,7
805,19.6,7
806,19.2,7
807,19.32,7
808,20.08,7
809,20.22,7
810,19.82,7
811,19.46,7
812,20.18,7
813,20.9,7
814,20.77,7
815,20.79,7
816,21.51,7
817,21.07,7
818,21.25,7
819,20.92,7
820,21.34,7
821,20.68,7
822,20.31,7
823,20.2,7
824,19.19,7
825,19.16,7
826,19.73,7
827,19.83,7
828,20.01,7
829,19.16,7
830,19.04,7
831,19.04,7
832,18.92,7
833,18.38,7
834,18.41,7
835,18.96,7
836,18.87,7
837,19.4,7
838,19.43,7
839,19.57,7
840,19.04,7
841,19.09,7
842,19.27,7
843,19.42,7
844,19.03,7
845,18.6,7
846,18.7,7
847,19.02,7
848,19.86,7
849,18.9,7
850,18.97,7
851,18.31,7
852,18.13,7
853,17.86,7
854,17.8,7
855,18.74,7
856,18.55,7
857,18.25,7
858,18.42,7
859,19.25,7
860,19.06,7
861,19.04,7
862,18.61,7
863,18.8,7
864,17.98,7
865,18.07,7
866,18.11,7
867,18.86,7
868,18.79,7
869,18.08,7
870,17.85,7
871,17.04,7
872,17.07,7
873,17.74,7
874,17.31,7
875,17.35,7
876,17.56,7
877,17.19,7
878,16.86,7
879,17.4,7
880,17.93,7
881,18.13,7
882,18.25,7
883,18.48,7
884,18.14,7
885,18.31,7
886,18.17,7
887,18.66,7
888,18.94,7
889,18.62,7
890,19.04,7
891,19.98,7
892,19.52,7
893,19.98,7
894,19.96,7
895,19.42,7
896,19.19,7
897,19.19,7
898,19.5,7
899,19.32,7
900,19.9,7
901,20.09,7
902,20.24,7
903,20.72,7
904,21.73,7
905,21.79,7
906,21.07,7
907,19.89,7
908,19.97,7
909,19.58,7
910,19.75,7
911,19.52,7
912,19.62,7
913,19.95,7
914,19.65,7
915,19.79,7
916,19.24,7
917,20.07,7
918,19.3,7
919,18.5,7
920,18.16,7
921,18.64,7
922,19.15,7
923,18.5,7
924,18.86,7
925,20.4,7
926,20.48,7
927,20.78,7
928,20.71,7
929,20.92,7
930,20.78,7
931,20.49,7
932,20.11,7
933,19.51,7
934,19.15,7
935,18.47,7
936,19.2,7
937,19.59,7
938,19.75,7
939,20.78,7
940,20.64,7
941,20.48,7
942,19.85,7
943,19.59,7
944,18.25,7
945,18.15,7
946,18.31,7
947,18.31,7
948,18.87,7
949,18.53,7
950,18.15,7
951,18.28,7
952,17.69,7
953,17.72,7
954,17.72,7
955,17.86,7
956,17.41,7
957,18.43,7
958,18.61,7
959,18.14,7
960,18.57,7
961,19.65,7
962,19.46,7
963,19.11,7
964,18.73,7
965,18.42,7
966,17.81,7
967,17.51,7
968,17.58,7
969,17.97,7
970,18.05,7
971,18.63,7
972,18.71,7
973,19.11,7
974,18.85,7
975,18.9,7
976,18.85,7
977,19.03,7
978,18.74,7
979,19.19,7
980,19.22,7
981,18.58,7
982,18.73,7
983,18.7,7
984,18.15,7
985,18.23,7
986,18.48,7
987,18.35,7
988,17.97,7
989,17.67,7
990,17.39,7
991,17.67,7
992,18.52,7
993,17.94,7
994,17.54,7
995,17.47,7
996,17.99,7
997,18.16,7
998,18.08,7
999,18.35,7
