Figure: large_5
File Number: 27
Nodes: 300
Edges: 22543
Max Generations: 1000
Population Size: 100
Mutation Rate: 0.01
Colors Used: 182
Runtime: 3.90

Generation,Average Fitness,Best Fitness
0,125.7,97
1,122.75,96
2,118.63,95
3,116.33,95
4,114.94,94
5,113.66,93
6,111.7,92
7,108.69,87
8,105.48,87
9,104.32,82
10,102.68,82
11,100.91,82
12,98.81,82
13,98.09,77
14,95.89,77
15,93.41,76
16,91.96,74
17,90.45,74
18,88.54,71
19,87.61,70
20,86.21,70
21,84.15,70
22,81.17,66
23,79.69,66
24,78.76,66
25,77.3,66
26,76.11,66
27,74.17,65
28,73.25,57
29,71.86,57
30,71.01,54
31,69.25,54
32,67.69,54
33,66.2,54
34,64.85,54
35,63.6,54
36,62.35,52
37,61.01,52
38,60.26,49
39,59.23,49
40,57.78,48
41,56.65,48
42,56.06,47
43,55.04,47
44,54.66,44
45,54.06,43
46,52.82,41
47,51.84,41
48,51.22,40
49,50.28,40
50,49.54,38
51,49.28,38
52,47.81,38
53,47.45,37
54,46.36,37
55,45.1,37
56,44.06,36
57,44.05,36
58,44.09,36
59,44.4,35
60,43.88,33
61,43.26,33
62,42.86,32
63,42.88,32
64,42.54,31
65,41.78,31
66,40.39,31
67,40.13,31
68,40.0,31
69,39.57,29
70,38.42,29
71,37.51,28
72,36.55,28
73,35.93,28
74,36.21,27
75,35.94,27
76,35.31,27
77,35.46,27
78,35.69,26
79,35.32,26
80,35.05,26
81,34.67,26
82,34.26,24
83,34.21,24
84,34.17,24
85,34.86,24
86,34.3,24
87,34.49,24
88,34.36,21
89,34.52,21
90,33.56,21
91,32.97,21
92,32.5,21
93,31.41,21
94,31.15,21
95,30.92,21
96,30.23,21
97,28.91,20
98,28.85,20
99,28.01,20
100,27.47,20
101,27.96,19
102,27.91,19
103,27.7,19
104,26.52,18
105,25.98,17
106,26.23,17
107,26.72,17
108,27.09,17
109,26.71,17
110,26.46,17
111,26.48,17
112,25.8,16
113,25.24,16
114,25.27,14
115,24.95,14
116,25.16,14
117,24.2,14
118,24.25,14
119,24.22,14
120,23.97,14
121,24.37,14
122,24.23,14
123,23.54,14
124,23.75,14
125,24.19,14
126,23.73,14
127,23.96,14
128,23.91,14
129,23.67,14
130,23.65,14
131,23.15,13
132,22.82,13
133,22.93,13
134,22.23,13
135,22.97,13
136,22.69,13
137,22.51,13
138,22.07,13
139,22.49,13
140,22.58,13
141,22.29,13
142,22.24,13
143,21.66,13
144,21.58,13
145,21.14,13
146,21.49,13
147,21.71,13
148,22.47,13
149,22.74,13
150,23.35,13
151,23.2,13
152,23.37,13
153,23.55,13
154,23.0,13
155,22.58,13
156,21.6,13
157,22.84,13
158,22.28,13
159,22.8,13
160,22.76,13
161,22.11,13
162,22.11,12
163,22.23,12
164,22.65,12
165,22.28,12
166,21.87,12
167,22.0,12
168,22.28,12
169,22.69,12
170,22.75,10
171,22.69,10
172,22.42,10
173,22.22,10
174,21.61,10
175,21.33,10
176,21.59,10
177,22.06,10
178,21.68,10
179,21.62,10
180,21.33,10
181,21.37,10
182,21.16,10
183,21.07,10
184,20.89,10
185,19.8,10
186,19.93,10
187,20.4,10
188,21.14,10
189,20.48,10
190,20.44,10
191,20.61,10
192,19.89,10
193,19.1,10
194,19.54,10
195,19.65,10
196,19.72,10
197,19.52,10
198,19.13,10
199,19.57,9
200,19.74,9
201,19.33,9
202,19.39,9
203,20.0,9
204,19.15,9
205,18.67,9
206,18.5,9
207,18.25,9
208,18.51,9
209,17.9,9
210,17.97,8
211,18.14,8
212,17.48,8
213,17.16,8
214,16.45,8
215,16.51,8
216,16.29,8
217,16.61,8
218,17.02,8
219,17.59,8
220,18.31,8
221,18.15,7
222,18.28,7
223,18.4,7
224,18.02,7
225,17.85,7
226,18.05,7
227,18.39,7
228,17.96,7
229,17.31,7
230,16.77,7
231,17.0,7
232,16.72,7
233,16.91,7
234,16.99,7
235,17.78,7
236,17.78,7
237,17.34,7
238,17.23,7
239,17.0,7
240,17.33,7
241,16.6,7
242,16.61,7
243,17.02,7
244,17.27,7
245,17.69,7
246,17.4,7
247,17.61,7
248,17.31,7
249,16.32,7
250,16.03,7
251,15.76,7
252,15.59,7
253,16.2,7
254,17.09,7
255,17.08,7
256,16.84,7
257,16.75,7
258,16.73,7
259,16.94,7
260,16.45,6
261,16.38,6
262,16.6,6
263,16.69,6
264,15.86,6
265,16.01,6
266,16.1,6
267,15.92,6
268,15.89,6
269,15.63,6
270,15.91,6
271,17.08,6
272,17.28,6
273,17.48,6
274,17.12,6
275,17.61,6
276,17.0,6
277,17.12,6
278,17.05,6
279,16.96,6
280,16.72,6
281,17.24,6
282,17.48,6
283,17.31,6
284,17.44,6
285,17.19,6
286,16.44,6
287,16.96,6
288,17.36,6
289,16.84,6
290,17.04,6
291,17.37,6
292,16.98,6
293,16.68,6
294,16.43,6
295,17.12,6
296,17.64,6
297,17.26,6
298,17.61,6
299,17.96,6
300,18.3,6
301,18.08,6
302,18.34,6
303,18.49,6
304,18.17,6
305,18.07,6
306,17.81,6
307,17.25,6
308,16.29,6
309,16.2,6
310,15.86,6
311,16.17,6
312,16.07,6
313,16.56,6
314,15.97,6
315,16.25,6
316,16.18,6
317,16.58,6
318,16.93,6
319,17.26,6
320,16.98,6
321,17.5,6
322,17.77,6
323,17.58,6
324,18.12,6
325,18.14,6
326,17.59,6
327,16.92,6
328,16.15,6
329,15.91,6
330,15.75,6
331,16.01,6
332,16.26,6
333,16.45,6
334,16.28,6
335,15.86,6
336,15.93,6
337,15.91,6
338,15.77,6
339,16.71,6
340,17.01,6
341,17.59,6
342,18.08,6
343,18.21,6
344,17.94,6
345,18.05,6
346,18.55,6
347,17.93,6
348,17.57,6
349,16.81,6
350,16.94,6
351,16.79,6
352,17.14,6
353,17.73,6
354,17.91,6
355,18.28,6
356,18.69,6
357,17.9,6
358,17.59,6
359,17.5,6
360,17.44,6
361,17.28,6
362,17.58,6
363,17.74,6
364,18.1,6
365,18.31,6
366,18.29,6
367,18.16,6
368,17.25,6
369,16.04,6
370,15.44,6
371,14.23,6
372,13.36,6
373,13.13,5
374,13.38,5
375,13.58,5
376,14.26,5
377,14.14,5
378,15.1,5
379,15.51,5
380,16.52,5
381,16.34,5
382,16.37,5
383,16.11,5
384,15.86,5
385,16.28,5
386,16.47,5
387,16.2,5
388,16.45,5
389,16.33,5
390,16.79,5
391,17.17,5
392,17.33,5
393,16.94,5
394,16.83,5
395,17.43,5
396,17.66,5
397,17.54,5
398,17.52,5
399,17.94,5
400,18.03,5
401,17.59,5
402,17.43,5
403,17.33,5
404,17.36,5
405,18.43,5
406,17.92,5
407,17.51,5
408,17.08,5
409,16.7,5
410,16.39,5
411,16.39,5
412,16.46,5
413,16.61,5
414,17.01,5
415,16.81,5
416,17.01,5
417,17.26,5
418,18.25,5
419,17.22,5
420,16.51,5
421,16.07,5
422,15.32,5
423,15.98,5
424,16.51,5
425,16.7,5
426,17.03,5
427,18.07,5
428,17.91,5
429,17.13,5
430,17.13,5
431,17.79,5
432,17.63,5
433,17.06,5
434,16.96,5
435,16.86,5
436,16.46,5
437,16.42,5
438,15.78,5
439,14.91,5
440,15.6,5
441,15.11,5
442,14.43,5
443,14.13,5
444,14.0,5
445,14.17,5
446,14.86,5
447,14.98,5
448,15.12,5
449,14.88,5
450,15.37,5
451,16.01,5
452,14.92,5
453,15.57,5
454,15.93,5
455,15.72,5
456,15.85,5
457,16.41,5
458,16.03,5
459,15.63,5
460,16.26,5
461,16.43,5
462,15.35,5
463,15.48,5
464,15.22,5
465,15.5,5
466,15.73,5
467,15.16,5
468,15.24,5
469,14.8,5
470,15.15,5
471,16.07,5
472,16.06,5
473,15.96,5
474,15.65,5
475,15.83,5
476,15.27,5
477,14.93,5
478,15.25,5
479,15.75,5
480,16.27,5
481,16.97,5
482,17.35,5
483,17.65,5
484,17.44,5
485,17.25,5
486,16.38,5
487,16.47,5
488,16.61,5
489,16.46,5
490,16.17,5
491,16.2,5
492,16.51,5
493,16.57,5
494,16.39,5
495,16.47,5
496,16.59,5
497,16.11,5
498,16.53,5
499,16.54,5
500,17.1,5
501,17.45,5
502,16.91,5
503,17.15,5
504,17.21,5
505,17.53,5
506,17.07,5
507,16.6,5
508,16.61,5
509,16.03,5
510,16.49,5
511,16.91,5
512,16.55,5
513,16.29,5
514,16.56,5
515,16.11,5
516,16.22,5
517,15.85,5
518,16.01,5
519,15.42,5
520,15.52,5
521,15.94,5
522,15.8,5
523,15.63,5
524,15.64,5
525,16.11,5
526,15.93,5
527,15.76,5
528,15.93,5
529,15.92,5
530,15.33,5
531,14.96,5
532,15.05,5
533,14.85,5
534,14.5,5
535,14.74,5
536,14.28,5
537,14.31,5
538,14.69,5
539,14.95,5
540,15.06,5
541,15.24,5
542,15.83,5
543,16.0,5
544,16.16,5
545,16.21,5
546,16.64,5
547,17.01,5
548,17.41,5
549,17.42,5
550,17.09,5
551,17.34,5
552,17.31,5
553,16.5,5
554,16.46,5
555,15.81,5
556,15.4,5
557,14.87,5
558,14.6,5
559,14.45,5
560,14.52,5
561,15.17,5
562,15.33,5
563,15.6,5
564,14.76,5
565,14.41,5
566,14.72,5
567,14.21,5
568,14.44,5
569,14.4,5
570,14.45,5
571,15.03,5
572,15.14,4
573,15.08,4
574,14.88,4
575,15.39,4
576,15.27,4
577,15.62,4
578,16.23,4
579,16.75,4
580,17.38,4
581,17.06,4
582,16.46,4
583,16.01,4
584,16.16,4
585,16.3,4
586,16.27,4
587,15.8,4
588,14.91,4
589,14.4,4
590,13.76,4
591,13.67,4
592,14.35,4
593,14.85,3
594,14.75,3
595,14.81,3
596,14.42,3
597,14.6,3
598,14.13,3
599,13.34,3
600,13.1,3
601,13.51,2
602,13.75,2
603,14.31,2
604,14.92,2
605,15.5,2
606,15.22,2
607,16.12,2
608,16.43,2
609,15.46,2
610,15.22,2
611,15.11,2
612,14.73,2
613,14.45,2
614,13.95,2
615,13.84,2
616,13.65,2
617,13.78,2
618,13.37,2
619,13.17,2
620,12.64,2
621,12.47,2
622,12.5,2
623,12.94,2
624,12.96,2
625,11.67,2
626,11.31,2
627,11.49,2
628,11.49,2
629,11.44,2
630,11.59,2
631,11.68,2
632,12.61,2
633,12.75,2
634,12.96,2
635,13.16,2
636,12.96,2
637,12.7,2
638,13.16,2
639,13.62,2
640,14.12,2
641,14.73,2
642,14.36,2
643,14.5,2
644,14.77,2
645,14.54,2
646,13.79,2
647,13.84,2
648,14.01,2
649,13.9,2
650,14.65,2
651,14.87,2
652,15.01,2
653,15.03,2
654,14.85,2
655,15.66,2
656,15.76,2
657,15.62,2
658,15.55,2
659,15.36,2
660,15.12,2
661,14.66,2
662,14.82,2
663,15.64,2
664,15.93,2
665,15.93,2
666,16.42,2
667,15.79,2
668,16.38,2
669,16.45,2
670,15.68,2
671,15.37,2
672,15.48,2
673,15.59,2
674,15.21,2
675,14.82,2
676,14.66,2
677,14.43,2
678,13.64,2
679,13.66,2
680,13.47,2
681,14.05,2
682,14.24,2
683,14.68,2
684,13.8,2
685,14.33,2
686,14.07,2
687,14.24,2
688,14.09,2
689,14.35,2
690,14.5,2
691,15.06,2
692,14.67,2
693,13.61,2
694,12.99,2
695,13.88,2
696,13.91,2
697,13.33,2
698,13.45,2
699,13.33,2
700,13.17,2
701,12.19,2
702,11.82,2
703,12.32,2
704,12.37,2
705,13.0,2
706,12.62,2
707,12.39,2
708,12.63,2
709,12.59,2
710,12.44,2
711,12.0,2
712,12.19,2
713,11.73,2
714,11.41,2
715,12.29,2
716,11.92,2
717,12.62,2
718,12.88,2
719,11.77,2
720,11.89,2
721,12.05,2
722,12.2,2
723,12.46,2
724,12.92,2
725,13.06,2
726,12.78,2
727,12.61,2
728,13.53,2
729,13.93,2
730,13.79,2
731,14.35,2
732,13.87,2
733,13.55,2
734,12.67,2
735,12.45,2
736,12.8,2
737,13.43,2
738,12.98,2
739,13.02,2
740,12.92,2
741,12.08,2
742,12.42,2
743,12.41,2
744,12.46,2
745,13.2,2
746,13.74,2
747,13.77,2
748,13.55,2
749,14.55,2
750,13.76,2
751,13.49,2
752,13.22,2
753,13.3,2
754,13.44,2
755,13.8,2
756,14.53,2
757,13.61,2
758,13.21,2
759,13.44,2
760,13.85,2
761,14.76,2
762,14.08,2
763,13.69,2
764,13.96,2
765,14.18,2
766,14.11,2
767,13.82,2
768,13.77,2
769,13.26,2
770,12.54,2
771,12.47,2
772,12.73,2
773,12.4,2
774,12.45,2
775,11.93,2
776,12.02,2
777,11.72,2
778,11.05,2
779,11.49,2
780,11.54,2
781,11.94,2
782,12.4,2
783,12.46,2
784,12.82,2
785,12.49,2
786,11.92,2
787,12.69,2
788,12.25,2
789,12.84,2
790,12.86,2
791,13.09,2
792,12.78,2
793,12.43,2
794,12.38,2
795,12.14,2
796,11.72,2
797,12.06,2
798,12.74,2
799,12.49,2
800,11.99,2
801,11.77,2
802,12.62,2
803,12.59,2
804,13.41,2
805,13.23,2
806,13.31,2
807,13.08,2
808,13.01,2
809,13.09,2
810,13.79,2
811,13.96,2
812,13.04,2
813,12.65,2
814,12.9,2
815,13.41,2
816,13.33,2
817,13.24,2
818,12.84,2
819,13.31,2
820,13.46,2
821,13.3,2
822,13.8,2
823,13.09,2
824,13.54,2
825,13.76,2
826,13.79,2
827,14.36,2
828,14.42,2
829,14.28,2
830,13.79,2
831,13.34,1
832,13.69,1
833,13.45,1
834,13.15,1
835,13.26,1
836,12.84,1
837,13.45,1
838,13.83,1
839,13.58,1
840,13.71,1
841,13.68,1
842,13.59,1
843,13.34,1
844,13.95,1
845,13.62,1
846,13.13,1
847,13.26,1
848,13.77,1
849,12.98,1
850,12.82,1
851,13.11,1
852,13.57,1
853,14.44,1
854,14.5,1
855,14.29,1
856,14.08,1
857,13.78,1
858,13.61,1
859,14.23,1
860,14.33,1
861,13.91,1
862,13.68,1
863,13.73,1
864,13.85,1
865,13.98,1
866,13.75,1
867,13.14,1
868,12.41,1
869,12.61,1
870,12.7,1
871,12.28,1
872,12.57,1
873,12.79,1
874,12.91,1
875,13.5,1
876,13.72,1
877,13.65,1
878,14.15,1
879,14.22,1
880,13.27,1
881,12.6,1
882,12.14,1
883,11.7,1
884,11.48,1
885,11.11,1
886,10.28,1
887,10.86,1
888,10.41,1
889,11.03,1
890,11.44,1
891,12.22,1
892,12.52,1
893,12.26,1
894,12.4,1
895,12.32,1
896,12.46,1
897,12.83,1
898,12.45,1
899,11.88,1
900,11.69,1
901,11.12,1
902,11.37,1
903,11.51,1
904,11.79,1
905,11.79,1
906,12.37,1
907,11.99,1
908,10.59,1
909,10.2,1
910,9.41,1
911,9.41,1
912,10.03,1
913,10.81,1
914,10.71,1
915,10.41,1
916,11.12,1
917,11.33,1
918,12.7,1
919,12.31,1
920,12.65,1
921,12.11,1
922,11.89,1
923,11.18,1
924,11.38,1
925,11.55,1
926,11.51,1
927,11.16,1
928,11.52,1
929,11.85,1
930,11.59,1
931,11.15,1
932,11.05,1
933,11.39,1
934,11.99,1
935,11.65,1
936,12.71,1
937,12.84,1
938,12.65,1
939,12.02,1
940,11.61,1
941,10.84,1
942,10.98,1
943,10.83,1
944,10.98,1
945,11.18,1
946,11.5,1
947,11.25,1
948,11.35,1
949,11.58,1
950,11.89,1
951,11.88,1
952,11.51,1
953,11.25,1
954,11.62,1
955,12.02,1
956,11.3,1
957,10.94,1
958,11.67,1
959,11.67,1
960,12.14,1
961,12.4,1
962,13.27,1
963,13.3,1
964,12.94,1
965,12.07,1
966,11.77,1
967,11.45,1
968,11.13,1
969,11.36,1
970,11.48,1
971,12.26,1
972,13.0,1
973,13.17,1
974,12.86,1
975,13.51,1
976,13.51,1
977,13.38,1
978,12.5,1
979,12.11,1
980,12.23,1
981,12.19,1
982,12.13,1
983,12.1,1
984,12.31,1
985,11.94,1
986,11.8,1
987,12.12,1
988,12.52,1
989,12.71,1
990,13.59,1
991,12.87,1
992,11.96,1
993,12.72,1
994,12.32,1
995,11.82,1
996,11.2,1
997,10.73,1
998,10.78,1
999,10.64,1
