Figure: large_5
File Number: 28
Nodes: 300
Edges: 22543
Max Generations: 1000
Population Size: 100
Mutation Rate: 0.01
Colors Used: 214
Runtime: 1.03

Generation,Average Fitness,Best Fitness
0,107.0,87
1,103.04,87
2,100.67,83
3,97.65,83
4,95.13,77
5,94.15,77
6,92.6,76
7,91.44,75
8,89.25,71
9,87.74,71
10,85.47,71
11,83.66,64
12,81.89,64
13,79.44,64
14,78.21,63
15,77.71,60
16,77.29,59
17,74.53,58
18,73.52,57
19,71.24,56
20,70.07,55
21,67.02,55
22,65.04,55
23,63.4,52
24,63.93,52
25,62.29,50
26,61.43,48
27,59.87,48
28,59.2,48
29,58.17,45
30,56.4,45
31,55.68,43
32,54.18,43
33,52.92,38
34,50.71,38
35,49.5,38
36,47.36,35
37,45.69,31
38,45.14,31
39,43.57,31
40,42.5,31
41,41.01,31
42,39.4,30
43,39.18,30
44,38.94,30
45,38.66,30
46,38.17,30
47,38.37,30
48,38.02,28
49,37.91,28
50,37.84,28
51,37.0,27
52,36.0,27
53,35.87,27
54,35.26,27
55,35.52,24
56,35.73,24
57,35.85,24
58,35.6,24
59,34.68,24
60,34.91,24
61,34.69,21
62,33.95,21
63,33.48,21
64,33.37,21
65,32.65,21
66,32.09,21
67,31.19,21
68,30.65,21
69,30.18,19
70,29.51,19
71,29.37,19
72,28.52,19
73,28.07,19
74,28.32,19
75,27.94,19
76,27.69,19
77,27.8,19
78,27.87,19
79,27.5,19
80,27.8,19
81,27.67,19
82,27.8,19
83,27.79,19
84,27.77,19
85,27.59,19
86,27.23,19
87,27.65,19
88,27.74,19
89,27.72,19
90,27.58,19
91,27.31,16
92,27.49,16
93,27.38,16
94,26.51,16
95,25.91,16
96,25.22,16
97,25.5,16
98,25.25,16
99,24.72,16
100,25.07,16
101,25.37,16
102,25.35,16
103,24.54,16
104,24.24,16
105,24.48,15
106,24.37,15
107,24.08,15
108,24.48,15
109,23.83,15
110,24.14,15
111,24.12,15
112,24.08,15
113,23.69,15
114,23.18,15
115,22.93,15
116,22.06,14
117,21.76,14
118,20.75,12
119,20.63,12
120,20.05,12
121,19.25,11
122,19.27,11
123,19.29,11
124,19.06,11
125,19.04,11
126,18.75,11
127,18.35,10
128,18.3,10
129,18.91,10
130,19.36,10
131,19.59,10
132,18.92,10
133,18.24,10
134,18.48,10
135,18.35,9
136,17.79,9
137,17.89,9
138,17.39,8
139,17.36,8
140,17.24,8
141,17.2,8
142,17.04,8
143,17.01,8
144,16.62,8
145,16.45,8
146,16.12,8
147,16.18,8
148,16.29,8
149,16.66,8
150,16.77,8
151,16.4,8
152,16.0,8
153,16.6,7
154,16.36,7
155,16.46,7
156,16.23,7
157,16.22,7
158,16.41,7
159,15.75,7
160,15.26,7
161,14.99,7
162,14.57,7
163,14.78,7
164,14.19,7
165,13.76,7
166,13.78,6
167,13.53,6
168,13.65,6
169,13.86,6
170,14.04,6
171,14.16,6
172,14.25,6
173,14.36,6
174,14.64,6
175,14.13,6
176,14.18,6
177,14.33,6
178,15.09,6
179,15.17,6
180,15.1,6
181,15.37,6
182,15.42,6
183,15.01,6
184,15.04,6
185,14.89,5
186,14.24,5
187,14.27,5
188,13.9,5
189,13.8,5
190,13.93,5
191,14.16,5
192,13.72,5
193,13.73,5
194,13.41,5
195,12.84,5
196,12.72,5
197,13.36,5
198,13.23,5
199,13.1,4
200,14.32,4
201,14.99,4
202,14.97,4
203,14.71,4
204,13.8,4
205,13.68,4
206,13.38,4
207,13.15,4
208,12.55,4
209,13.05,4
210,13.04,4
211,13.1,4
212,12.89,4
213,13.61,4
214,13.59,4
215,13.61,4
216,13.2,4
217,12.49,4
218,12.2,4
219,11.8,4
220,11.39,4
221,11.67,4
222,11.51,4
223,11.33,4
224,11.61,4
225,12.26,4
226,12.93,4
227,12.73,4
228,13.43,4
229,13.7,4
230,13.77,4
231,13.89,4
232,13.69,4
233,12.92,4
234,13.09,4
235,13.06,4
236,13.67,4
237,12.66,4
238,12.21,4
239,12.28,4
240,12.23,4
241,12.01,4
242,12.08,4
243,11.79,4
244,11.44,4
245,11.46,4
246,11.31,4
247,11.47,4
248,11.79,4
249,11.94,4
250,12.11,4
251,11.93,4
252,12.23,4
253,11.91,4
254,11.72,4
255,11.81,4
256,11.99,4
257,12.4,4
258,12.47,4
259,12.41,4
260,12.12,4
261,12.15,4
262,11.7,4
263,12.11,4
264,12.58,4
265,12.82,4
266,13.3,4
267,12.93,4
268,12.4,4
269,11.95,4
270,12.32,4
271,11.86,4
272,11.75,4
273,12.18,4
274,11.34,4
275,11.19,4
276,11.55,4
277,11.65,4
278,11.46,4
279,11.78,4
280,12.17,4
281,12.71,4
282,12.83,4
283,12.5,4
284,12.52,4
285,12.49,4
286,12.9,4
287,13.22,4
288,13.54,4
289,13.25,4
290,13.05,4
291,13.34,4
292,13.0,4
293,13.21,4
294,13.31,4
295,12.68,4
296,12.63,4
297,12.34,4
298,12.75,4
299,12.71,4
300,12.49,4
301,12.59,4
302,12.27,4
303,12.88,3
304,12.75,3
305,12.85,3
306,12.93,3
307,12.61,3
308,12.5,3
309,11.74,3
310,11.9,3
311,11.86,3
312,11.61,3
313,11.49,3
314,11.54,3
315,11.98,3
316,11.91,3
317,12.47,3
318,12.71,3
319,13.07,3
320,13.45,3
321,13.67,3
322,13.09,3
323,12.74,3
324,12.98,3
325,12.53,3
326,12.88,3
327,13.37,3
328,13.5,3
329,13.5,3
330,13.72,3
331,13.41,3
332,13.03,3
333,12.87,3
334,12.47,3
335,12.16,3
336,12.74,3
337,12.64,3
338,12.89,3
339,13.25,3
340,13.58,3
341,13.46,3
342,13.36,3
343,13.31,3
344,13.16,3
345,13.61,3
346,13.55,3
347,14.06,3
348,14.39,3
349,14.39,3
350,14.26,3
351,13.58,3
352,13.62,3
353,13.12,3
354,13.31,3
355,13.36,3
356,12.9,3
357,12.23,3
358,12.06,3
359,11.73,3
360,12.07,3
361,11.69,3
362,11.63,3
363,11.91,3
364,11.85,3
365,12.55,3
366,12.98,3
367,13.33,3
368,13.61,3
369,13.38,3
370,13.82,3
371,13.45,3
372,13.24,3
373,11.99,3
374,11.39,3
375,11.38,3
376,10.96,3
377,11.89,3
378,11.14,3
379,11.61,3
380,11.49,3
381,11.9,3
382,12.04,3
383,11.57,3
384,11.6,3
385,11.53,3
386,12.05,3
387,11.87,3
388,12.04,3
389,11.68,3
390,12.57,3
391,12.43,3
392,13.15,3
393,12.65,3
394,12.05,3
395,12.66,3
396,12.76,3
397,12.4,3
398,12.39,3
399,12.18,3
400,12.11,3
401,11.98,3
402,11.84,3
403,11.94,3
404,12.4,3
405,13.06,3
406,13.07,3
407,13.52,3
408,13.74,3
409,13.91,3
410,13.86,3
411,13.22,3
412,12.38,3
413,12.54,3
414,13.1,3
415,12.94,3
416,13.11,3
417,13.07,3
418,12.62,3
419,12.12,3
420,11.49,3
421,11.11,3
422,10.57,3
423,10.98,3
424,11.08,3
425,10.91,3
426,11.0,3
427,11.19,3
428,11.46,3
429,11.64,3
430,11.48,3
431,11.79,3
432,11.36,3
433,10.76,3
434,10.79,3
435,10.82,3
436,11.12,3
437,11.02,3
438,11.41,3
439,11.77,3
440,11.44,3
441,11.24,3
442,11.55,3
443,11.87,3
444,12.47,3
445,12.62,3
446,13.27,3
447,12.95,3
448,12.8,3
449,12.81,3
450,11.9,3
451,12.73,3
452,13.37,3
453,13.55,3
454,13.63,3
455,13.12,3
456,13.5,3
457,13.72,3
458,13.64,3
459,13.59,3
460,12.96,3
461,12.95,3
462,12.46,3
463,12.99,3
464,12.85,3
465,12.16,3
466,11.73,3
467,11.66,3
468,11.96,3
469,11.69,3
470,11.31,3
471,11.25,3
472,11.37,3
473,11.87,3
474,12.28,3
475,11.83,3
476,11.01,3
477,10.88,3
478,10.92,3
479,10.91,3
480,11.25,3
481,11.21,3
482,10.67,3
483,10.58,3
484,10.56,3
485,10.69,3
486,10.79,3
487,11.48,3
488,12.05,3
489,12.29,3
490,12.57,3
491,12.2,3
492,12.07,3
493,12.15,3
494,12.47,3
495,12.96,3
496,12.37,3
497,11.64,3
498,11.67,3
499,11.63,3
500,11.81,3
501,12.35,3
502,12.24,3
503,11.88,3
504,11.56,3
505,11.17,3
506,11.6,3
507,11.17,3
508,10.85,3
509,10.93,3
510,11.06,3
511,11.43,3
512,10.91,3
513,11.6,3
514,11.05,3
515,11.07,3
516,11.12,3
517,11.4,3
518,11.29,3
519,11.45,3
520,11.65,3
521,11.78,3
522,12.02,3
523,12.12,3
524,11.91,3
525,11.3,3
526,10.82,3
527,11.24,3
528,11.35,3
529,11.51,3
530,11.99,3
531,11.85,3
532,11.76,3
533,12.12,3
534,11.78,3
535,11.98,3
536,11.71,3
537,11.67,3
538,11.89,3
539,11.83,3
540,12.76,3
541,12.71,3
542,12.76,3
543,12.98,3
544,12.46,3
545,11.99,3
546,12.21,3
547,12.6,3
548,12.37,3
549,12.91,3
550,13.42,3
551,13.9,3
552,14.01,3
553,13.54,3
554,13.47,3
555,12.26,3
556,11.92,3
557,11.44,3
558,10.76,3
559,10.4,3
560,11.03,3
561,11.65,3
562,11.36,3
563,11.25,3
564,11.82,3
565,11.38,3
566,11.69,3
567,11.52,3
568,11.62,3
569,12.18,3
570,11.28,3
571,11.25,3
572,11.43,3
573,11.56,3
574,11.55,3
575,12.05,3
576,11.79,3
577,11.97,3
578,11.98,3
579,11.48,3
580,11.68,3
581,11.78,3
582,11.84,3
583,11.65,3
584,11.43,3
585,11.83,3
586,11.58,3
587,11.59,3
588,11.19,3
589,11.55,3
590,10.66,3
591,10.19,3
592,10.04,3
593,10.08,3
594,10.85,3
595,11.09,3
596,11.23,2
597,11.53,2
598,10.84,2
599,11.05,2
600,11.69,2
601,11.74,2
602,11.42,2
603,11.57,2
604,11.23,2
605,11.67,2
606,10.88,2
607,10.48,2
608,10.74,2
609,11.26,2
610,11.28,2
611,11.34,2
612,11.76,2
613,11.61,2
614,10.78,2
615,11.33,2
616,11.01,2
617,11.91,2
618,11.54,2
619,11.91,2
620,11.87,2
621,11.94,2
622,11.74,2
623,12.94,2
624,13.03,2
625,13.47,2
626,13.55,2
627,13.32,2
628,12.94,2
629,12.37,2
630,12.48,2
631,12.14,2
632,12.24,2
633,12.43,2
634,12.52,2
635,12.81,2
636,12.06,2
637,12.47,2
638,12.89,2
639,13.45,2
640,13.08,2
641,12.96,2
642,12.61,2
643,13.0,2
644,13.12,2
645,13.59,2
646,13.0,2
647,12.42,2
648,13.21,2
649,12.75,2
650,12.34,2
651,12.0,2
652,12.57,2
653,12.4,2
654,12.33,2
655,12.39,2
656,12.18,2
657,11.88,2
658,11.9,2
659,12.18,2
660,12.29,2
661,12.36,2
662,12.65,2
663,12.45,2
664,12.5,2
665,12.83,2
666,12.65,2
667,13.05,2
668,12.42,2
669,11.58,2
670,10.72,2
671,11.18,2
672,11.1,2
673,11.08,2
674,11.41,2
675,11.55,2
676,12.0,2
677,12.34,2
678,12.57,2
679,12.52,2
680,13.29,2
681,13.0,2
682,13.45,2
683,13.81,2
684,12.91,2
685,12.28,2
686,12.27,2
687,11.76,2
688,11.97,2
689,12.32,2
690,12.36,2
691,13.11,2
692,12.65,2
693,12.11,2
694,11.64,2
695,10.94,2
696,10.43,2
697,10.72,2
698,10.69,2
699,10.76,2
700,11.48,2
701,11.59,2
702,11.53,2
703,11.0,2
704,10.54,2
705,10.64,2
706,11.33,2
707,11.53,2
708,11.82,2
709,12.09,2
710,11.88,2
711,11.3,2
712,10.59,2
713,10.36,2
714,10.15,2
715,9.81,2
716,9.59,2
717,10.08,2
718,10.02,2
719,9.73,2
720,9.83,2
721,9.77,2
722,9.77,2
723,9.82,2
724,9.53,2
725,8.93,2
726,8.94,2
727,8.7,2
728,9.03,2
729,9.49,2
730,10.1,2
731,10.21,2
732,10.3,2
733,9.93,2
734,9.86,2
735,9.81,2
736,10.58,2
737,10.87,2
738,11.8,2
739,11.81,2
740,12.03,2
741,11.79,2
742,12.93,2
743,13.01,2
744,13.23,2
745,12.85,2
746,12.26,2
747,12.18,2
748,12.42,2
749,12.56,2
750,12.06,2
751,11.77,2
752,10.98,2
753,10.45,2
754,10.2,2
755,10.17,2
756,9.39,2
757,9.46,2
758,10.26,2
759,10.33,2
760,10.42,2
761,10.59,2
762,10.37,2
763,10.3,2
764,10.2,2
765,10.64,2
766,10.24,2
767,10.34,2
768,10.35,2
769,11.06,2
770,11.18,2
771,11.57,2
772,11.69,2
773,11.13,2
774,11.62,2
775,11.95,2
776,11.68,2
777,11.96,2
778,11.71,2
779,11.2,2
780,10.88,2
781,10.96,2
782,10.44,2
783,10.69,2
784,10.45,2
785,9.86,2
786,9.82,2
787,8.87,2
788,9.15,2
789,9.15,2
790,9.59,2
791,9.94,2
792,10.38,2
793,10.5,2
794,10.56,2
795,10.9,2
796,11.56,2
797,11.62,2
798,10.95,2
799,11.29,2
800,11.14,2
801,10.84,2
802,11.66,2
803,11.42,2
804,10.6,2
805,10.4,2
806,9.5,2
807,9.25,2
808,9.33,2
809,9.57,2
810,9.39,2
811,9.52,2
812,9.82,2
813,9.99,2
814,10.32,2
815,10.93,2
816,10.85,2
817,11.41,2
818,11.86,2
819,12.21,2
820,12.44,2
821,12.37,2
822,11.97,2
823,11.6,2
824,11.12,2
825,11.14,2
826,11.83,2
827,11.71,2
828,11.13,2
829,11.0,2
830,11.53,2
831,11.21,2
832,10.83,2
833,11.0,2
834,10.85,2
835,10.47,2
836,10.38,2
837,10.7,2
838,10.95,2
839,11.26,2
840,10.51,2
841,10.38,2
842,10.39,2
843,10.01,2
844,10.39,2
845,10.13,2
846,10.53,2
847,10.6,2
848,10.8,2
849,11.23,2
850,11.44,2
851,11.51,2
852,11.6,2
853,11.95,2
854,12.37,2
855,12.55,2
856,12.39,2
857,11.24,2
858,11.0,2
859,11.12,2
860,11.03,2
861,11.3,2
862,10.66,2
863,10.73,2
864,10.82,2
865,10.75,2
866,10.84,2
867,10.59,2
868,10.8,2
869,11.09,2
870,10.76,2
871,11.07,2
872,10.54,2
873,10.75,2
874,10.78,2
875,10.96,2
876,11.43,2
877,10.92,2
878,11.26,2
879,11.68,2
880,11.77,2
881,11.76,2
882,11.73,2
883,11.27,2
884,11.18,2
885,11.49,2
886,12.17,2
887,12.23,2
888,11.87,2
889,12.02,2
890,11.46,2
891,11.29,2
892,11.36,2
893,12.01,2
894,12.12,2
895,12.55,2
896,12.44,2
897,12.24,2
898,11.88,2
899,11.1,2
900,11.33,2
901,11.17,2
902,11.68,2
903,11.96,2
904,11.71,2
905,11.31,2
906,10.89,2
907,10.98,2
908,10.9,2
909,10.97,2
910,11.58,2
911,11.41,2
912,11.2,2
913,11.18,2
914,10.89,2
915,10.43,2
916,10.34,2
917,10.21,2
918,10.72,2
919,11.2,2
920,10.64,2
921,10.76,2
922,10.51,2
923,10.87,2
924,11.13,2
925,11.46,2
926,11.37,2
927,11.77,2
928,11.99,2
929,12.66,2
930,12.27,2
931,12.06,2
932,11.6,2
933,11.3,2
934,11.08,2
935,11.08,2
936,11.36,2
937,11.18,2
938,10.95,2
939,11.19,2
940,11.34,2
941,11.26,2
942,11.24,2
943,10.62,2
944,11.09,2
945,11.36,2
946,11.05,2
947,10.98,2
948,10.87,2
949,10.53,2
950,10.58,2
951,10.5,2
952,10.57,2
953,10.83,2
954,11.03,2
955,10.96,2
956,10.79,2
957,10.06,2
958,10.28,2
959,10.84,2
960,10.91,2
961,10.84,2
962,10.74,2
963,11.09,2
964,11.37,2
965,11.48,2
966,10.94,2
967,10.92,2
968,11.05,2
969,12.15,2
970,11.78,2
971,11.71,2
972,12.22,2
973,12.32,2
974,12.41,2
975,12.46,2
976,12.1,2
977,11.86,2
978,11.88,2
979,12.04,2
980,12.38,2
981,11.67,2
982,11.73,2
983,11.61,2
984,11.52,2
985,10.96,2
986,11.22,2
987,11.28,2
988,11.02,2
989,11.29,2
990,11.32,2
991,11.31,2
992,11.69,2
993,11.12,2
994,11.42,2
995,11.22,2
996,11.3,2
997,10.77,2
998,10.44,2
999,11.07,2
