Figure: large_5
File Number: 3
Nodes: 300
Edges: 22543
Max Generations: 1000
Population Size: 100
Mutation Rate: 0.01
Colors Used: 174
Runtime: 9.84

Generation,Average Fitness,Best Fitness
0,130.62,105
1,125.67,98
2,123.77,98
3,120.3,92
4,117.51,92
5,116.64,90
6,115.65,90
7,113.47,90
8,113.78,88
9,111.31,87
10,110.3,86
11,108.05,83
12,103.26,83
13,102.21,83
14,100.18,83
15,97.78,83
16,96.46,82
17,93.71,79
18,91.64,78
19,89.11,76
20,86.55,76
21,85.02,75
22,84.23,74
23,82.9,73
24,81.47,73
25,80.25,64
26,78.49,64
27,77.57,64
28,76.23,64
29,75.24,61
30,73.56,61
31,72.72,61
32,71.22,59
33,69.36,55
34,68.45,55
35,67.12,55
36,66.01,55
37,65.64,54
38,64.59,54
39,63.64,54
40,62.81,53
41,62.48,53
42,62.21,52
43,61.44,49
44,60.48,49
45,59.16,47
46,58.43,47
47,57.34,47
48,56.89,47
49,55.77,44
50,55.27,44
51,54.25,44
52,53.65,44
53,52.7,41
54,52.5,41
55,51.88,41
56,50.94,40
57,50.29,39
58,49.99,39
59,49.0,37
60,49.37,34
61,49.11,34
62,49.37,34
63,49.3,34
64,47.0,34
65,46.49,34
66,45.95,34
67,45.71,34
68,45.66,33
69,44.7,33
70,43.2,31
71,42.19,31
72,42.0,31
73,41.5,30
74,41.11,30
75,40.28,30
76,39.43,30
77,38.95,30
78,38.08,29
79,37.91,29
80,37.08,28
81,36.77,27
82,36.05,26
83,35.41,26
84,34.68,25
85,33.98,25
86,34.05,25
87,33.7,25
88,33.4,25
89,33.67,25
90,33.45,25
91,32.83,25
92,33.18,25
93,33.59,25
94,33.44,25
95,33.51,25
96,32.81,24
97,32.76,23
98,32.99,23
99,32.33,23
100,31.99,23
101,31.41,21
102,31.92,21
103,31.32,21
104,30.68,20
105,31.24,20
106,30.92,20
107,30.38,20
108,29.16,20
109,28.95,18
110,28.57,18
111,28.17,18
112,27.5,16
113,27.17,16
114,26.45,16
115,26.95,15
116,26.63,15
117,26.28,15
118,25.84,15
119,26.9,15
120,27.09,15
121,27.59,15
122,27.36,15
123,27.11,14
124,27.77,14
125,27.63,14
126,26.83,14
127,26.77,14
128,26.21,14
129,25.52,14
130,25.19,14
131,25.45,14
132,25.05,13
133,24.83,13
134,24.46,12
135,24.27,12
136,23.83,12
137,24.02,12
138,24.06,12
139,23.92,12
140,24.89,12
141,24.73,12
142,24.4,12
143,24.47,12
144,24.33,12
145,24.27,12
146,24.15,12
147,23.85,12
148,22.47,12
149,22.43,12
150,22.29,12
151,22.64,12
152,22.42,12
153,22.06,12
154,21.42,12
155,21.08,12
156,20.43,12
157,20.41,12
158,20.15,12
159,20.26,12
160,20.55,12
161,20.68,12
162,20.51,12
163,20.76,12
164,20.9,12
165,21.52,12
166,22.22,12
167,22.31,12
168,22.0,10
169,22.58,10
170,22.15,10
171,22.22,10
172,21.76,10
173,21.56,10
174,21.79,10
175,22.31,10
176,22.6,10
177,22.95,10
178,23.3,10
179,23.78,10
180,23.54,10
181,22.93,10
182,22.64,10
183,22.15,10
184,22.32,10
185,21.48,10
186,20.69,10
187,20.72,10
188,18.81,10
189,19.37,10
190,20.05,10
191,20.0,10
192,20.63,10
193,20.4,10
194,19.72,10
195,19.44,10
196,19.37,10
197,20.26,10
198,21.16,10
199,21.25,10
200,20.74,10
201,20.64,10
202,20.91,10
203,21.18,10
204,20.8,10
205,21.11,10
206,21.46,10
207,21.56,10
208,21.21,10
209,21.2,10
210,21.49,10
211,21.52,10
212,21.07,10
213,21.12,10
214,20.5,10
215,20.16,10
216,19.9,10
217,19.95,10
218,19.2,10
219,19.99,10
220,19.83,9
221,19.85,9
222,20.17,9
223,19.17,9
224,19.5,9
225,19.33,7
226,19.88,7
227,20.06,7
228,19.13,7
229,18.73,7
230,18.03,7
231,17.79,7
232,17.74,7
233,17.54,7
234,17.69,7
235,17.61,7
236,17.29,7
237,17.27,7
238,17.65,7
239,17.0,7
240,17.07,7
241,17.26,7
242,16.99,7
243,16.9,7
244,17.21,7
245,18.61,7
246,18.82,7
247,18.32,7
248,18.18,7
249,18.2,7
250,17.7,7
251,17.73,7
252,17.29,7
253,17.62,7
254,18.25,7
255,18.46,7
256,18.51,7
257,18.19,7
258,18.33,7
259,18.72,7
260,18.04,7
261,18.19,7
262,17.75,7
263,18.04,7
264,17.79,7
265,18.01,7
266,17.69,7
267,17.67,7
268,17.91,7
269,17.44,7
270,17.92,7
271,18.46,7
272,18.06,7
273,17.82,7
274,17.81,7
275,18.14,7
276,17.64,7
277,17.71,7
278,17.62,6
279,16.71,6
280,17.17,6
281,17.19,6
282,17.06,6
283,17.34,6
284,17.35,6
285,17.55,6
286,17.92,6
287,17.42,6
288,16.8,6
289,17.23,6
290,17.08,6
291,17.29,6
292,17.88,6
293,17.98,6
294,17.26,6
295,16.71,6
296,16.16,6
297,15.91,6
298,16.06,6
299,15.88,6
300,16.84,6
301,17.11,6
302,17.51,6
303,17.56,6
304,16.38,6
305,16.47,6
306,17.11,6
307,16.78,6
308,17.06,6
309,17.19,5
310,17.42,5
311,17.05,5
312,16.91,5
313,17.23,5
314,17.38,5
315,17.85,5
316,17.25,5
317,17.8,5
318,17.1,5
319,17.5,5
320,17.19,5
321,16.97,5
322,17.37,5
323,17.73,5
324,17.94,5
325,17.34,5
326,17.02,5
327,16.76,5
328,16.09,5
329,16.75,5
330,17.07,5
331,17.24,5
332,16.68,4
333,16.55,4
334,17.11,4
335,17.12,4
336,15.97,4
337,16.21,4
338,16.31,4
339,15.35,4
340,14.72,4
341,14.5,4
342,14.61,4
343,14.9,4
344,15.36,4
345,15.94,4
346,15.49,4
347,14.79,4
348,14.36,4
349,14.18,4
350,13.62,4
351,14.44,4
352,14.63,4
353,15.34,4
354,15.58,4
355,15.11,4
356,15.34,4
357,15.97,4
358,16.09,4
359,16.48,4
360,17.06,4
361,16.73,4
362,16.43,4
363,17.05,4
364,16.89,4
365,17.69,4
366,18.14,4
367,17.66,4
368,16.46,4
369,16.12,4
370,16.38,4
371,16.66,4
372,16.26,4
373,16.2,4
374,16.6,4
375,16.8,4
376,16.61,4
377,16.36,4
378,16.18,4
379,16.76,4
380,17.12,4
381,16.55,4
382,16.21,4
383,16.21,4
384,16.3,4
385,16.94,4
386,16.66,4
387,16.31,4
388,16.05,4
389,16.94,4
390,16.66,4
391,16.85,4
392,17.19,4
393,16.96,4
394,16.38,4
395,16.41,4
396,16.1,4
397,15.99,4
398,15.5,4
399,15.74,4
400,15.82,4
401,15.22,4
402,15.62,4
403,15.32,4
404,15.04,4
405,14.73,4
406,14.36,4
407,14.98,4
408,14.83,4
409,14.37,4
410,14.59,4
411,14.65,4
412,14.64,4
413,14.78,4
414,14.73,4
415,14.69,4
416,15.32,4
417,15.04,4
418,14.92,4
419,14.74,4
420,15.54,4
421,15.42,4
422,15.47,4
423,14.85,4
424,15.03,4
425,15.65,4
426,16.13,4
427,16.54,4
428,16.76,4
429,16.61,4
430,15.97,4
431,16.01,4
432,15.47,4
433,15.01,4
434,14.97,4
435,15.64,4
436,15.82,4
437,16.46,4
438,16.03,4
439,16.27,4
440,16.59,4
441,16.37,4
442,15.96,4
443,16.0,4
444,15.14,4
445,15.36,4
446,15.38,4
447,14.8,4
448,15.4,4
449,15.24,4
450,15.08,4
451,15.68,4
452,16.72,4
453,16.65,4
454,17.16,4
455,17.03,4
456,16.13,4
457,17.36,4
458,17.08,4
459,16.15,4
460,15.36,4
461,16.27,4
462,16.09,4
463,16.2,4
464,16.36,4
465,16.28,4
466,17.26,4
467,17.03,4
468,17.2,4
469,16.92,4
470,16.21,4
471,15.9,3
472,15.58,3
473,15.63,3
474,15.17,3
475,15.24,3
476,15.65,3
477,15.29,3
478,15.45,3
479,14.97,3
480,15.2,3
481,15.23,3
482,14.74,3
483,14.34,3
484,13.25,3
485,12.96,3
486,12.62,3
487,13.34,3
488,13.35,3
489,14.01,3
490,14.03,3
491,14.33,3
492,14.62,3
493,14.71,3
494,14.45,3
495,14.41,3
496,14.22,3
497,14.24,3
498,14.02,3
499,14.22,3
500,14.76,3
501,14.51,3
502,14.59,3
503,13.46,3
504,13.13,3
505,13.58,3
506,13.67,3
507,13.21,3
508,14.39,3
509,14.9,3
510,15.09,3
511,15.23,3
512,14.93,3
513,15.16,3
514,14.82,3
515,14.43,3
516,13.98,3
517,14.29,3
518,14.07,3
519,13.77,3
520,13.31,3
521,12.5,3
522,12.84,3
523,13.07,3
524,12.88,3
525,13.39,3
526,13.84,3
527,13.93,3
528,14.61,3
529,15.03,3
530,15.13,3
531,15.89,3
532,15.94,3
533,15.59,3
534,14.97,3
535,15.0,3
536,14.13,3
537,14.38,3
538,14.91,3
539,14.91,3
540,15.85,3
541,15.76,3
542,15.48,3
543,14.51,3
544,14.05,3
545,14.36,3
546,13.97,3
547,13.45,3
548,13.27,3
549,12.98,3
550,13.03,3
551,13.01,3
552,13.34,3
553,13.18,3
554,13.87,3
555,13.9,3
556,13.37,3
557,13.58,3
558,13.59,3
559,14.0,3
560,14.11,3
561,14.5,3
562,14.2,3
563,14.07,3
564,14.23,3
565,13.82,3
566,13.46,3
567,13.67,3
568,13.81,3
569,13.43,3
570,12.99,3
571,12.55,3
572,13.07,3
573,13.77,3
574,13.95,3
575,14.2,3
576,14.68,3
577,14.45,3
578,14.07,3
579,14.11,3
580,13.1,3
581,12.97,3
582,12.7,3
583,13.3,3
584,13.26,3
585,13.63,3
586,12.74,3
587,12.83,3
588,13.13,3
589,13.99,3
590,14.45,3
591,14.33,3
592,14.36,3
593,14.19,3
594,14.47,3
595,14.68,3
596,15.28,3
597,15.03,3
598,14.59,3
599,14.57,3
600,15.13,3
601,15.39,3
602,15.79,3
603,16.25,3
604,16.31,3
605,15.65,3
606,15.83,3
607,15.67,3
608,15.74,3
609,15.89,3
610,15.98,3
611,15.92,3
612,16.03,3
613,16.47,3
614,16.2,3
615,15.21,3
616,15.21,3
617,15.8,3
618,15.45,3
619,14.94,3
620,14.91,3
621,14.22,3
622,13.54,3
623,13.34,3
624,13.94,3
625,13.85,3
626,13.77,3
627,13.68,3
628,14.06,3
629,14.42,3
630,13.95,3
631,14.55,3
632,14.31,3
633,13.96,3
634,14.76,3
635,14.81,3
636,15.24,3
637,15.72,3
638,15.68,3
639,15.39,3
640,15.49,3
641,16.22,3
642,16.12,3
643,15.97,3
644,16.22,3
645,16.51,3
646,16.73,3
647,16.53,3
648,16.71,3
649,16.74,3
650,16.57,3
651,15.68,3
652,15.75,3
653,15.48,3
654,15.28,3
655,14.33,3
656,13.84,3
657,13.26,3
658,13.59,3
659,14.21,3
660,14.41,3
661,14.99,3
662,14.95,3
663,15.2,3
664,15.23,3
665,14.75,3
666,14.5,2
667,14.29,2
668,14.1,2
669,14.06,2
670,13.89,2
671,14.12,2
672,14.8,2
673,14.55,2
674,13.52,2
675,13.9,2
676,14.51,2
677,14.68,2
678,13.74,2
679,12.67,2
680,11.79,2
681,11.7,2
682,12.15,2
683,12.68,2
684,12.47,2
685,12.39,2
686,12.19,2
687,11.51,2
688,11.79,2
689,11.81,2
690,12.11,2
691,12.07,2
692,12.84,2
693,12.35,2
694,13.07,2
695,13.1,2
696,13.58,2
697,14.13,2
698,14.38,2
699,13.98,2
700,14.25,2
701,14.35,2
702,14.4,2
703,15.0,2
704,15.07,2
705,14.87,2
706,14.49,2
707,14.36,2
708,15.06,2
709,14.82,2
710,14.88,2
711,15.48,2
712,15.16,2
713,15.38,2
714,15.27,2
715,16.09,2
716,15.88,2
717,15.63,2
718,15.12,2
719,13.88,2
720,12.84,2
721,12.36,2
722,12.73,2
723,11.99,2
724,11.96,2
725,12.14,2
726,12.43,2
727,11.89,2
728,12.32,2
729,12.73,2
730,13.13,2
731,13.14,2
732,13.05,2
733,13.27,2
734,13.36,2
735,13.3,2
736,13.51,2
737,13.28,2
738,13.64,2
739,13.51,2
740,13.01,2
741,12.66,2
742,12.66,2
743,12.49,2
744,12.22,2
745,12.46,2
746,12.02,2
747,12.48,2
748,13.16,2
749,12.39,2
750,12.04,2
751,12.26,2
752,12.52,2
753,12.13,2
754,12.79,2
755,12.07,2
756,12.06,2
757,12.08,2
758,12.47,2
759,13.32,2
760,13.55,2
761,13.31,2
762,13.13,2
763,13.58,2
764,13.75,2
765,14.42,2
766,14.65,2
767,14.68,2
768,14.74,2
769,14.54,2
770,14.83,2
771,14.64,2
772,14.81,2
773,14.71,2
774,14.68,2
775,14.64,2
776,14.77,2
777,14.81,2
778,14.94,2
779,14.26,2
780,14.14,2
781,14.64,2
782,13.83,2
783,13.9,2
784,13.49,2
785,13.41,2
786,13.76,2
787,13.41,2
788,13.41,2
789,13.12,2
790,12.63,2
791,12.66,2
792,12.56,2
793,12.58,2
794,12.62,2
795,13.87,2
796,13.64,2
797,14.17,2
798,14.28,2
799,14.44,2
800,14.27,2
801,13.62,2
802,14.55,2
803,14.13,2
804,13.84,2
805,13.95,2
806,14.41,2
807,14.33,2
808,14.57,2
809,14.23,2
810,14.02,2
811,13.8,2
812,13.45,2
813,13.18,2
814,14.07,2
815,13.39,2
816,13.37,2
817,13.45,2
818,13.21,2
819,13.66,2
820,13.07,2
821,13.18,2
822,12.84,2
823,12.23,2
824,12.8,2
825,13.34,2
826,13.14,2
827,14.06,2
828,13.75,2
829,14.5,2
830,14.39,2
831,14.67,2
832,14.82,2
833,15.09,2
834,14.57,2
835,14.86,2
836,14.58,2
837,14.08,2
838,13.98,2
839,14.18,2
840,13.78,2
841,13.42,2
842,13.99,2
843,14.51,2
844,14.43,2
845,14.82,2
846,15.29,2
847,14.89,2
848,14.64,2
849,14.82,2
850,15.01,2
851,14.65,2
852,14.84,2
853,15.23,2
854,15.47,2
855,15.39,2
856,16.14,2
857,15.19,2
858,16.14,2
859,16.25,2
860,16.27,2
861,16.81,2
862,16.9,2
863,16.04,2
864,15.9,2
865,16.15,2
866,15.78,2
867,15.56,2
868,15.52,2
869,15.6,2
870,15.18,2
871,14.57,2
872,14.84,2
873,14.34,2
874,14.86,2
875,14.53,2
876,15.17,2
877,15.59,2
878,14.25,2
879,13.71,2
880,12.45,2
881,12.66,2
882,12.82,2
883,12.68,2
884,13.32,2
885,13.36,2
886,14.67,2
887,14.85,2
888,14.7,2
889,14.67,2
890,14.89,2
891,14.77,2
892,15.32,2
893,15.24,2
894,15.58,2
895,15.03,2
896,15.86,2
897,15.91,2
898,14.92,2
899,14.06,2
900,13.54,2
901,13.04,2
902,12.76,2
903,13.0,2
904,13.55,2
905,14.17,2
906,14.14,2
907,14.51,2
908,14.38,2
909,14.0,2
910,13.75,2
911,13.49,2
912,13.54,2
913,13.17,2
914,13.43,2
915,13.5,2
916,13.38,2
917,12.98,2
918,13.45,2
919,13.7,2
920,13.97,2
921,14.0,2
922,14.17,2
923,14.25,2
924,14.56,2
925,14.71,2
926,14.71,2
927,14.45,2
928,14.04,2
929,13.47,2
930,13.68,2
931,12.6,2
932,12.62,2
933,12.81,2
934,12.89,2
935,13.34,2
936,13.95,2
937,14.12,2
938,13.95,2
939,13.29,2
940,12.9,2
941,12.54,2
942,12.25,2
943,12.43,2
944,13.22,2
945,13.06,2
946,12.95,2
947,13.78,2
948,13.67,2
949,13.53,2
950,14.48,2
951,15.19,2
952,15.34,2
953,14.74,2
954,14.59,2
955,14.0,2
956,13.28,2
957,13.66,2
958,13.81,2
959,14.33,2
960,14.27,2
961,14.06,2
962,13.4,2
963,13.65,2
964,13.77,2
965,13.86,2
966,14.45,2
967,14.49,2
968,14.98,2
969,15.14,2
970,15.14,2
971,15.01,2
972,14.26,2
973,13.79,2
974,13.59,2
975,13.16,2
976,13.39,2
977,13.9,2
978,13.55,2
979,13.55,2
980,13.6,2
981,13.94,2
982,13.8,2
983,13.52,2
984,13.76,2
985,13.26,2
986,13.53,2
987,13.36,2
988,13.43,2
989,13.84,2
990,13.97,2
991,14.34,2
992,14.58,2
993,14.98,2
994,15.05,2
995,14.2,2
996,14.34,2
997,13.6,2
998,13.4,2
999,13.27,2
