Figure: large_5
File Number: 5
Nodes: 300
Edges: 22543
Max Generations: 1000
Population Size: 100
Mutation Rate: 0.01
Colors Used: 173
Runtime: 8.88

Generation,Average Fitness,Best Fitness
0,131.75,98
1,126.02,98
2,122.57,98
3,122.01,94
4,119.15,94
5,115.26,94
6,115.84,94
7,115.13,92
8,111.49,92
9,109.07,85
10,106.87,83
11,101.74,79
12,96.21,77
13,92.4,76
14,89.07,72
15,87.25,67
16,83.74,67
17,79.92,67
18,78.13,65
19,77.49,65
20,76.35,65
21,74.8,64
22,73.98,64
23,73.2,63
24,71.79,63
25,71.18,60
26,70.02,60
27,68.61,58
28,67.57,55
29,67.24,55
30,65.1,52
31,64.76,52
32,63.41,52
33,62.36,51
34,61.03,51
35,60.39,51
36,59.69,50
37,58.87,49
38,58.55,49
39,57.78,48
40,56.35,48
41,55.81,47
42,54.04,44
43,53.1,42
44,52.74,42
45,51.93,42
46,51.38,42
47,51.26,42
48,51.02,42
49,50.97,42
50,50.95,42
51,51.3,42
52,50.95,40
53,49.84,40
54,49.66,40
55,49.36,37
56,49.13,37
57,48.92,37
58,48.06,37
59,46.53,37
60,46.06,34
61,45.36,34
62,45.68,34
63,45.64,34
64,45.65,33
65,45.17,33
66,44.14,33
67,43.87,33
68,43.14,33
69,42.33,33
70,42.08,30
71,40.89,30
72,40.85,30
73,40.46,29
74,39.8,29
75,39.02,29
76,38.63,29
77,38.87,28
78,39.04,28
79,39.53,28
80,39.58,28
81,39.33,28
82,38.21,28
83,38.36,26
84,37.72,25
85,37.43,24
86,36.13,24
87,35.7,24
88,35.42,24
89,35.26,24
90,35.06,24
91,34.79,24
92,34.07,24
93,33.68,24
94,33.1,24
95,33.18,24
96,32.75,24
97,31.98,21
98,32.51,21
99,31.69,21
100,32.03,21
101,32.22,21
102,30.96,21
103,30.58,21
104,30.99,21
105,31.09,21
106,31.22,21
107,30.57,21
108,29.07,21
109,29.77,21
110,30.23,21
111,30.34,21
112,30.62,21
113,30.54,21
114,30.56,21
115,30.67,21
116,30.83,20
117,30.08,20
118,30.21,18
119,29.98,18
120,29.66,18
121,29.55,18
122,29.0,18
123,28.32,18
124,27.61,18
125,27.07,18
126,26.61,17
127,27.01,17
128,27.22,17
129,27.01,17
130,26.81,17
131,26.15,17
132,26.5,17
133,26.06,17
134,25.72,17
135,25.89,17
136,25.75,17
137,26.27,17
138,25.99,17
139,25.87,17
140,25.59,17
141,25.29,17
142,25.48,17
143,25.59,17
144,25.1,17
145,25.52,17
146,25.58,17
147,25.32,17
148,25.74,17
149,25.87,17
150,26.09,17
151,26.21,17
152,26.28,17
153,27.04,17
154,27.33,17
155,26.98,17
156,26.36,17
157,26.84,17
158,26.68,17
159,25.91,15
160,25.68,15
161,25.23,15
162,25.42,15
163,24.96,15
164,24.86,15
165,24.58,15
166,23.82,15
167,23.63,15
168,23.45,15
169,24.45,15
170,24.01,15
171,24.92,15
172,25.41,15
173,25.23,15
174,25.56,15
175,26.0,15
176,25.97,15
177,26.23,13
178,26.05,13
179,25.75,13
180,25.46,13
181,24.97,13
182,23.87,13
183,23.71,13
184,23.24,13
185,22.76,13
186,22.55,13
187,22.18,13
188,22.34,13
189,22.23,13
190,22.81,13
191,23.1,13
192,23.03,13
193,22.48,13
194,21.67,13
195,21.84,13
196,22.42,13
197,22.56,13
198,22.83,13
199,23.37,13
200,23.82,13
201,23.31,13
202,22.96,13
203,22.14,12
204,22.46,12
205,22.97,12
206,23.96,12
207,24.28,12
208,24.48,12
209,24.19,12
210,24.37,12
211,23.94,12
212,24.05,12
213,24.01,12
214,23.96,11
215,23.0,11
216,22.01,11
217,21.12,11
218,20.45,11
219,20.31,11
220,20.09,11
221,19.59,11
222,20.47,11
223,20.02,11
224,20.31,11
225,20.76,11
226,21.38,11
227,21.53,11
228,20.88,11
229,21.25,11
230,20.58,11
231,20.31,11
232,19.99,11
233,20.96,11
234,20.51,11
235,20.4,11
236,20.36,11
237,20.46,11
238,20.77,11
239,21.09,11
240,21.35,11
241,21.66,11
242,22.47,11
243,21.94,11
244,20.38,11
245,21.14,11
246,21.03,11
247,20.55,11
248,20.17,11
249,20.04,11
250,19.87,11
251,19.48,11
252,20.0,11
253,20.76,11
254,20.57,11
255,21.12,11
256,21.75,11
257,21.52,11
258,21.83,11
259,22.67,11
260,21.7,10
261,21.61,10
262,21.14,10
263,20.72,10
264,20.68,10
265,20.27,10
266,20.68,10
267,21.59,10
268,21.39,10
269,21.94,10
270,22.09,10
271,22.41,10
272,22.98,10
273,23.16,10
274,22.29,10
275,21.68,10
276,21.79,10
277,21.42,10
278,21.79,10
279,21.65,9
280,21.24,9
281,20.57,9
282,20.47,9
283,19.82,9
284,19.68,9
285,19.93,9
286,19.8,9
287,20.62,9
288,20.62,9
289,20.71,9
290,20.98,9
291,21.04,9
292,21.52,9
293,21.44,9
294,21.13,9
295,20.87,9
296,20.81,9
297,21.97,9
298,21.88,9
299,22.29,9
300,22.29,9
301,21.7,9
302,21.47,9
303,20.59,9
304,20.06,9
305,19.86,9
306,20.19,9
307,20.28,9
308,20.79,9
309,21.01,9
310,20.58,9
311,20.04,9
312,20.17,9
313,20.81,9
314,20.72,9
315,19.57,9
316,20.06,9
317,20.24,9
318,20.77,9
319,21.76,9
320,21.54,9
321,21.73,9
322,21.7,9
323,21.18,9
324,20.98,9
325,21.3,9
326,21.12,9
327,21.08,9
328,21.09,9
329,20.97,9
330,21.23,9
331,21.52,9
332,21.58,9
333,21.99,9
334,21.94,9
335,22.18,9
336,21.69,9
337,21.81,9
338,22.45,9
339,22.28,9
340,22.25,9
341,22.01,9
342,22.43,9
343,22.35,9
344,22.23,9
345,21.75,9
346,21.16,9
347,20.38,9
348,20.26,9
349,20.12,9
350,19.92,9
351,19.93,9
352,18.81,9
353,18.35,9
354,18.58,9
355,18.96,9
356,19.29,9
357,19.56,9
358,19.55,9
359,19.23,9
360,19.04,9
361,18.87,9
362,19.49,9
363,20.29,9
364,20.93,9
365,21.78,9
366,20.39,9
367,20.75,9
368,20.53,9
369,21.06,9
370,21.16,9
371,21.4,9
372,21.76,9
373,21.48,9
374,21.77,9
375,20.16,9
376,19.48,9
377,19.11,9
378,18.9,9
379,19.46,9
380,20.13,9
381,20.06,9
382,20.23,9
383,20.33,9
384,20.63,9
385,20.48,9
386,20.39,9
387,20.03,9
388,19.83,9
389,20.51,9
390,20.3,9
391,20.57,9
392,20.46,9
393,19.45,9
394,20.22,9
395,20.69,9
396,20.39,9
397,19.63,8
398,19.79,8
399,20.1,8
400,20.58,8
401,19.63,8
402,19.24,8
403,18.96,8
404,19.22,8
405,19.38,8
406,19.79,8
407,19.63,8
408,20.17,8
409,20.09,8
410,20.54,8
411,20.79,8
412,20.29,8
413,19.64,8
414,19.83,8
415,18.78,8
416,18.29,8
417,17.59,8
418,16.94,8
419,17.17,8
420,17.25,8
421,17.8,8
422,18.04,8
423,17.52,8
424,17.94,8
425,17.28,8
426,17.35,8
427,17.47,7
428,17.1,7
429,17.83,7
430,17.22,7
431,17.49,7
432,18.11,7
433,17.92,7
434,18.14,7
435,18.17,7
436,17.75,7
437,17.95,7
438,18.08,7
439,17.98,7
440,17.57,7
441,17.44,7
442,16.71,7
443,16.99,7
444,17.46,7
445,18.07,7
446,17.97,7
447,18.36,7
448,18.12,7
449,17.58,7
450,18.0,7
451,17.15,7
452,16.45,7
453,17.04,7
454,16.86,7
455,17.11,7
456,16.91,7
457,16.74,7
458,16.49,7
459,16.82,7
460,17.3,7
461,18.12,7
462,18.27,7
463,18.51,7
464,18.11,7
465,18.97,7
466,19.37,7
467,19.65,7
468,19.45,7
469,19.4,7
470,19.18,7
471,19.42,7
472,19.71,7
473,19.96,7
474,19.01,7
475,19.11,7
476,19.73,7
477,19.46,7
478,19.35,7
479,19.16,7
480,19.4,7
481,19.29,7
482,20.09,7
483,20.35,7
484,20.48,7
485,19.6,7
486,19.3,7
487,19.06,7
488,18.82,7
489,18.65,7
490,19.26,7
491,18.97,7
492,18.59,7
493,18.64,7
494,18.44,7
495,17.67,6
496,16.97,6
497,16.0,6
498,16.6,6
499,16.52,6
500,16.95,6
501,17.39,6
502,16.92,6
503,16.89,6
504,17.51,6
505,17.09,6
506,16.84,6
507,16.79,6
508,16.36,6
509,16.44,6
510,16.02,6
511,16.34,6
512,16.43,6
513,17.32,6
514,17.76,6
515,16.81,6
516,17.25,6
517,16.32,6
518,15.6,6
519,15.97,6
520,16.66,6
521,16.92,6
522,17.7,6
523,17.17,6
524,17.03,6
525,16.06,6
526,16.33,6
527,16.58,6
528,17.12,6
529,17.34,6
530,17.61,6
531,17.53,6
532,17.51,6
533,17.83,6
534,17.8,6
535,17.89,6
536,17.91,6
537,16.87,6
538,17.09,6
539,16.65,6
540,16.71,6
541,17.19,6
542,17.75,6
543,17.91,6
544,17.75,6
545,18.37,6
546,18.2,6
547,18.42,6
548,18.05,6
549,18.41,6
550,18.71,6
551,19.12,6
552,19.22,6
553,18.63,6
554,18.94,6
555,18.8,6
556,18.97,6
557,19.67,6
558,19.31,6
559,19.24,6
560,18.8,6
561,18.1,6
562,17.61,6
563,17.05,6
564,16.43,6
565,16.21,6
566,15.84,6
567,15.95,6
568,16.26,6
569,16.8,6
570,16.47,6
571,16.37,6
572,16.56,6
573,16.72,6
574,17.14,6
575,17.53,6
576,17.97,6
577,18.4,6
578,17.7,6
579,17.72,6
580,18.28,6
581,18.46,6
582,18.7,6
583,17.67,6
584,18.15,6
585,18.22,6
586,18.66,6
587,18.61,6
588,17.84,6
589,17.64,6
590,17.85,6
591,18.63,6
592,19.24,6
593,18.59,6
594,18.47,6
595,18.6,6
596,18.67,6
597,19.13,6
598,19.94,6
599,19.0,6
600,18.52,6
601,17.86,6
602,17.1,6
603,17.1,6
604,16.77,6
605,17.18,6
606,17.16,6
607,17.07,6
608,17.66,6
609,17.87,6
610,17.91,6
611,18.68,6
612,18.5,6
613,18.65,6
614,18.51,6
615,18.77,6
616,19.2,6
617,18.85,6
618,18.35,6
619,18.17,6
620,17.09,6
621,16.55,6
622,16.55,6
623,16.56,6
624,15.92,6
625,15.43,6
626,15.81,6
627,17.04,6
628,17.12,6
629,16.79,6
630,17.01,6
631,16.73,6
632,15.95,6
633,15.5,6
634,15.55,6
635,14.61,6
636,14.54,6
637,14.8,6
638,14.58,6
639,15.11,6
640,15.54,6
641,16.57,6
642,16.64,6
643,17.22,6
644,17.32,6
645,17.28,6
646,17.3,6
647,17.57,6
648,17.63,6
649,17.1,6
650,16.73,6
651,16.98,6
652,16.64,6
653,16.91,6
654,17.03,6
655,17.02,6
656,18.07,6
657,17.71,6
658,18.16,6
659,17.24,6
660,17.75,6
661,18.55,6
662,19.25,6
663,18.59,6
664,18.89,6
665,18.75,6
666,18.13,6
667,17.64,6
668,16.97,6
669,16.68,6
670,16.49,6
671,16.61,6
672,16.45,6
673,16.44,6
674,16.44,6
675,17.32,6
676,17.38,6
677,17.99,6
678,18.25,6
679,17.62,6
680,18.06,6
681,18.74,6
682,18.37,6
683,17.28,6
684,16.81,6
685,16.46,6
686,16.49,6
687,16.11,5
688,16.67,5
689,16.91,5
690,16.96,5
691,16.83,5
692,16.64,5
693,16.65,5
694,16.71,5
695,17.03,5
696,17.63,5
697,17.69,5
698,18.11,5
699,18.21,5
700,18.27,5
701,17.54,5
702,17.26,5
703,17.75,5
704,17.25,5
705,17.7,5
706,17.32,5
707,17.56,5
708,17.07,5
709,17.53,5
710,16.85,5
711,15.52,5
712,15.69,5
713,15.9,5
714,16.11,5
715,16.08,5
716,16.0,5
717,16.2,5
718,15.59,5
719,16.05,5
720,17.24,5
721,17.09,5
722,16.89,5
723,16.99,5
724,17.29,5
725,16.93,5
726,17.01,5
727,17.67,5
728,17.98,5
729,18.01,5
730,17.57,5
731,17.55,5
732,16.67,5
733,16.52,5
734,16.63,5
735,16.73,5
736,16.64,5
737,16.75,5
738,17.17,5
739,17.4,5
740,18.0,5
741,17.77,5
742,17.22,5
743,16.83,5
744,16.89,5
745,17.18,5
746,17.16,5
747,16.12,5
748,16.7,5
749,17.12,5
750,17.01,5
751,17.21,5
752,17.67,5
753,17.16,5
754,17.83,5
755,18.18,5
756,18.24,5
757,18.49,5
758,18.46,5
759,17.39,5
760,16.44,5
761,16.65,5
762,17.0,5
763,16.95,5
764,16.88,5
765,16.63,5
766,15.95,5
767,14.99,5
768,14.83,5
769,15.41,5
770,15.2,5
771,15.52,5
772,15.37,5
773,15.44,5
774,15.63,5
775,15.82,5
776,16.26,5
777,17.06,5
778,17.01,5
779,17.26,5
780,16.76,5
781,17.11,5
782,16.79,5
783,16.23,5
784,16.43,5
785,16.13,5
786,16.12,5
787,15.85,5
788,16.44,5
789,16.06,5
790,16.59,5
791,16.76,5
792,16.76,5
793,16.56,5
794,16.77,5
795,16.61,5
796,16.54,5
797,16.81,5
798,17.36,5
799,17.29,5
800,17.02,5
801,17.1,5
802,17.1,5
803,17.71,5
804,18.03,5
805,17.96,5
806,18.04,5
807,17.84,5
808,17.22,5
809,17.0,5
810,16.76,5
811,16.74,5
812,18.15,5
813,18.83,5
814,19.09,5
815,19.18,5
816,18.49,5
817,17.68,5
818,17.77,5
819,17.59,5
820,17.51,5
821,16.77,5
822,16.29,5
823,16.2,5
824,16.59,5
825,17.01,5
826,17.19,5
827,17.42,5
828,18.18,5
829,18.27,5
830,18.26,5
831,18.82,5
832,18.99,5
833,19.13,5
834,18.89,5
835,19.32,5
836,19.34,5
837,18.9,5
838,17.92,5
839,17.53,5
840,16.36,5
841,15.47,5
842,15.37,5
843,14.89,5
844,15.41,5
845,15.3,5
846,15.85,5
847,16.01,5
848,16.47,5
849,17.11,5
850,17.56,5
851,17.49,5
852,16.34,5
853,16.43,5
854,16.73,5
855,16.88,5
856,17.03,5
857,16.8,5
858,16.88,5
859,17.25,5
860,17.27,5
861,17.32,5
862,17.61,5
863,17.08,5
864,16.55,5
865,16.82,5
866,16.75,5
867,17.04,5
868,17.08,5
869,17.06,5
870,16.59,5
871,15.91,5
872,15.55,5
873,15.89,5
874,15.93,5
875,15.5,5
876,15.51,4
877,15.54,4
878,15.46,4
879,15.71,4
880,15.63,4
881,15.54,4
882,15.51,4
883,15.65,4
884,15.7,4
885,15.66,4
886,15.33,4
887,15.67,4
888,15.13,4
889,15.34,4
890,15.88,4
891,15.15,4
892,15.39,4
893,16.22,4
894,15.75,4
895,15.55,4
896,15.37,4
897,15.95,4
898,14.65,4
899,14.59,4
900,14.31,4
901,14.41,4
902,15.05,4
903,15.14,4
904,14.48,4
905,14.33,4
906,14.44,4
907,14.86,4
908,14.89,4
909,15.59,4
910,16.63,4
911,16.21,4
912,16.54,4
913,15.49,4
914,15.21,4
915,15.25,4
916,15.42,4
917,14.85,4
918,15.15,4
919,14.83,4
920,14.63,4
921,14.41,4
922,14.35,4
923,13.91,4
924,14.11,4
925,14.61,4
926,14.59,4
927,14.7,4
928,15.31,4
929,15.2,4
930,14.9,4
931,15.13,4
932,15.35,4
933,15.28,4
934,15.6,4
935,15.83,4
936,16.05,4
937,16.41,4
938,15.5,4
939,15.53,4
940,16.0,4
941,16.23,4
942,16.42,4
943,16.94,4
944,16.82,4
945,17.04,4
946,16.66,4
947,16.41,4
948,15.37,4
949,15.64,4
950,16.3,4
951,16.42,4
952,16.99,4
953,17.69,4
954,17.45,4
955,17.81,4
956,17.55,4
957,18.24,4
958,17.93,4
959,17.38,4
960,16.84,4
961,16.45,4
962,15.9,4
963,15.4,4
964,15.57,4
965,15.62,4
966,15.72,4
967,15.67,4
968,15.62,4
969,15.59,4
970,15.85,4
971,15.3,4
972,15.3,4
973,15.51,4
974,15.44,4
975,15.3,4
976,15.21,4
977,15.84,4
978,15.46,4
979,16.07,4
980,16.51,4
981,16.44,4
982,16.27,4
983,15.85,4
984,15.81,4
985,16.17,4
986,16.38,4
987,16.88,4
988,17.2,4
989,17.48,4
990,18.0,4
991,17.45,4
992,17.41,4
993,16.96,4
994,16.66,4
995,17.16,4
996,16.32,4
997,15.22,4
998,14.59,4
999,14.45,4
