Figure: medium_2
File Number: 25
Nodes: 100
Edges: 2467
Max Generations: 1000
Population Size: 100
Mutation Rate: 0.01
Colors Used: 26
Runtime: 4.57

Generation,Average Fitness,Best Fitness
0,99.7,76
1,95.91,76
2,93.68,76
3,92.79,76
4,89.7,76
5,88.63,76
6,85.95,70
7,86.18,69
8,85.12,68
9,82.34,66
10,80.51,63
11,79.73,62
12,77.9,62
13,78.17,59
14,76.65,59
15,74.49,59
16,73.0,57
17,71.07,56
18,68.16,56
19,66.87,56
20,65.26,54
21,62.92,54
22,60.64,53
23,59.56,51
24,58.05,50
25,56.83,45
26,55.74,45
27,55.29,45
28,54.17,45
29,53.36,45
30,51.99,44
31,50.99,38
32,50.2,38
33,49.98,38
34,48.6,38
35,47.18,38
36,46.2,38
37,45.5,37
38,45.34,35
39,44.61,32
40,43.08,32
41,41.71,32
42,41.23,32
43,40.7,32
44,40.48,32
45,40.04,32
46,39.76,32
47,38.43,32
48,37.5,30
49,36.84,30
50,36.28,30
51,35.83,30
52,35.52,29
53,34.74,27
54,33.94,27
55,33.93,27
56,33.69,27
57,32.93,26
58,32.54,26
59,32.3,26
60,31.98,25
61,31.38,25
62,30.84,25
63,30.47,25
64,30.4,25
65,29.93,25
66,29.53,25
67,29.85,24
68,29.98,24
69,29.6,23
70,29.32,23
71,29.51,23
72,29.13,22
73,29.14,22
74,28.88,22
75,29.17,22
76,29.4,22
77,29.53,22
78,29.49,22
79,29.58,22
80,28.99,22
81,28.56,21
82,28.72,21
83,27.77,21
84,27.39,21
85,27.99,21
86,27.62,20
87,27.58,20
88,27.67,19
89,27.18,19
90,26.97,18
91,25.86,18
92,25.33,17
93,24.85,16
94,24.65,16
95,24.2,16
96,23.6,16
97,22.98,15
98,22.34,15
99,21.76,14
100,20.74,14
101,20.33,14
102,20.23,14
103,20.03,14
104,19.56,13
105,18.97,13
106,18.42,13
107,18.02,13
108,17.94,13
109,18.14,11
110,17.47,11
111,17.33,11
112,17.28,11
113,17.29,11
114,17.35,10
115,16.84,10
116,17.19,10
117,16.72,10
118,16.41,10
119,16.59,10
120,16.89,10
121,16.64,10
122,16.36,10
123,16.03,10
124,16.1,10
125,15.94,10
126,15.7,10
127,16.13,10
128,15.23,10
129,15.14,10
130,14.95,9
131,14.72,9
132,14.53,9
133,14.98,9
134,14.81,9
135,14.19,8
136,13.52,7
137,13.51,7
138,14.04,7
139,14.06,7
140,14.2,7
141,13.84,7
142,13.83,7
143,13.31,7
144,13.63,7
145,13.28,7
146,13.6,6
147,13.54,6
148,12.83,6
149,12.19,6
150,12.43,6
151,12.97,6
152,12.63,6
153,12.35,6
154,12.38,6
155,12.06,6
156,11.37,6
157,11.12,6
158,10.38,6
159,10.19,6
160,10.58,6
161,10.46,6
162,10.2,5
163,10.52,5
164,10.52,5
165,10.64,5
166,10.63,5
167,10.95,5
168,10.49,5
169,10.7,5
170,10.48,5
171,10.47,5
172,10.03,5
173,10.58,5
174,11.06,5
175,10.74,5
176,10.96,5
177,10.79,5
178,11.2,5
179,11.16,5
180,10.69,4
181,10.59,4
182,10.29,4
183,10.97,4
184,11.02,4
185,10.99,4
186,10.61,4
187,10.63,4
188,10.45,4
189,10.8,4
190,11.05,4
191,11.18,4
192,10.82,4
193,10.12,4
194,9.67,4
195,9.95,4
196,10.08,4
197,9.75,4
198,9.09,4
199,8.92,4
200,9.25,4
201,8.74,4
202,9.06,4
203,9.22,4
204,9.32,4
205,9.27,4
206,9.5,3
207,9.41,3
208,9.02,3
209,9.04,3
210,8.69,3
211,9.07,3
212,9.19,3
213,9.35,3
214,9.45,3
215,9.64,3
216,9.45,3
217,9.66,3
218,9.63,3
219,9.61,3
220,9.5,3
221,9.16,3
222,8.65,3
223,8.72,3
224,8.98,3
225,8.68,3
226,8.63,3
227,8.89,3
228,9.02,3
229,9.23,3
230,8.81,3
231,8.3,3
232,8.61,3
233,9.17,3
234,9.17,3
235,8.75,3
236,9.34,3
237,9.83,3
238,9.16,3
239,8.93,3
240,8.53,3
241,8.6,3
242,8.9,3
243,9.0,3
244,9.08,3
245,9.5,3
246,9.58,3
247,9.43,3
248,8.65,3
249,8.31,3
250,9.25,3
251,9.19,3
252,8.74,3
253,8.35,3
254,8.14,3
255,8.38,3
256,8.62,3
257,8.36,3
258,8.37,3
259,8.94,3
260,9.07,3
261,8.36,3
262,8.15,3
263,8.52,3
264,9.08,3
265,9.19,3
266,9.1,3
267,8.88,3
268,8.46,3
269,8.61,3
270,8.87,3
271,9.19,3
272,8.76,3
273,8.92,3
274,8.8,3
275,8.74,3
276,8.8,3
277,8.81,3
278,8.22,3
279,8.27,3
280,8.22,3
281,8.55,3
282,8.37,3
283,8.13,3
284,8.38,3
285,8.28,3
286,8.53,3
287,9.0,3
288,8.64,3
289,8.39,3
290,8.11,3
291,8.21,3
292,7.56,3
293,7.28,3
294,7.84,3
295,8.35,2
296,8.64,2
297,8.04,2
298,8.37,2
299,8.32,2
300,7.94,2
301,8.46,2
302,8.33,2
303,8.11,2
304,8.2,2
305,8.21,2
306,8.71,2
307,8.24,2
308,9.25,2
309,8.53,2
310,8.17,2
311,8.65,2
312,8.71,2
313,8.83,2
314,8.95,2
315,8.96,2
316,8.75,2
317,7.51,2
318,6.98,2
319,6.85,2
320,7.22,2
321,6.64,2
322,6.44,2
323,6.9,2
324,6.69,2
325,6.86,2
326,7.3,2
327,7.04,2
328,7.38,2
329,6.73,2
330,6.61,2
331,6.48,1
332,6.9,1
333,6.89,1
334,7.14,1
335,7.97,1
336,7.71,1
337,7.04,1
338,7.22,1
339,7.25,1
340,6.8,1
341,6.66,1
342,7.15,1
343,6.88,1
344,6.52,1
345,6.7,1
346,6.8,1
347,6.97,1
348,6.41,1
349,6.76,1
350,6.86,1
351,7.12,1
352,6.93,1
353,6.24,1
354,6.23,1
355,6.12,1
356,6.21,1
357,6.09,1
358,6.88,1
359,6.99,1
360,6.79,1
361,5.9,1
362,5.79,1
363,6.13,1
364,5.56,1
365,5.71,1
366,6.37,1
367,7.15,1
368,7.35,1
369,6.91,1
370,6.85,1
371,7.06,1
372,7.12,1
373,6.77,1
374,6.77,1
375,7.32,1
376,6.36,1
377,6.58,1
378,6.37,1
379,6.15,1
380,6.19,1
381,5.64,1
382,5.81,1
383,5.71,1
384,5.5,1
385,5.97,1
386,6.16,1
387,6.06,1
388,6.38,1
389,6.29,1
390,6.14,1
391,7.11,1
392,7.44,1
393,7.33,1
394,7.06,1
395,7.63,1
396,7.08,1
397,6.37,1
398,6.77,1
399,7.45,1
400,7.6,1
401,7.3,1
402,7.35,1
403,7.49,1
404,7.89,1
405,7.95,1
406,7.74,1
407,7.43,1
408,7.48,1
409,6.77,1
410,6.76,1
411,6.53,1
412,6.39,1
413,6.08,1
414,6.02,1
415,5.96,1
416,6.05,1
417,6.41,1
418,6.21,1
419,6.21,1
420,5.88,1
421,5.76,1
422,5.88,1
423,6.06,1
424,6.27,1
425,6.0,1
426,6.21,1
427,6.4,1
428,6.32,1
429,6.1,1
430,5.8,1
431,5.44,1
432,5.48,1
433,5.29,1
434,5.99,1
435,5.88,1
436,5.47,1
437,5.73,1
438,5.65,1
439,5.65,1
440,5.39,1
441,5.63,1
442,6.44,1
443,6.13,1
444,6.32,1
445,6.15,1
446,6.09,1
447,6.06,1
448,6.04,1
449,5.83,1
450,6.05,1
451,6.04,1
452,5.91,1
453,6.33,1
454,6.76,1
455,6.72,1
456,7.33,1
457,7.47,1
458,8.03,1
459,7.41,1
460,7.06,1
461,7.71,1
462,7.41,1
463,6.74,1
464,7.21,1
465,6.81,1
466,7.28,1
467,7.13,1
468,6.58,1
469,6.55,1
470,7.03,1
471,6.82,1
472,7.04,1
473,6.9,1
474,6.57,1
475,6.65,1
476,6.9,1
477,7.09,1
478,7.1,1
479,6.5,1
480,7.02,1
481,7.14,1
482,6.9,1
483,7.15,1
484,6.88,1
485,6.56,1
486,6.56,1
487,7.2,1
488,7.19,1
489,6.9,1
490,7.34,1
491,6.77,1
492,6.99,1
493,6.05,1
494,6.11,1
495,6.37,1
496,6.34,1
497,6.19,1
498,6.42,1
499,6.72,1
500,6.96,1
501,7.46,1
502,7.26,1
503,7.1,1
504,6.88,1
505,6.95,1
506,7.51,1
507,8.41,1
508,7.9,1
509,7.55,1
510,7.11,1
511,7.18,1
512,5.94,1
513,5.63,1
514,5.58,1
515,5.74,1
516,5.88,1
517,5.96,1
518,6.57,1
519,6.56,1
520,6.7,1
521,6.47,1
522,6.33,1
523,6.15,1
524,6.66,1
525,7.0,1
526,7.09,1
527,7.41,1
528,6.89,1
529,6.79,1
530,5.68,1
531,5.79,1
532,6.01,1
533,5.98,1
534,6.43,1
535,6.42,1
536,6.63,1
537,6.24,1
538,6.16,1
539,5.63,1
540,5.69,1
541,5.84,1
542,6.51,1
543,6.41,1
544,6.32,1
545,6.31,1
546,5.98,1
547,6.14,1
548,6.0,1
549,6.18,1
550,5.66,1
551,5.44,1
552,5.5,1
553,5.24,1
554,5.23,1
555,5.28,1
556,5.15,1
557,5.54,1
558,6.12,1
559,6.63,1
560,6.41,1
561,6.04,1
562,6.46,1
563,6.73,1
564,6.07,1
565,6.6,1
566,6.01,1
567,6.27,1
568,6.48,1
569,6.93,1
570,6.7,1
571,7.19,1
572,7.16,1
573,7.03,1
574,6.43,1
575,6.65,1
576,6.38,1
577,6.35,1
578,6.22,1
579,6.36,1
580,6.72,1
581,6.57,1
582,6.83,1
583,6.67,1
584,6.58,1
585,6.64,1
586,7.21,1
587,7.62,1
588,7.73,1
589,7.44,1
590,8.22,1
591,8.08,1
592,7.25,1
593,7.37,1
594,7.08,1
595,7.22,1
596,7.55,1
597,7.26,1
598,7.34,1
599,7.23,1
600,7.67,1
601,7.88,1
602,7.08,1
603,6.63,1
604,6.41,1
605,6.76,1
606,6.89,1
607,6.8,1
608,6.56,1
609,6.26,1
610,6.53,1
611,6.49,1
612,6.13,1
613,6.26,1
614,6.0,1
615,5.95,1
616,6.16,1
617,4.93,1
618,5.24,1
619,5.06,1
620,5.57,1
621,5.49,1
622,5.12,1
623,5.42,1
624,5.77,1
625,5.68,1
626,6.0,1
627,5.85,1
628,6.02,1
629,5.6,1
630,5.51,1
631,5.59,1
632,5.91,1
633,5.78,1
634,6.0,1
635,6.29,1
636,6.12,1
637,6.0,1
638,6.48,1
639,6.66,1
640,6.68,1
641,6.16,1
642,6.64,1
643,6.77,1
644,6.12,1
645,6.28,1
646,6.11,1
647,7.01,1
648,6.89,1
649,6.77,1
650,6.85,1
651,7.04,1
652,6.7,1
653,6.47,1
654,6.37,1
655,6.73,1
656,7.12,1
657,7.12,1
658,7.23,1
659,7.32,1
660,7.07,1
661,7.06,1
662,6.54,1
663,6.47,1
664,6.35,1
665,6.58,1
666,6.7,1
667,6.38,1
668,6.12,1
669,5.93,1
670,6.35,1
671,6.32,1
672,5.69,1
673,6.29,1
674,6.14,1
675,6.45,1
676,6.78,1
677,5.94,1
678,5.88,1
679,6.01,1
680,5.6,1
681,6.05,1
682,5.98,1
683,6.83,1
684,6.36,1
685,6.45,1
686,7.07,1
687,7.25,1
688,6.89,1
689,7.16,1
690,7.05,1
691,7.55,1
692,7.36,1
693,6.96,1
694,6.3,1
695,6.24,1
696,5.89,1
697,5.86,1
698,5.35,1
699,5.64,1
700,5.55,1
701,6.44,1
702,6.18,1
703,6.17,1
704,6.07,1
705,6.09,1
706,5.91,1
707,5.71,1
708,6.03,1
709,5.78,1
710,5.97,1
711,5.95,1
712,6.02,1
713,5.84,1
714,6.65,1
715,6.71,1
716,7.17,1
717,6.84,1
718,6.74,1
719,6.55,1
720,5.32,1
721,5.23,1
722,5.16,1
723,5.52,1
724,5.53,1
725,5.51,1
726,5.46,1
727,5.57,1
728,5.37,1
729,5.67,1
730,5.69,1
731,5.62,1
732,6.05,1
733,6.5,1
734,6.73,1
735,6.56,1
736,6.31,1
737,6.35,1
738,6.43,1
739,5.69,1
740,6.12,1
741,6.08,1
742,6.0,1
743,6.0,1
744,6.47,1
745,6.17,1
746,6.04,1
747,6.43,1
748,6.47,1
749,6.72,1
750,7.22,1
751,6.61,1
752,6.4,1
753,6.14,1
754,5.97,1
755,6.14,1
756,6.45,1
757,6.22,1
758,6.14,1
759,6.43,1
760,6.92,1
761,6.9,1
762,7.15,1
763,6.87,1
764,7.1,1
765,6.77,1
766,6.88,1
767,7.16,1
768,7.12,1
769,6.73,1
770,7.12,1
771,6.73,1
772,6.67,1
773,6.72,1
774,6.68,1
775,7.1,1
776,6.74,1
777,6.55,1
778,6.34,1
779,6.53,1
780,6.18,1
781,6.51,1
782,6.66,1
783,6.77,1
784,6.82,1
785,6.83,1
786,7.05,1
787,6.83,1
788,6.82,1
789,6.77,1
790,6.61,1
791,6.88,1
792,6.43,1
793,6.78,1
794,7.23,1
795,7.3,1
796,7.25,1
797,7.53,1
798,7.59,1
799,7.59,1
800,6.71,1
801,6.46,1
802,6.34,1
803,6.29,1
804,6.23,1
805,6.7,1
806,6.58,1
807,6.64,1
808,6.29,1
809,6.31,1
810,6.69,1
811,6.27,1
812,5.93,1
813,6.19,1
814,6.06,1
815,6.43,1
816,5.98,1
817,6.29,1
818,6.2,1
819,6.4,1
820,6.24,1
821,6.63,1
822,6.43,1
823,6.05,1
824,6.35,1
825,6.03,1
826,5.72,1
827,5.75,1
828,6.27,1
829,5.74,1
830,6.19,1
831,5.83,1
832,6.71,1
833,6.67,1
834,6.95,1
835,7.11,1
836,7.41,1
837,7.16,1
838,6.46,1
839,6.07,1
840,6.62,1
841,6.34,1
842,6.11,1
843,6.09,1
844,6.37,1
845,6.62,1
846,6.14,1
847,6.44,1
848,6.29,1
849,6.15,1
850,6.48,1
851,6.97,1
852,7.43,1
853,6.98,1
854,7.2,1
855,7.32,1
856,7.3,1
857,7.11,1
858,6.67,1
859,6.97,1
860,6.43,1
861,6.8,1
862,6.72,1
863,6.79,1
864,6.22,1
865,6.37,1
866,6.35,1
867,6.42,1
868,7.05,1
869,7.12,1
870,7.65,1
871,7.11,1
872,7.75,1
873,7.22,1
874,6.95,1
875,6.85,1
876,6.54,1
877,7.22,1
878,6.77,1
879,7.27,1
880,6.62,1
881,6.59,1
882,6.39,1
883,6.43,1
884,7.25,1
885,6.96,1
886,7.13,1
887,7.0,1
888,7.21,1
889,6.85,1
890,7.06,1
891,6.69,1
892,6.52,1
893,6.52,1
894,6.15,1
895,5.91,1
896,5.32,1
897,5.38,1
898,4.99,1
899,5.66,1
900,5.87,1
901,5.7,1
902,6.36,1
903,6.73,1
904,6.65,1
905,6.72,1
906,6.79,1
907,6.49,1
908,6.43,1
909,6.53,1
910,6.75,1
911,7.12,1
912,7.28,1
913,6.62,1
914,6.54,1
915,5.89,1
916,6.05,1
917,6.42,1
918,6.73,1
919,6.05,1
920,5.23,1
921,5.5,1
922,5.59,1
923,5.78,1
924,6.28,1
925,6.45,1
926,5.92,1
927,6.21,1
928,6.2,1
929,6.37,1
930,6.1,1
931,5.59,1
932,5.91,1
933,6.12,1
934,6.25,1
935,6.45,1
936,6.07,1
937,5.77,1
938,5.95,1
939,6.08,1
940,5.9,1
941,5.46,1
942,4.45,1
943,4.88,1
944,5.23,1
945,5.92,1
946,6.18,1
947,6.25,1
948,6.52,1
949,6.71,1
950,6.97,1
951,6.63,1
952,6.94,1
953,7.1,1
954,6.96,1
955,7.08,1
956,7.15,1
957,6.9,1
958,6.46,1
959,6.48,1
960,6.46,1
961,6.8,1
962,6.47,1
963,6.74,1
964,6.05,1
965,6.15,1
966,6.57,1
967,6.38,1
968,6.52,1
969,6.5,1
970,6.41,1
971,6.17,1
972,5.85,1
973,6.06,1
974,6.18,1
975,6.77,1
976,6.48,1
977,6.44,1
978,6.22,1
979,6.9,1
980,6.51,1
981,6.84,1
982,7.27,1
983,6.99,1
984,7.3,1
985,7.78,1
986,7.43,1
987,7.1,1
988,7.18,1
989,6.52,1
990,6.41,1
991,6.64,1
992,6.17,1
993,6.03,1
994,6.39,1
995,6.73,1
996,6.52,1
997,7.29,1
998,6.65,1
999,6.43,1
